//fileLoc: inputData/gradient13.png
//fluxMulti: 3.0 channelCutOff: 10
//wk_fmin: 0.0 wk_fmax: 0.5
//total_mass_shift: 210.5
//colorstage1: 2 colorstage2: 3
# 83
avgCurve 0.18898943

c 0 34.079163
p 0 51 43.38726 0.017017365
p 0 52 43.42363 -0.0874939
p 0 53 43.42363 -0.05965805
p 1 54 43.446095 -0.033332825
p 0 55 43.463886 0.029972076
p 0 56 43.463886 -0.027187347
p 1 57 43.568104 -0.07892227
p 1 58 43.595478 -0.06436157
p 2 59 43.706112 -0.08899689
p 3 60 43.733963 -0.01842308
p 3 61 43.733963 0.6040249
p 4 62 43.786945 5.041256
p 3 63 44.55957 -6.164156
p 3 64 60.43381 -1.9266853
p 3 65 77.46642 -0.38093948

c 1 29.629898
p 0 188 73.058014 -1.8582077
p 1 189 69.46604 -24.178375
p 0 190 55.38687 14.664505
p 1 191 46.48459 -15.994007
p 0 192 45.842384 34.111427
p 1 193 45.367985 7.1815376
p 2 194 44.932175 0.2324028
p 3 195 44.493694 0.05149269
p 4 196 44.26174 0.06152916
p 4 197 43.93427 -0.021184921
p 3 198 43.749634 -0.12618637
p 2 199 43.672234 0.019403458
p 3 200 43.616295 -0.029047012
p 3 201 43.49795 -0.09736061
p 2 202 43.46549 0.026664734
p 1 202 43.448166 -0.0064468384
p 0 203 43.428116 -0.036987305
p 0 204 43.428116 -0.014160156

c 2 31.073418
p 0 188 73.058014 15.364151
p 1 187 77.19245 -21.867493
p 2 186 79.46868 -17.74149
p 3 185 82.19336 -13.611156
p 4 184 86.7784 -9.43512
p 5 183 89.49007 -4.2068024
p 4 182 95.84045 1.7688599
p 4 181 96.37472 0.04965973
p 5 180 97.9628 -1.0804749
p 6 179 99.5963 -1.3560715
p 7 178 101.24059 -0.54758835
p 6 177 101.96361 0.74347687
p 7 176 102.668564 -0.04808426
p 6 175 102.73265 -0.97566986
p 5 174 103.17759 -0.20910645
p 6 173 103.76953 0.45849228
p 5 172 104.05604 -0.00825119
p 4 171 104.0945 -0.021957397
p 3 170 104.103836 -0.012229919
p 4 169 104.11244 -0.08266449
p 5 168 104.12779 -0.0011253357
p 6 167 104.13143 0.00786972

c 3 60.81508
p 1 83 104.07724 -0.044410706
p 2 82 104.03586 -0.029647827
p 3 81 104.03586 -0.07299423
p 4 80 103.89553 -0.19010162
p 4 79 103.613106 -0.52142334
p 3 78 103.04768 -0.1714592
p 3 77 102.10908 -0.24771118
p 4 76 99.84734 -1.1005325
p 5 75 99.277664 -0.25081635
p 5 74 98.77038 -0.76903534
p 6 73 94.42829 -6.0083923
p 7 72 92.541824 -8.62603
p 8 71 90.730125 -6.776615
p 9 70 89.3594 -7.4435196
p 10 69 77.08228 -19.574852
p 11 68 68.738396 -26.375511
p 12 67 63.71744 -31.426514
p 13 66 57.226055 -30.01899
p 14 65 47.00318 -17.65639
p 13 64 46.053818 17.36045
p 14 63 45.519608 0.4159832
p 15 62 45.058445 3.6680908
p 16 61 44.639206 -0.04544258
p 15 60 44.312565 -0.02463913
p 14 59 44.106747 0.078840256
p 13 58 43.951015 -0.017210007
p 12 57 43.783894 -0.08802605
p 13 56 43.735577 0.040719986
p 12 55 43.640255 -0.04550934
p 12 54 43.600807 0.015958786
p 11 53 43.563454 -0.018857956
p 12 52 43.44786 -0.061052322
p 11 51 43.436047 -0.070272446
p 10 50 43.402317 -0.034633636
p 11 49 43.39982 0.013168335
p 10 48 43.35849 -0.024957657
p 11 47 43.328903 0.015678406
p 11 46 43.323795 0.021081924
p 10 45 43.294514 -0.05274582
p 9 44 43.288883 -0.030519485
p 8 43 43.281918 -0.043045044
p 8 42 43.26216 -0.11103439
p 8 41 43.26216 -0.037639618

c 4 0.6201935
p 9 195 43.965534 -0.01030159
p 9 196 43.9122 -0.048963547
p 10 197 43.82179 -0.051712036
p 11 198 43.735394 -0.010648727
p 12 199 43.680458 -0.06752968
p 11 200 43.667305 -0.026948929
p 12 201 43.595715 -0.027009964
p 11 202 43.499836 -0.0054016113
p 12 203 43.474293 -0.067495346
p 13 204 43.457443 0.03148651
p 12 205 43.42381 -0.025186539
p 13 206 43.42146 0.06011772
p 12 207 43.38463 -0.0405159
p 13 208 43.368828 0.07256508
p 13 209 43.34534 -0.031068802
p 14 208 43.34534 -0.0059719086

c 5 46.536354
p 11 185 90.02981 -9.249012
p 12 186 81.01363 -15.611065
p 13 187 78.54883 -18.668701
p 14 188 74.188126 -13.390469
p 13 189 68.43192 -6.1851463
p 14 190 54.637474 -25.929028
p 15 191 46.084232 -3.5740452
p 14 192 45.228035 19.157343
p 15 193 44.786087 5.671198
p 16 194 44.43417 3.491108
p 17 194 44.118507 1.5173836
p 18 195 43.997234 -0.12243271
p 18 196 43.879253 -0.023897171
p 19 197 43.773926 0.019174576
p 18 198 43.74027 0.009778976
p 18 199 43.699272 0.037366867
p 17 200 43.632988 0.010929108
p 16 201 43.556248 0.0029964447
p 15 202 43.529037 0.030721664
p 14 203 43.493454 -0.049489975

c 6 51.350773
p 17 74 94.63826 -2.7350044
p 18 73 92.29347 -8.29726
p 19 72 90.09479 -11.0083275
p 20 71 87.699165 -13.68935
p 21 70 80.66485 -12.291313
p 20 69 78.246704 -22.686195
p 19 68 74.980125 -24.629303
p 18 67 71.17182 -18.29269
p 19 66 66.681694 -30.414284
p 20 65 57.601448 -28.097591
p 21 64 47.01415 -9.164236
p 20 63 45.940483 19.34544
p 21 62 45.27516 4.196005
p 22 61 44.780643 1.5610695
p 23 60 44.429565 -0.033779144
p 24 59 44.113274 0.02284813
p 23 58 43.928455 -0.07608032
p 24 57 43.820713 0.052246094
p 23 56 43.74079 0.028598785
p 24 55 43.659855 -0.017936707
p 24 54 43.56102 -0.02123642
p 25 53 43.50055 0.015209198
p 26 52 43.471634 -0.030979156
p 26 51 43.461536 -0.058368683
p 27 50 43.386745 -0.042394638
p 26 49 43.377254 -0.06227112
p 25 48 43.347496 -0.015165329
p 24 47 43.332405 -0.03017044
p 25 46 43.320194 -0.0045814514
p 25 45 43.308403 -0.0062026978
p 24 44 43.287487 -0.01477623
p 25 43 43.287487 -0.04450798

c 7 59.53209
p 17 176 102.84117 0.014419556
p 18 177 102.220825 -0.57429886
p 17 178 101.720985 0.69281006
p 17 179 100.955986 -0.9389267
p 18 180 99.81422 -2.3085861
p 19 181 98.73729 -2.1229439
p 20 182 97.69617 -3.2363205
p 21 183 96.789345 -4.0157356
p 22 184 95.66506 -4.6818886
p 23 185 94.40211 -4.399189
p 24 186 91.20541 -5.1503944
p 23 187 88.90911 -4.5155716
p 24 188 86.290764 -4.3648834
p 23 189 82.79057 -4.5013504
p 24 190 75.03211 -1.6850471
p 23 191 60.111332 -7.9887238
p 22 192 49.26082 4.3509617
p 23 193 44.324005 4.607359
p 24 194 44.067177 2.3450832
p 23 195 43.934444 -0.109205246
p 23 196 43.784546 -0.07595444
p 23 197 43.751076 -0.07048035
p 22 198 43.705963 0.055725098
p 23 199 43.63876 -0.05929756
p 24 200 43.58739 -0.01873207
p 23 201 43.559105 -0.048294067
p 22 201 43.559105 -0.092905045
p 21 202 43.557396 -0.06663895
p 20 203 43.517258 -3.3187866E-4
p 19 204 43.492336 0.012151718
p 18 205 43.42464 -0.111896515
p 17 206 43.40915 0.029232025
p 18 207 43.37627 -0.13187599
p 19 208 43.368076 -0.084999084
p 19 209 43.358322 -0.0042819977
p 19 210 43.323425 -0.025924683
p 19 211 43.31446 -0.071201324
p 18 212 43.309082 -0.04604721
p 19 212 43.309082 0.02145195

c 8 8.367165
p 23 184 95.576805 -3.4874344
p 24 183 96.4946 -4.4255753
p 25 182 98.088684 -1.427742
p 25 181 99.520706 -1.1871223
p 24 180 101.379814 -0.2810707
p 24 179 101.53317 -1.497551
p 25 178 101.82364 -2.0001411
p 26 177 102.524895 -0.18583679
p 26 176 102.81073 -0.3822708
p 27 175 103.204025 -0.21059418
p 28 174 103.698044 -0.05838394
p 29 173 103.94397 -0.13825989

c 9 0.63666534
p 26 61 44.006428 3.2933273
p 27 60 43.99696 0.055379868
p 28 59 43.894485 0.07227707
p 29 58 43.76149 0.027469635
p 30 57 43.674995 0.015182495
p 29 56 43.599262 -0.08251381
p 30 55 43.596317 0.022699356
p 31 54 43.489296 -0.07047844
p 30 53 43.485806 -0.0011634827
p 29 52 43.46156 -0.087301254
p 30 51 43.43809 -0.0197258
p 29 50 43.428226 -0.008964539
p 29 49 43.369762 0.025802612
p 28 48 43.369762 -0.04881096

c 10 0.04309082
p 28 211 43.30673 -0.0054187775
p 29 211 43.30673 -0.009988785
p 30 212 43.30578 0.012872696
p 31 213 43.28029 -0.058998108
p 32 213 43.277756 -0.016220093
p 33 214 43.277756 -0.077423096
p 33 215 43.274963 -0.039606094
p 32 216 43.27395 -0.086595535
p 31 217 43.27395 0.042970657
p 30 216 43.263638 0.010967255
p 29 217 43.263638 0.02141571

c 11 60.70315
p 28 211 43.30673 -0.0071315765
p 29 210 43.317333 0.0023727417
p 29 209 43.368286 -0.047618866
p 29 208 43.380714 -0.008676529
p 29 207 43.418045 -0.0059757233
p 30 206 43.43208 -0.02602768
p 30 205 43.432613 -0.086639404
p 29 204 43.460316 -0.031318665
p 30 203 43.514034 -0.034275055
p 30 202 43.530025 -0.036081314
p 30 201 43.583633 -0.012823105
p 31 200 43.60575 -0.027456284
p 30 199 43.668434 0.09470558
p 31 198 43.750065 -0.050901413
p 31 197 43.86852 0.059698105
p 32 196 44.069412 -0.071762085
p 32 195 44.292015 -0.0072345734
p 32 194 44.65548 3.643629
p 33 193 45.191303 3.4440136
p 32 192 45.850002 -2.832407
p 31 191 46.65926 -12.206415
p 32 190 59.92557 -5.9105034
p 31 189 69.19977 -26.872578
p 30 188 73.46155 -15.285233
p 31 187 77.30262 -20.168674
p 32 186 80.26218 -19.319656
p 33 185 82.97647 -17.453182
p 34 184 86.08075 -6.022331
p 33 183 88.60646 3.3431206
p 34 182 91.20229 -7.973236
p 35 181 93.72517 -7.0831947
p 36 180 97.43331 -5.0443153
p 37 179 100.2047 -0.44412994
p 37 178 101.07587 -0.87916183
p 36 177 102.26157 -0.52503586
p 35 176 103.27076 -0.6232071
p 34 175 103.6904 -0.23154831
p 33 174 104.00988 -0.24538422

c 12 0.9392929
p 35 53 43.47035 -2.117157E-4
p 35 54 43.47035 -0.03832054
p 36 55 43.52741 0.011436462
p 36 56 43.596386 -0.047857285
p 35 57 43.722576 -0.04378128
p 36 58 43.739185 -0.07646179
p 35 59 43.81478 0.09108925
p 36 60 43.848953 -0.070085526
p 36 61 43.963486 0.84126854
p 37 62 44.115627 11.844492
p 38 63 44.40964 0.48095322

c 13 56.980675
p 38 74 100.40771 -3.1892624
p 39 73 97.2478 -5.441063
p 40 72 94.6918 -7.1738014
p 41 71 91.74013 -10.752731
p 42 70 87.821846 6.5949173
p 42 69 80.864784 -9.345215
p 43 68 74.95205 -20.351597
p 44 67 65.51666 -17.08551
p 43 66 61.419308 -4.196602
p 44 65 51.235485 -0.419075
p 43 64 46.53011 -11.5758
p 42 63 45.769047 1.9880505
p 43 62 45.14279 8.203484
p 44 61 44.660843 4.537693
p 45 60 44.230503 0.08116531
p 44 59 43.95611 0.039970398
p 43 58 43.81761 -0.030447006
p 44 57 43.693645 0.00614357
p 44 56 43.61149 -0.10213089
p 45 55 43.557964 -0.049423218
p 44 54 43.54997 -0.047245026
p 43 53 43.47434 -0.12597466
p 44 52 43.46127 -0.049142838
p 43 51 43.443073 -0.016382217
p 42 51 43.443073 -0.04971695
p 41 51 43.427032 0.005208969
p 40 50 43.427032 -9.803772E-4

c 14 47.66699
p 41 183 91.084564 -4.3546066
p 42 184 87.14149 -10.423714
p 43 185 84.44983 -14.019413
p 44 186 81.44291 -12.224724
p 45 187 57.649784 -27.972778
p 44 188 55.023502 -10.425762
p 45 189 50.03487 -0.9390068
p 44 190 47.0095 5.4196396
p 45 191 46.27957 15.076027
p 44 192 45.72336 0.1342144
p 43 193 45.248817 -0.11500168
p 43 194 44.795635 3.6585732
p 42 195 44.41989 -0.02413559
p 41 196 44.177513 -0.14251709
p 41 197 43.89181 -0.031068802
p 42 198 43.783585 -0.05564499
p 42 199 43.66055 -0.06468582
p 42 200 43.66055 -0.10238266
p 42 201 43.522255 -0.07642746
p 41 202 43.522255 0.088214874
p 42 203 43.470116 -0.021100998
p 43 204 43.41976 -0.004371643
p 43 205 43.417576 -0.06890869
p 43 206 43.417576 -0.14022827

c 15 21.039482
p 43 70 82.9872 -15.519772
p 44 71 85.41707 -16.293327
p 45 72 88.313545 -5.1992455
p 44 73 91.05757 3.0295792
p 45 74 92.36778 -8.22678
p 46 75 94.06304 -7.3732185
p 47 76 95.65308 -6.7947235
p 48 77 97.38917 -5.776558
p 49 78 100.018555 -3.0214996
p 50 79 100.980415 -1.992775
p 51 80 102.8828 -1.0005188
p 52 81 103.69202 -0.18358612
p 53 82 104.02668 0.035900116

c 16 25.271416
p 46 186 78.302765 -17.53983
p 47 185 81.45131 -14.586842
p 48 184 88.55523 -0.72164536
p 48 183 89.21031 -5.047905
p 49 182 90.515594 -6.740532
p 50 181 92.440285 -8.114796
p 51 180 94.330635 -3.599968
p 50 179 95.46496 0.27636337
p 51 178 96.29936 -4.869652
p 52 177 97.014786 -3.3328667
p 53 176 97.84289 -4.6316605
p 54 175 100.779755 -2.125183
p 55 174 102.41163 -1.3952675
p 56 173 103.57418 -0.39562988

c 17 0.3962288
p 48 57 43.720695 8.2206726E-4
p 49 56 43.667118 -0.0012969971
p 49 55 43.63388 -0.07822609
p 49 54 43.615005 -0.043315887
p 50 53 43.52642 -0.029052734
p 51 52 43.478325 -0.047039032
p 52 51 43.464226 0.0081214905
p 52 50 43.44489 -0.041481018
p 52 49 43.411266 -0.018375397
p 52 48 43.411266 0.011245728
p 52 47 43.381786 -0.037807465
p 53 46 43.37323 -0.10227394
p 54 45 43.35648 0.0049095154
p 54 44 43.35164 0.013988495
p 55 43 43.324467 -0.018650055
p 56 43 43.324467 -0.0024261475

c 18 58.6289
p 50 200 43.59591 0.05472946
p 51 199 43.62248 -0.010316849
p 52 200 43.59831 0.016735077
p 53 199 43.65229 0.019800186
p 54 198 43.66911 -0.08359718
p 54 197 43.7174 -0.006290436
p 54 196 43.815964 -0.0242939
p 55 195 43.850864 -0.068971634
p 56 194 43.938545 0.10890579
p 57 194 44.190884 4.777418
p 58 193 44.644894 11.956511
p 59 192 45.788887 -1.8544006
p 60 191 48.779972 -9.325308
p 59 190 64.24699 -0.82966995
p 60 189 76.4468 -18.814457
p 61 188 80.37442 -12.75835
p 60 187 84.89103 -15.424297
p 59 186 88.15767 -6.5333214
p 60 185 92.64138 -4.0442047
p 61 184 96.06455 -1.9607162
p 62 183 98.55796 -0.74108124
p 62 182 98.98475 -0.16293335
p 62 181 99.32512 0.16482544
p 61 180 101.15666 0.20042801
p 60 179 101.68243 0.1874237
p 59 178 102.22481 -0.013484955

c 19 56.222443
p 53 51 43.449623 -0.025449753
p 54 52 43.50588 0.0038776398
p 54 53 43.532715 -0.025426865
p 55 54 43.57994 0.009437561
p 54 55 43.651733 -0.06362915
p 54 56 43.685375 0.025522232
p 53 57 43.741627 0.06082344
p 54 58 43.822918 0.043569565
p 55 59 43.857723 -0.0954628
p 56 60 43.97321 0.0032157898
p 57 61 44.047413 4.5559063
p 58 61 44.349293 4.0648136
p 59 62 44.548737 -2.8610344
p 60 61 44.97637 1.1311073
p 61 62 45.364 5.659136
p 62 63 45.681736 0.59597015
p 61 64 46.221703 -9.350128
p 60 65 46.843067 -29.465023
p 59 66 54.49929 -35.81223
p 58 67 62.68207 -35.77291
p 57 68 67.998 -31.770714
p 56 69 71.222626 -9.2368965
p 57 70 84.75908 -14.553738
p 58 71 87.54262 -13.927647
p 59 72 92.79425 -7.029068
p 60 73 94.42957 -5.763027
p 61 74 97.36558 -2.135254
p 61 75 99.672066 -1.535778

c 20 0.43858337
p 57 204 43.386932 -0.008552551
p 58 205 43.375595 0.015539169
p 59 206 43.34714 0.0039787292
p 59 207 43.34152 0.04074478
p 60 208 43.329105 -0.0022335052
p 61 208 43.327633 -0.0019035339
p 62 209 43.327633 0.04157257
p 62 210 43.31279 -0.083517075
p 63 209 43.31279 -0.09171677
p 63 208 43.3236 -0.07952118
p 63 207 43.3236 -0.03629303
p 63 206 43.36844 -0.06632042
p 64 205 43.400578 0.028133392
p 65 204 43.414223 -0.019935608
p 65 203 43.414223 -0.009569168
p 64 202 43.445843 0.044647217
p 63 201 43.48855 0.028759003
p 62 200 43.551353 -0.12727928
p 62 199 43.632915 -0.054843903
p 63 198 43.632915 -0.053991318
p 62 197 43.706173 0.0022220612
p 62 196 43.751373 -0.004590988

c 21 0.46287155
p 65 55 43.694427 0.0055351257
p 66 54 43.632378 -0.0070152283
p 66 53 43.575417 -0.009904861
p 67 52 43.54708 -0.0024108887
p 67 51 43.52606 -0.050086975
p 67 50 43.4948 -0.06528854
p 68 49 43.424164 0.019037247
p 68 48 43.396477 -0.03209114
p 69 47 43.384083 -0.056676865
p 70 46 43.334675 0.02092743
p 71 45 43.32655 -0.011739731
p 72 44 43.32655 -0.031528473
p 71 43 43.32286 -0.024011612
p 70 42 43.322826 -0.013370514
p 70 41 43.304058 -0.025485992
p 70 40 43.304058 0.021110535
p 70 39 43.296665 -0.058498383
p 69 38 43.249714 0.035383224
p 68 37 43.249714 -0.05173111
p 67 36 43.249496 0.011976242
p 67 35 43.231556 7.6293945E-4
p 68 35 43.231556 -0.09727287

c 22 58.766785
p 66 78 102.110016 0.19330978
p 67 77 101.728386 0.4005623
p 67 76 101.1942 -0.052268982
p 68 75 100.19959 -0.4486122
p 68 74 96.408806 -3.5463333
p 69 73 93.965645 -5.266197
p 70 72 90.34761 -9.528313
p 71 71 88.39189 -11.153046
p 72 70 85.95858 -12.405876
p 73 69 83.93648 -14.3993225
p 74 68 81.49532 -10.385071
p 73 67 78.71307 -3.6287956
p 74 66 74.02141 -5.3884315
p 73 65 66.00387 -2.7191315
p 74 64 52.032173 2.7789268
p 73 63 45.916035 -4.2018604
p 72 62 45.21004 3.488922
p 71 61 44.70093 -0.021800995
p 71 60 44.300163 -0.11307526
p 70 59 44.149746 -0.04386902
p 70 58 44.04041 -0.039648056
p 70 57 43.88164 0.037994385
p 70 56 43.770798 -0.084459305
p 71 55 43.73675 0.016635895
p 72 54 43.605072 -0.06610489
p 71 53 43.57652 0.050138474
p 72 52 43.505005 -0.047138214
p 71 51 43.46391 -0.012580872
p 71 50 43.423462 0.0027198792
p 72 50 43.423462 -0.038116455
p 73 49 43.399204 -0.07769394
p 73 48 43.382023 -0.011875153
p 74 47 43.368664 0.022468567
p 73 46 43.368664 -0.010936737
p 72 46 43.34323 0.019367218

c 23 55.260414
p 70 184 98.51046 -2.279789
p 71 185 92.48916 -6.518177
p 72 186 87.11664 -6.6485214
p 71 187 83.95292 -12.134171
p 70 188 77.850204 -9.548546
p 71 189 71.34743 -4.1947746
p 70 190 56.932922 -5.080223
p 71 191 45.859776 3.4209213
p 70 192 45.15883 17.442846
p 71 193 44.569588 -0.03196144
p 71 194 44.176353 3.5655823
p 70 195 44.027367 -0.0017528534
p 71 196 43.858646 -0.013309479
p 71 197 43.766685 -0.007949829
p 70 198 43.686104 -0.015720367
p 71 199 43.585342 0.038406372
p 72 200 43.49894 -0.019289017
p 71 201 43.49894 0.002494812
p 71 202 43.478306 -0.041862488
p 72 203 43.45625 -0.0014476776
p 73 204 43.442734 -0.0027866364
p 72 205 43.39368 -0.10893822
p 72 206 43.37011 0.025714874
p 72 207 43.366592 -0.027044296
p 73 208 43.328114 -0.02338028
p 74 209 43.30787 -0.0045604706
p 73 210 43.293243 0.017215729
p 73 211 43.284637 -0.009149551
p 74 212 43.276085 -0.007825851
p 74 213 43.254456 -0.06474686
p 75 214 43.254456 -0.020086288
p 76 215 43.250046 -0.060115814
p 77 215 43.250046 -0.0021705627

c 24 58.72241
p 73 172 102.048325 -0.3205757
p 74 173 100.16327 -2.1298294
p 75 174 99.24505 -3.3496704
p 76 175 98.146866 -2.3821754
p 77 176 97.20927 -3.031971
p 76 177 96.424706 -0.2746277
p 77 178 95.87296 -3.4171906
p 78 179 95.52701 -4.1293564
p 79 180 95.19919 -3.897152
p 80 181 94.83903 -4.4910393
p 81 182 94.51088 -2.9652405
p 80 183 94.19254 0.517292
p 81 184 94.00331 -4.211605
p 82 185 93.596794 -3.9401321
p 83 186 93.27424 -5.783924
p 84 187 93.04338 2.3265991
p 84 188 92.995255 -3.5924225
p 83 189 83.80363 -1.5650597
p 83 190 71.36653 -4.795204
p 84 191 50.592358 -3.0140724
p 83 192 44.478638 1.9747524
p 82 193 44.09116 2.9504623
p 83 194 43.838192 2.8591328
p 84 195 43.794582 0.11072159
p 83 196 43.746914 -0.026992798
p 82 197 43.73886 0.0077285767
p 82 198 43.692005 -0.06830788
p 83 199 43.635654 -0.025194168
p 82 200 43.579185 -0.048791885
p 83 201 43.502857 0.031871796
p 82 202 43.474022 -0.052913666
p 82 203 43.446667 -0.039068222
p 81 204 43.446667 -0.0019416809
p 80 204 43.43716 -0.048107147
p 80 205 43.43716 -0.045719147
p 79 206 43.40284 -0.0048007965
p 79 207 43.325916 -0.034235
p 80 207 43.325916 -0.09861565

c 25 55.117554
p 77 71 98.42056 -0.25109482
p 78 70 97.07444 -1.089653
p 79 70 94.057526 -3.9286919
p 80 69 92.98608 1.7849426
p 80 68 92.92449 -2.199623
p 81 67 85.18635 -11.728363
p 80 66 79.50546 -9.752499
p 79 65 61.273632 -13.716045
p 80 64 45.46252 -0.10353279
p 79 63 44.841335 17.136515
p 80 62 44.37687 5.121746
p 81 61 44.083626 0.59031487
p 82 60 43.925392 0.06412506
p 83 59 43.827087 -0.02885437
p 84 58 43.69506 -0.040605545
p 84 57 43.63771 -0.043567657
p 83 56 43.63771 -0.0027503967
p 84 55 43.594666 -0.029872894
p 83 54 43.590508 0.034366608
p 84 53 43.52769 -0.09180832
p 83 52 43.52749 0.041067123
p 84 51 43.474617 -0.10517883
p 83 50 43.464737 0.04664612
p 82 49 43.41062 0.027942657
p 81 48 43.375607 -0.05054474
p 80 47 43.3732 -0.012891769
p 79 46 43.34866 0.014446259
p 80 45 43.310772 -0.049165726
p 81 44 43.309383 -0.008390427
p 80 43 43.30301 -0.04083252

c 26 10.8424
p 84 186 93.19575 0.6737251
p 85 185 93.54807 -4.6835175
p 86 184 94.24809 -4.0508385
p 87 183 97.50975 0.6416054
p 86 182 98.00672 -2.5534782
p 85 181 98.55712 -1.0597229
p 86 180 98.72335 0.43304443
p 85 179 100.00859 -0.1915474
p 85 178 100.29392 -1.0447044
p 86 177 101.552956 0.3847847
p 86 176 101.98758 -0.054107666
p 86 175 102.32467 -0.11124802
p 87 174 102.82574 -0.44241714
p 88 173 103.39929 0.035648346
p 88 172 103.67059 -0.013221741
p 87 171 103.9033 0.016044617
p 88 170 104.01867 -0.054035187
p 89 169 104.03815 -0.103816986

c 27 18.903015
p 85 62 43.937847 11.893475
p 86 61 43.86296 0.011968613
p 86 60 43.82003 0.0471344
p 87 59 43.71881 -0.02350235
p 88 58 43.68963 -0.01997757
p 89 57 43.610947 0.0010108948
p 89 56 43.577816 0.022468567
p 90 55 43.53432 0.0064525604
p 91 54 43.515984 0.022029877
p 91 53 43.47461 0.041866302
p 92 52 43.430225 -0.0049533844
p 92 51 43.395317 -0.055444717
p 93 50 43.395317 -0.06212616
p 93 49 43.37207 -0.040222168
p 93 48 43.37207 -0.08666611
p 94 48 43.376034 -0.008903503
p 95 49 43.419563 -0.03606224
p 95 50 43.419563 -0.038017273
p 96 51 43.431988 0.010509491
p 97 52 43.465046 0.056697845
p 96 53 43.465046 -0.08205223
p 96 54 43.50785 -0.004196167
p 96 55 43.54766 -0.034090042
p 96 56 43.576664 -0.02263832
p 97 57 43.62308 0.025785446
p 97 58 43.7011 0.085451126
p 98 59 43.758373 -0.037492752
p 99 60 43.855347 0.06119156
p 100 61 43.976868 0.14548874
p 101 62 44.058388 2.8415737
p 102 62 44.209095 3.5243092
p 103 63 44.63755 6.505718
p 103 64 45.162113 -7.7236233
p 104 65 62.275085 -8.411583

c 28 0.4668541
p 85 195 43.76046 -0.024059296
p 85 196 43.759476 0.04141426
p 86 197 43.736454 0.017700195
p 87 198 43.63842 0.0115737915
p 88 199 43.568417 -0.056438446
p 89 200 43.568417 -0.008712769
p 90 200 43.548645 0.036432266
p 91 201 43.51448 0.0060768127
p 91 202 43.512627 -0.1159668
p 91 203 43.44035 -0.09283638
p 91 204 43.44035 -0.0103263855
p 92 205 43.389126 -9.384155E-4
p 92 206 43.363136 -0.037151337
p 92 207 43.363136 -0.06283188
p 92 208 43.3224 -0.043289185
p 91 209 43.316463 0.017601013
p 90 209 43.305813 -0.0058078766
p 89 209 43.293606 -0.0104522705
p 89 208 43.293606 -0.0060195923

c 29 58.868423
p 88 61 43.942734 0.4361763
p 89 62 44.15127 3.7355194
p 90 63 44.732594 -2.573595
p 91 64 51.63303 -6.3208313
p 91 65 73.726685 2.4697762
p 91 66 79.89022 -6.362053
p 92 67 84.80851 -2.462513
p 91 68 87.594124 -1.5917435
p 91 69 94.17435 1.16716
p 92 70 94.69363 3.222908
p 91 71 94.941055 -0.5948143
p 90 72 95.74533 -2.8954659
p 89 73 99.75554 -1.977211
p 89 74 101.1081 -0.6335983
p 89 75 101.449104 -0.13087845
p 88 76 102.10843 0.28903198
p 89 77 102.81116 -0.76932526

c 30 58.952198
p 95 81 102.216034 0.9239807
p 96 80 101.035286 0.16383362
p 96 79 100.86103 -0.23668289
p 97 78 99.394745 -2.6978493
p 98 77 99.14731 -0.6073494
p 99 76 98.75618 0.13191605
p 100 76 98.58227 -0.7101517
p 101 75 95.20002 -4.1921463
p 102 74 92.03407 -5.0039787
p 103 73 90.16966 -9.841724
p 104 72 87.59766 -13.308872
p 105 71 85.32571 -13.931232
p 106 70 83.258385 -0.3434639
p 107 70 81.402695 -12.011616
p 108 69 71.77605 -20.878212
p 109 68 69.108505 -20.863392
p 110 67 65.38552 -14.86961
p 109 66 61.058777 -2.7086334
p 110 65 52.52244 -3.084076
p 109 64 46.52954 9.557302
p 110 63 45.849655 17.861048
p 109 62 45.29432 5.6457806
p 108 61 44.81177 3.656273
p 107 61 44.37343 3.27911
p 106 60 44.252487 0.043237686
p 105 59 43.90227 -0.25615692
p 104 58 43.819588 0.059164047
p 104 57 43.73537 -0.016822815
p 103 56 43.6466 -0.08948898
p 102 55 43.551254 -0.06717491
p 101 54 43.517605 0.051813126
p 101 53 43.47617 -0.034194946
p 100 52 43.47617 0.038496017
p 100 51 43.428413 -0.061317444
p 100 50 43.416553 -0.022388458
p 101 49 43.402542 0.024751663
p 102 48 43.402542 0.02129364
p 101 47 43.370377 -0.013498306
p 100 46 43.359882 -0.06463051
p 101 45 43.33295 0.036647797
p 100 44 43.33295 0.022726059
p 100 43 43.297268 -0.05016136
p 100 42 43.295967 -0.056196213
p 100 41 43.289944 -0.027433395
p 99 40 43.274136 0.02543068
p 100 39 43.263836 -0.021570206
p 100 38 43.263836 -0.051916122
p 99 37 43.263836 -0.083595276

c 31 58.134514
p 99 177 101.42223 -0.74087524
p 100 178 100.35539 0.17367554
p 99 179 98.75616 0.9159584
p 100 180 96.494354 -1.4033699
p 99 181 93.696495 -1.0807648
p 100 182 91.14627 -7.8718605
p 101 183 90.4004 -9.048107
p 102 184 89.72628 -6.7982597
p 103 185 89.06105 -4.3197517
p 102 186 75.347855 -19.859146
p 101 187 72.628 -8.329559
p 102 188 69.428375 -24.50124
p 103 189 61.38907 -17.027271
p 102 190 47.675327 -0.38313675
p 103 191 46.19007 18.75589
p 102 192 45.532837 16.982277
p 103 193 45.05536 11.138212
p 104 194 44.613693 1.0590477
p 105 194 44.256332 0.22263527
p 106 195 43.96896 -0.18473816
p 107 196 43.91529 -0.024002075
p 108 197 43.818417 -0.09140968
p 109 198 43.687798 -0.049613953
p 108 199 43.62599 0.00853157
p 107 200 43.528954 -0.04424286
p 108 201 43.518055 0.04300499
p 107 202 43.492813 -0.09866905
p 108 203 43.488537 -0.010538101
p 109 204 43.411156 -0.114702225
p 108 205 43.402107 0.0018863678
p 108 206 43.402107 -0.023321152
p 108 207 43.3646 -0.0060329437
p 109 208 43.347637 -0.05394554
p 110 209 43.30739 0.027339935
p 111 210 43.30047 0.0272789
p 112 211 43.29118 -0.030492783
p 113 212 43.28772 0.037704468
p 114 211 43.28772 -0.035053253

c 32 8.383568
p 103 75 95.2476 -3.4253387
p 104 76 97.08623 -2.9104614
p 105 77 98.525696 -2.3523064
p 106 78 99.83221 -0.008155823
p 106 79 101.08639 -0.17387772
p 105 80 101.494 -0.4624977
p 104 81 101.98695 -0.8909149
p 103 82 102.558 -0.31643677
p 104 83 102.800476 -0.4884529
p 105 84 103.14387 -0.9130516
p 106 85 103.631165 -0.68787

c 33 16.816582
p 109 191 60.10067 2.7634773
p 110 192 44.543953 -0.62112236
p 111 193 44.17899 12.496483
p 112 194 43.92049 4.168659
p 113 195 43.769756 -0.08621597
p 114 196 43.75452 3.8337708E-4
p 115 197 43.64255 -0.064352036
p 116 198 43.60048 0.02743721
p 116 199 43.599377 -0.004180908
p 117 200 43.51763 -0.006334305
p 118 199 43.581673 0.0056877136
p 119 200 43.492844 -0.027454376
p 120 201 43.46881 -0.009250641
p 121 202 43.40697 0.06918144
p 122 203 43.40697 -0.042181015
p 123 204 43.37001 -0.011394501
p 123 205 43.37001 -0.043920517
p 124 204 43.37912 -0.07223129
p 125 203 43.41381 0.021245956
p 126 202 43.44906 -0.1096859
p 126 201 43.450462 0.02711296
p 127 200 43.545353 -0.009437561
p 128 199 43.550972 -0.052204132
p 129 199 43.591774 -0.03737259
p 130 198 43.591774 -0.010505676
p 131 199 43.63309 0.0123615265
p 132 200 43.57531 -0.13378143
p 132 201 43.506004 -0.03981018
p 131 202 43.415638 0.025745392
p 131 203 43.400127 0.0026874542
p 130 204 43.390865 -0.030771255
p 130 205 43.385986 -0.042699814
p 131 206 43.35454 -0.045360565
p 132 207 43.343548 -0.017906189
p 133 208 43.312866 0.0019359589
p 133 209 43.311108 0.007030487
p 134 209 43.311108 -0.039829254
p 135 209 43.29975 -0.056015015
p 136 210 43.28409 -0.0114860535
p 137 209 43.28409 -0.017377853
p 138 209 43.285942 0.00850296
p 139 208 43.299427 -0.1122036
p 140 207 43.31105 -0.050970078
p 141 207 43.340305 0.024095535
p 142 206 43.343624 -0.03750801
p 143 205 43.369865 -0.007572174
p 143 204 43.400566 -0.09251976

c 34 0.18485641
p 111 52 43.478996 0.028146744
p 112 51 43.449814 -0.015014648
p 113 51 43.442287 -0.009437561
p 114 51 43.44178 -0.02520752
p 115 50 43.422787 -0.055418015
p 116 49 43.392933 0.022855759
p 116 48 43.392933 0.008647919
p 117 47 43.392914 -0.072309494
p 116 46 43.38704 0.053352356
p 117 45 43.353592 -0.03724289
p 117 44 43.318077 -0.084503174
p 116 43 43.318077 -0.01391983
p 116 42 43.299835 -0.16280365
p 117 42 43.299835 -0.05445862
p 118 42 43.29414 -0.024932861
p 119 41 43.29414 -0.06014061

c 35 0.28440094
p 111 199 43.577667 -0.005001068
p 112 200 43.492584 -0.027873993
p 111 201 43.48019 0.07999611
p 112 202 43.448837 0.0044059753
p 112 203 43.413097 0.008113861
p 113 204 43.374905 -0.08445549
p 114 205 43.37197 0.016496658
p 115 206 43.312817 0.032726288
p 116 207 43.312073 -0.058002472
p 117 208 43.30965 -0.08749008
p 118 209 43.299103 -0.014308929
p 119 210 43.293266 -0.025043488
p 118 210 43.293266 -0.012748718

c 36 2.5313034
p 113 63 45.954235 7.6930943
p 114 62 45.17098 4.8663826
p 115 61 44.66319 0.35616875
p 116 60 44.2792 0.08628082
p 117 59 43.985153 0.0037174225
p 117 58 43.76139 -0.07955551
p 117 57 43.725876 -0.06524277
p 117 56 43.664207 -0.16120148
p 117 55 43.593746 -0.015851974
p 117 54 43.530025 -0.10248184
p 116 53 43.530025 -0.0339756
p 115 52 43.479023 -0.0016117096
p 115 51 43.42293 -0.053459167

c 37 51.89445
p 113 63 45.954235 -8.266584
p 114 64 48.7547 -17.044249
p 115 65 66.536575 -2.3785648
p 114 66 75.168594 -5.185913
p 115 67 79.47499 -2.810421
p 114 68 82.78636 -0.5291405
p 115 69 85.24386 -13.911419
p 116 70 87.37213 -12.959778
p 117 71 89.34814 -8.806797
p 118 72 94.241005 -6.910942
p 119 73 97.84869 -1.1455498

c 38 46.899082
p 115 195 43.737736 -0.031620026
p 116 196 43.677803 0.029153824
p 117 197 43.62574 0.036569595
p 118 198 43.597134 -0.016702652
p 118 197 43.621243 -0.021112442
p 119 196 43.65973 0.009599686
p 120 195 43.700256 -0.038131714
p 121 194 43.800926 4.4983826
p 120 193 43.84835 6.15102
p 119 192 45.567253 -3.6139107
p 119 191 61.79836 -2.1874752
p 120 190 78.65169 -8.973
p 121 189 90.496216 -2.914505

c 39 58.50285
p 122 80 101.75566 -1.4375114
p 123 79 99.52421 -3.3689308
p 124 78 96.67833 -5.783062
p 125 77 94.762985 -7.603962
p 126 76 92.139534 -8.404083
p 127 75 89.51547 -10.4961815
p 128 74 85.39968 -14.285236
p 129 73 78.9302 -8.524048
p 128 72 74.74004 -3.3695297
p 129 71 70.81041 -24.621716
p 130 70 67.95616 -29.347046
p 131 69 64.66781 -28.876244
p 132 68 60.308716 -17.965195
p 131 67 56.913986 -3.1341476
p 132 66 50.471184 -5.4098854
p 131 65 47.445072 -26.939594
p 130 64 46.67776 -3.17795
p 131 63 46.041336 1.8607693
p 132 62 45.506252 4.877302
p 133 61 45.04093 0.054588318
p 134 62 44.625065 10.257427
p 135 61 44.37676 4.222046
p 136 60 44.197323 0.085134506
p 136 59 44.099773 -0.14819527
p 136 58 44.00914 -0.07626343
p 137 57 43.81488 -0.0881691
p 138 56 43.714058 0.02645111
p 139 55 43.657 -0.027009964
p 140 54 43.592598 -0.022249222
p 141 53 43.53494 -0.08683205
p 142 52 43.49412 0.07211876
p 143 53 43.528755 0.06791496
p 144 52 43.479176 -0.077358246
p 145 51 43.42818 -0.077949524
p 146 50 43.38358 -0.056951523
p 147 49 43.358234 -0.06793785
p 147 48 43.35758 0.016483307
p 146 47 43.331 -0.009210587
p 145 46 43.32281 0.0015201569
p 146 45 43.3011 -0.008293152
p 147 44 43.266754 0.029953003
p 148 43 43.26214 0.012500763
p 148 42 43.26214 -0.03407669
p 147 41 43.25281 -0.020053864
p 148 40 43.25281 -0.03225708

c 40 55.77353
p 123 183 99.37862 -2.283352
p 124 184 97.913086 -3.6991615
p 125 185 97.2437 -2.2040672
p 126 186 96.30799 -0.50593185
p 127 187 94.93934 -1.4254837
p 127 188 91.03121 -5.5835915
p 126 189 83.616554 -4.7969894
p 127 190 72.93857 -6.1465797
p 126 191 54.21294 -4.2529984
p 126 192 44.510403 0.6109009
p 127 193 44.056854 2.7885761
p 128 193 43.882915 4.269001
p 129 193 43.788906 0.047302246
p 129 194 43.788906 -0.054145813
p 129 195 43.770355 0.0019073486
p 128 196 43.69336 -0.010320663
p 129 197 43.605087 -0.07518768

c 41 0.24401474
p 126 51 43.508427 -0.02892685
p 127 50 43.484013 -0.01061821
p 128 49 43.448368 -0.019151688
p 129 48 43.413574 0.009002686
p 130 47 43.387245 0.032993317
p 131 46 43.336967 -0.013219833
p 132 46 43.336967 -0.026874542
p 131 47 43.366776 0.021080017
p 131 48 43.377266 0.028196335
p 132 49 43.40102 -0.020748138
p 131 50 43.457268 0.031999588
p 130 51 43.496563 8.3351135E-4
p 131 52 43.54614 0.041013718
p 132 53 43.580982 -0.03344536

c 42 60.251743
p 128 173 103.884834 -0.018806458
p 128 174 103.458916 -0.26362228
p 129 175 102.87594 -0.98431015
p 130 176 102.04004 -0.30732727
p 129 177 101.17204 -0.65810776
p 128 178 99.594154 -0.7833328
p 129 179 98.15863 -2.6868324
p 130 180 96.401634 -4.696785
p 131 181 95.53557 -4.821003
p 132 182 95.14868 -4.017769
p 133 183 94.909256 -1.6988983
p 134 183 94.848656 0.47460938
p 135 184 88.62219 -9.489506
p 136 185 85.69569 -11.313396
p 137 186 82.389694 -13.922756
p 138 187 80.0138 -18.321918
p 139 188 63.681282 -27.23381
p 138 189 59.470924 -17.202686
p 139 190 52.626114 -0.86415863
p 138 191 46.931793 11.056978
p 139 192 46.199993 19.125475
p 138 193 45.502758 3.6355152
p 137 194 44.89852 2.8783455
p 136 195 44.442955 0.1718998
p 135 196 44.104412 0.10394859
p 134 197 43.830765 -0.056232452
p 133 198 43.699654 0.049179077
p 132 198 43.63309 -0.07284927

c 43 0.06583023
p 131 34 43.25146 -0.013837814
p 132 35 43.25324 -0.026403427
p 132 36 43.25324 0.06271744
p 133 37 43.268127 0.051729202
p 134 38 43.30204 -0.017055511
p 134 39 43.302753 -0.031894684
p 134 40 43.303303 -0.07708168
p 135 41 43.310093 -0.03529167
p 134 42 43.310093 0.006155014
p 135 43 43.314793 -0.0031757355
p 136 44 43.31729 0.013137817

c 44 60.554672
p 135 85 104.08343 -0.039352417
p 136 84 104.072105 -0.061523438
p 137 83 104.00516 -0.11302948
p 138 82 103.739334 -0.27513123
p 137 81 103.27818 -0.3544731
p 138 80 102.1193 -1.2850266
p 139 79 100.64404 -2.2511673
p 140 78 98.80308 -3.1941643
p 141 77 97.2699 -3.02359
p 142 76 96.02465 -3.5637398
p 143 75 94.20862 -5.934101
p 144 74 92.83813 -3.6392822
p 144 73 91.756996 1.093586
p 145 72 86.59356 -12.435017
p 146 71 84.35209 -13.750225
p 147 70 70.637436 -20.723515
p 146 69 68.55205 -29.44468
p 145 68 66.00239 -17.63758
p 146 67 62.51732 -2.7578506
p 145 66 57.5732 -4.5923004
p 146 65 48.173065 -0.60502243
p 145 64 47.05031 14.84494
p 146 63 46.201916 18.281641
p 145 62 45.541405 4.7390137
p 144 61 44.983273 0.16420555
p 143 60 44.590683 0.06472778
p 142 59 44.28485 0.064071655
p 143 58 44.052803 0.08291817
p 144 57 43.85196 -0.07528305
p 144 56 43.708614 -0.014318466
p 143 55 43.622715 0.0030403137
p 144 54 43.528755 0.042121887

c 45 8.740196
p 135 182 95.03086 -6.1532974
p 136 181 96.10077 -4.710045
p 137 180 97.80346 -2.3985443
p 138 179 99.40607 -1.8411369
p 139 178 100.58168 -1.8716812
p 140 177 101.48961 -1.565445
p 141 176 102.19398 -0.30363083
p 141 175 102.66578 -0.37029266
p 142 174 103.143394 0.1547966
p 141 173 103.53206 -0.08707428
p 141 172 103.77106 -0.036575317

c 46 26.35218
p 140 187 77.41677 -24.765434
p 141 186 80.80497 -21.716
p 142 185 83.19071 -17.208305
p 143 184 85.23859 -13.248436
p 144 183 87.71084 -11.464867
p 145 182 89.830635 -10.237141
p 146 181 91.96945 -8.750675
p 147 180 93.69066 -7.4682465
p 148 179 95.13829 -6.098171
p 149 178 96.7022 -6.0978966
p 150 177 98.44948 -1.2571373
p 149 176 100.119606 -2.8988876
p 148 175 102.36968 -1.3923721
p 147 174 103.35547 -0.46468353
p 146 173 103.76895 -0.16438675

c 47 21.889458
p 148 71 82.26772 -17.396645
p 149 72 86.58538 -14.876671
p 150 73 90.239525 -11.333145
p 151 74 93.482414 -2.9964256
p 151 75 97.53973 -0.66771317
p 152 76 98.66884 0.55916977
p 151 77 99.892166 0.09270096
p 152 78 101.07387 -0.69239426
p 153 79 102.191055 -0.72185135
p 152 80 103.00116 0.7710457
p 153 81 103.55953 0.18988037
p 152 82 103.887764 0.23337173
p 153 83 103.97991 -0.07418442
p 153 84 104.03891 -0.06975174
p 153 85 104.05332 -0.1145401
p 154 86 104.11118 0.02722931
p 153 87 104.13494 0.01436615
p 153 88 104.14795 -0.012046814
p 152 89 104.15718 -0.01473999

c 48 16.075123
p 149 64 59.363804 -2.6816273
p 150 63 44.873165 -3.663332
p 151 62 44.50692 3.110958
p 152 61 44.228806 3.98728
p 153 61 43.993 4.0224133
p 154 60 43.828526 -0.006105423
p 155 59 43.80094 -0.054815292
p 156 58 43.688156 -0.08425331
p 157 57 43.668015 0.01209259
p 158 56 43.58218 -0.014493942
p 159 57 43.548466 -0.07650566
p 160 56 43.50669 -0.0064907074
p 160 55 43.472935 -0.032533646
p 161 54 43.448307 0.016403198
p 160 53 43.407738 -0.041345596
p 161 52 43.368618 0.0011520386
p 160 51 43.344086 -0.0667038
p 159 50 43.33453 -0.057027817
p 158 49 43.327934 0.0064888
p 157 48 43.31671 0.03354454
p 157 47 43.289913 -0.051324844
p 158 46 43.28868 -0.06071472
p 159 46 43.28868 -0.048461914

c 49 54.019794
p 152 183 97.48564 1.1586113
p 152 184 96.81794 -0.6826401
p 153 185 90.34881 -8.581985
p 154 186 87.58992 -11.5682335
p 155 187 83.698166 -14.208427
p 156 188 79.64835 -9.294617
p 155 189 75.59339 -4.314102
p 156 190 66.6652 -5.2315598
p 155 191 53.8003 -14.334354
p 154 192 47.153294 -2.8183804
p 153 193 44.486412 2.0614128
p 154 194 44.07526 0.041706085
p 154 195 43.83088 -0.11909485
p 154 196 43.699684 0.05507469
p 153 197 43.576706 -0.047260284
p 152 198 43.544586 0.044078827
p 152 199 43.493202 -0.0714035
p 152 200 43.465847 -0.00340271

c 50 0.16289902
p 153 210 43.32126 -0.039266586
p 154 209 43.32126 -0.06598282
p 155 208 43.326675 -0.021026611
p 156 207 43.36629 0.017873764
p 157 207 43.38294 0.040966034
p 158 206 43.38294 -0.03419113
p 158 205 43.420296 -0.057235718
p 157 204 43.446316 0.018791199
p 157 203 43.449894 -0.03492546
p 158 202 43.47236 -0.023355484
p 159 201 43.484158 0.019094467

c 51 57.517105
p 159 78 101.02089 -1.3969917
p 160 77 100.14602 -1.2378349
p 161 76 99.33391 -1.1202507
p 162 75 98.3095 -0.9742317
p 163 74 97.23608 -1.0018921
p 163 73 96.95785 0.15019989
p 164 72 95.52604 -0.709404
p 165 72 95.985695 0.70970154
p 166 71 94.28458 -1.7562904
p 167 70 93.58063 -1.1102791
p 167 69 93.58063 4.3180313
p 168 68 85.986115 -12.199829
p 167 67 84.01689 3.360489
p 167 66 82.91377 2.0445251
p 166 65 72.6267 -5.3274918
p 167 64 50.16092 -3.7292328
p 167 63 44.95558 4.159338
p 166 62 43.91917 2.8741035
p 165 61 43.770172 -0.007472992
p 165 60 43.668518 -0.002696991
p 164 59 43.622 0.095047
p 165 58 43.549854 -0.08521271
p 166 57 43.54471 0.051828384
p 167 57 43.503784 -0.014993668
p 168 57 43.503784 -0.025363922

c 52 57.21143
p 160 183 100.47032 0.17905426
p 161 184 100.01352 -0.936882
p 161 185 99.95473 -1.0788345
p 162 186 98.52574 -0.051368713
p 162 187 97.74538 -1.8770027
p 163 188 94.43932 0.3127327
p 163 189 90.45435 1.0676689
p 163 190 81.35527 1.7005882
p 163 191 63.441902 -0.06402969
p 163 192 44.423267 -1.3759327
p 162 193 43.761124 3.9269829
p 161 194 43.688076 0.23705101
p 162 195 43.662827 -0.030111313
p 162 196 43.641293 -0.11484337
p 163 197 43.589783 0.025823593
p 164 198 43.537205 0.035772324
p 164 199 43.533047 0.019077301
p 164 200 43.507725 -0.009506226
p 163 201 43.496174 -0.032907486
p 162 202 43.481026 -0.047689438
p 162 203 43.46535 -0.06607628
p 162 204 43.42657 -0.1130085
p 163 205 43.42657 -0.016752243
p 164 206 43.399498 -0.036123276
p 163 207 43.38883 -0.038690567
p 163 208 43.38883 0.008563995
p 162 209 43.36085 -0.03664589
p 161 210 43.33362 -0.015270233
p 161 211 43.33362 -0.020540237
p 162 212 43.31514 -0.07731438
p 163 212 43.30991 -0.02543068
p 164 213 43.30991 -0.0381279
p 165 214 43.302788 -0.017559052
p 166 215 43.27714 0.053365707
p 166 216 43.27714 -0.010808945
p 166 217 43.258892 -0.044700623
p 166 218 43.258892 -0.027248383

c 53 0.26862717
p 165 45 43.297478 -0.07169533
p 166 46 43.297478 -0.08685112
p 166 47 43.31481 0.046977997
p 167 48 43.357964 -0.023572922
p 168 49 43.368027 -0.0894413
p 169 50 43.39538 -0.029212952
p 170 51 43.39538 -0.08791733
p 171 52 43.40528 0.008577347
p 171 53 43.420048 0.023248672
p 171 54 43.427532 -0.0028209686
p 172 55 43.476986 0.027280807
p 171 56 43.501076 -0.02980423
p 171 57 43.53819 0.044488907
p 172 58 43.565636 -0.054071426
p 171 59 43.566105 -0.06555557

c 54 6.7016144
p 165 85 104.06934 -0.016872406
p 166 84 103.98181 -0.044742584
p 167 83 103.72129 -0.27087784
p 168 82 103.39772 -0.38995743
p 169 81 102.99582 -0.51426315
p 170 80 102.49861 -0.07223511
p 171 79 101.998566 -0.72455597
p 170 78 101.59582 -0.13179016
p 169 77 101.17116 -0.9782829
p 168 76 100.74865 -0.054325104
p 167 75 100.48683 0.8307228
p 167 74 99.8598 0.5699158
p 166 73 97.36773 -2.259674

c 55 55.46595
p 165 198 43.542847 -0.0064926147
p 166 198 43.627907 -0.11990738
p 167 198 43.655426 -0.071928024
p 168 197 43.6861 0.0055351257
p 168 196 43.721203 -0.05068779
p 168 195 43.757458 0.043466568
p 169 194 43.95066 0.19873428
p 170 193 44.18846 4.672224
p 171 192 44.611515 -4.775093
p 170 191 53.81499 -9.862686
p 169 190 74.947395 1.2912502
p 170 189 87.43602 -0.02003479
p 169 188 88.9589 -8.141079
p 168 187 94.41949 -2.4060173
p 168 186 96.65401 -3.3674316
p 167 185 98.65566 0.94953537
p 167 184 99.0088 0.34638977

c 56 14.874924
p 169 69 87.9247 -11.819454
p 170 70 89.62205 -10.127552
p 171 71 90.98178 -8.39489
p 172 72 92.17184 -6.5686417
p 173 73 93.321526 -3.2837906
p 174 74 94.36514 -3.565693
p 175 75 95.45207 -3.3709412
p 176 76 96.51904 -2.4859314
p 177 77 97.411385 -0.5429077
p 177 78 97.96562 -1.9199638
p 176 79 99.64294 -1.0553665
p 176 80 102.006676 0.17645264
p 175 81 102.53272 0.031234741
p 175 82 102.79962 0.4263382

c 57 0.99367523
p 172 53 43.44025 0.03327179
p 173 54 43.456882 0.01534462
p 174 55 43.49664 0.025323868
p 175 56 43.570576 0.035612106
p 176 57 43.64229 0.008985519
p 177 58 43.719074 0.005411148
p 178 59 43.7674 0.0068912506
p 179 60 43.79077 0.061855316
p 179 61 43.96177 4.300707
p 180 62 44.118317 2.7248802
p 179 63 44.433926 -5.4660606

c 58 0.2383995
p 175 44 43.30242 -0.029302597
p 175 45 43.30242 0.021371841
p 175 46 43.31347 0.041131973
p 176 47 43.32615 -0.09022522
p 176 48 43.336548 -0.07640648
p 177 49 43.36145 -0.039283752
p 177 50 43.361485 -0.012710571
p 178 51 43.396893 0.036720276
p 177 52 43.401917 -0.06587982
p 178 53 43.449356 -0.017801285
p 178 54 43.485817 0.029489517
p 179 55 43.52653 -0.08362198
p 179 56 43.54082 0.016784668

c 59 56.845913
p 178 177 100.09953 -0.77547836
p 179 178 97.91107 -3.2613869
p 180 179 95.07638 -5.172695
p 181 180 91.87573 3.7949066
p 181 181 89.62055 -9.580177
p 180 182 84.46501 -16.120174
p 179 183 82.37415 -6.1415863
p 180 184 78.75674 -20.176983
p 181 185 76.2713 -21.59571
p 182 186 74.47547 -21.070484
p 183 187 72.91435 -13.153217
p 182 188 67.79618 -7.1194267
p 183 189 62.575745 -3.9678268
p 182 190 48.95723 -2.4608803
p 183 191 46.6593 13.516142
p 182 192 45.85589 18.700636
p 183 193 45.325554 9.504002
p 182 194 44.876785 3.8716393
p 183 195 44.48696 0.08314133
p 182 196 44.20306 0.090997696
p 181 197 43.951233 0.020723343
p 181 198 43.72482 -0.028680801
p 181 199 43.632435 -0.08325195
p 181 200 43.556797 0.031269073
p 180 201 43.52633 0.040800095
p 181 202 43.50721 -0.012512207
p 182 203 43.44532 0.018959045
p 182 204 43.44532 -0.019371033
p 183 205 43.42513 -0.051822662
p 184 206 43.37565 -0.036964417
p 184 207 43.358444 -0.10505867
p 185 208 43.353386 -0.018091202
p 186 208 43.353386 0.04091072
p 187 209 43.349384 -0.19542122
p 188 210 43.33403 -0.045747757
p 189 211 43.324783 -0.012718201
p 190 212 43.286312 0.03276062
p 191 213 43.279224 -0.07167053
p 191 214 43.279224 -0.041549683
p 191 215 43.258476 -0.040288925
p 192 216 43.25362 -0.07750511
p 191 216 43.25362 0.014535904

c 60 60.56753
p 179 43 43.304836 0.02022171
p 180 44 43.333416 -0.01244545
p 181 45 43.339504 -0.021177292
p 181 46 43.342392 0.041959763
p 181 47 43.342392 0.009979248
p 182 48 43.348824 0.03010559
p 181 49 43.361584 0.008146286
p 182 50 43.387516 0.015295029
p 182 51 43.39762 -9.6702576E-4
p 182 52 43.41961 -0.004737854
p 182 53 43.449333 -0.031440735
p 182 54 43.507668 0.0053920746
p 183 55 43.55607 -0.04895401
p 183 56 43.607914 0.021108627
p 183 57 43.651047 -0.13791466
p 184 58 43.82225 0.21840668
p 183 59 43.918728 -0.18775749
p 183 60 44.198765 -0.04244232
p 184 61 44.63714 0.20582199
p 185 62 45.154266 4.1186466
p 186 63 45.957405 -4.711727
p 187 64 47.23268 -15.207672
p 186 65 61.753685 -27.703518
p 185 66 69.139824 -16.933514
p 186 67 73.41466 -7.8682976
p 185 68 76.76883 0.15063477
p 186 69 79.06185 -13.32999
p 187 70 84.337845 -6.991741
p 188 69 88.24918 1.9580765
p 189 70 90.70435 -8.779774
p 190 71 96.199394 -0.3471794
p 190 72 96.665344 -3.5591087
p 189 73 97.373726 -5.3046
p 188 74 98.036995 -1.618618
p 189 75 98.55075 -1.8926888
p 190 76 99.21799 -3.628315
p 191 77 100.17528 -2.1056175
p 192 78 101.70277 -1.3275299
p 193 79 102.98593 -0.5995712
p 194 80 103.70031 -0.32188416
p 193 81 103.87237 -0.18800735

c 61 0.37749863
p 190 199 43.63262 -0.0728817
p 191 200 43.589714 0.02153778
p 191 201 43.528587 0.043563843
p 190 202 43.43108 -0.0117435455
p 190 203 43.422394 0.020540237
p 190 204 43.41192 0.022397995
p 191 205 43.40868 -0.011238098
p 191 206 43.40283 -0.020561218
p 191 207 43.38408 -0.10731697
p 190 208 43.375576 -0.00639534
p 191 209 43.363678 -0.023492813
p 191 210 43.358887 -0.046756744
p 191 211 43.32272 -0.025352478
p 191 212 43.303825 -0.052965164
p 192 211 43.325138 -0.16084099
p 193 211 43.33568 -0.09104538
p 194 210 43.361473 -0.024810791
p 194 209 43.362663 -0.05219841
p 195 208 43.383232 -0.08431625
p 196 207 43.408947 0.015781403
p 196 206 43.408974 -0.002746582
p 197 205 43.418503 -0.0223732
p 197 204 43.422554 0.023611069
p 196 203 43.46959 0.03193474
p 195 202 43.495197 0.09688187
p 196 201 43.535213 -0.010904312
p 197 200 43.570366 -0.01642418
p 197 199 43.61175 0.007978439
p 198 198 43.681324 0.005601883

c 62 55.74459
p 190 199 43.63262 -0.014305115
p 191 198 43.73214 0.036769867
p 192 199 43.651188 -0.15170288
p 193 198 43.699867 -0.03970337
p 193 197 43.73296 -0.007583618
p 192 196 43.770897 -0.015033722
p 191 195 43.864456 -0.014003754
p 192 194 43.989365 4.47106
p 191 193 44.24357 -0.16155434
p 191 192 44.735912 -3.5618248
p 192 191 54.26775 -4.3986683
p 191 190 76.14404 -0.8279991
p 192 189 89.14048 -1.7450256
p 191 188 92.12146 -4.769787
p 192 187 94.64986 -1.1101303
p 192 186 98.37592 -1.0653305
p 193 185 99.37721 -1.5306206

c 63 0.40816498
p 195 60 43.729645 -0.04886055
p 196 59 43.629093 -0.1721363
p 197 58 43.610954 0.074539185
p 196 57 43.54792 -0.04932785
p 197 56 43.519188 0.06245613
p 197 55 43.484394 -0.0656929
p 196 54 43.419926 0.0417099
p 196 53 43.405502 0.047346115
p 197 52 43.395275 -0.025463104
p 198 52 43.395275 -0.0043563843
p 199 52 43.384907 0.010635376
p 200 51 43.38453 -0.028921127
p 201 50 43.38193 0.029628754
p 201 49 43.3389 -0.040086746
p 200 48 43.3389 0.0153160095
p 200 47 43.32834 -0.019601822
p 201 46 43.32675 -0.013141632
p 202 46 43.32148 -0.0059871674
p 202 47 43.32148 -0.025606155

c 64 50.939655
p 198 73 94.32707 -3.3379173
p 199 72 93.00419 -6.094082
p 200 71 91.75547 -5.740471
p 201 70 90.27677 -5.69405
p 202 69 88.92166 -6.0610695
p 203 68 87.92647 -2.4904213
p 203 67 87.90661 -4.6937637
p 202 66 78.18715 -7.2728653
p 203 65 65.90581 -5.346546
p 202 64 46.394794 -6.563244
p 202 63 44.786808 0.79429436
p 201 62 44.195107 0.12226105
p 201 61 43.911842 0.06765938
p 202 60 43.798378 -7.247925E-4
p 201 59 43.703903 -0.06872368
p 200 58 43.610252 0.006134033
p 200 57 43.566944 -0.017137527
p 200 56 43.527813 -0.026262283
p 201 55 43.494408 -0.043750763
p 200 54 43.479637 -0.043970108
p 200 53 43.387417 -0.0053863525

c 65 9.691872
p 198 73 94.32707 -3.3123932
p 199 74 96.04691 -5.7052765
p 200 75 97.981705 -2.2984962
p 199 76 99.691124 2.2879982
p 200 77 101.370316 0.60980225
p 199 78 102.48387 -0.21062851
p 199 79 103.08622 -0.22208023
p 198 80 103.71926 -0.043842316
p 198 81 103.937836 -0.034374237
p 198 82 103.99371 -0.05350113
p 199 83 104.01894 -0.02155304

c 66 15.647202
p 199 203 43.456917 0.0074710846
p 200 202 43.513172 -0.12080574
p 201 201 43.530308 0.0151081085
p 201 200 43.587 0.0014152527
p 202 199 43.597393 -0.07107735
p 201 198 43.662804 0.0011920929
p 200 197 43.729424 0.02689743
p 201 196 43.774902 0.017211914
p 202 195 43.778423 -0.06396675
p 201 194 43.848248 0.13093376
p 200 193 43.8695 4.8298817
p 201 192 47.83689 2.2878761
p 200 191 59.10412 1.2039909

c 67 58.452297
p 202 174 101.770706 -0.122291565
p 203 175 101.41622 -0.5189476
p 204 175 101.04394 -1.1482773
p 205 176 98.72336 -4.224571
p 206 177 95.642365 -3.0414314
p 207 178 94.44642 -5.432396
p 208 179 93.30097 -7.379963
p 209 180 92.48166 -8.917416
p 210 181 91.472275 -6.830143
p 209 182 90.55611 -5.378086
p 210 183 89.390816 -11.260033
p 211 184 88.149956 -8.012341
p 210 185 87.05894 1.0197868
p 211 186 84.74401 -13.258358
p 212 187 82.9182 -4.6351357
p 211 188 81.791 -4.713211
p 211 189 81.791 -11.185898
p 210 190 64.965904 -13.15377
p 211 191 46.727577 -4.858925
p 211 192 44.952305 3.0442238
p 212 193 44.26888 0.06314659
p 212 194 43.99012 3.7778378
p 213 195 43.920403 -0.070905685
p 214 196 43.803867 0.012659073
p 215 197 43.741566 0.025892258
p 215 198 43.666744 -0.09224701
p 216 199 43.612114 -0.10479164
p 217 200 43.59706 -0.05135727
p 218 201 43.589558 -0.0011634827
p 218 202 43.543804 -0.025655746
p 217 203 43.48993 -0.048431396
p 218 204 43.476048 0.005367279
p 218 205 43.46574 0.03174019
p 218 206 43.428055 -0.06885147
p 219 207 43.414124 0.017988205
p 218 208 43.39185 -0.084630966
p 217 209 43.38294 0.017435074
p 217 210 43.371407 -0.0065517426
p 216 211 43.342182 0.012321472
p 215 212 43.32801 -0.016504288
p 216 213 43.31841 0.0113277435
p 216 214 43.31841 -0.029640198

c 68 59.887695
p 208 82 103.17153 -0.38126755
p 209 81 102.71804 -0.35461044
p 209 80 102.60873 -0.7865715
p 210 79 101.00343 -1.313221
p 211 78 100.65877 -1.0953522
p 212 77 99.33278 -0.98309326
p 213 76 98.778435 -1.5481644
p 214 75 98.44589 -1.6806145
p 215 74 98.06852 -1.3565216
p 216 73 97.84696 -1.0347328
p 215 72 97.63956 1.371067
p 216 71 97.375465 0.14618683
p 217 70 96.930244 -2.5703087
p 218 69 95.93554 -2.5200462
p 219 69 92.90407 -6.286598
p 220 70 91.171295 12.1588745
p 221 69 74.10678 -7.346409
p 222 68 71.71322 -28.956787
p 223 67 68.20371 -15.196419
p 222 66 64.26619 -0.97073364
p 223 65 58.229004 -2.2587624
p 222 64 47.001125 0.83670807
p 223 63 45.768394 -2.8371658
p 224 62 45.01146 11.774414
p 225 61 44.502502 0.17494202
p 226 61 44.01834 3.619688
p 227 60 43.809162 -0.09005356
p 228 59 43.760468 0.036462784
p 227 58 43.715805 -0.0032405853
p 226 57 43.60744 -0.12129974
p 225 56 43.58406 0.069610596
p 224 56 43.571835 -0.032585144
p 223 55 43.507427 -0.10191345
p 222 54 43.45802 -0.037893295
p 223 53 43.457794 0.021121979
p 222 52 43.44749 -0.01843071
p 222 51 43.4406 -0.09482765
p 222 50 43.4406 0.018381119
p 223 49 43.41625 -0.0066547394
p 224 48 43.384514 0.021080017
p 225 47 43.34613 -0.03327179
p 225 46 43.341637 -0.004491806
p 224 45 43.329185 0.019283295
p 224 44 43.286602 0.01867485
p 223 43 43.283836 -0.075242996
p 222 43 43.283836 0.024463654
p 221 42 43.286743 3.604889E-4
p 220 43 43.287872 0.003419876
p 219 42 43.295166 0.016237259
p 218 43 43.30787 -0.009162903
p 217 43 43.30787 -0.02291298
p 218 44 43.319366 0.030204773
p 218 45 43.338814 0.02199936
p 218 46 43.35201 -0.08243179
p 218 47 43.35201 -0.10398483
p 218 48 43.370644 -0.16314697
p 219 49 43.383514 -0.0783062

c 69 25.853256
p 217 84 103.18695 -0.6888695
p 218 83 102.54437 -1.357666
p 219 82 101.83597 -1.9846115
p 220 81 101.05774 -2.4785233
p 221 80 99.979965 -1.6644325
p 222 79 99.01678 -0.85004807
p 221 78 97.9026 -3.4762878
p 220 77 96.71706 -3.9060059
p 219 76 95.884224 -0.77936554
p 220 75 94.890656 0.26065445
p 220 74 92.79821 -5.708126
p 221 73 90.0397 -8.811127
p 220 72 88.15945 -1.4886513
p 221 71 85.36922 -6.784462
p 222 70 77.333694 -12.118595
p 223 71 87.77944 -4.176346
p 224 70 90.782036 1.2261848
p 225 71 93.01914 -6.089096

c 70 60.8377
p 219 100 104.10942 -0.023925781
p 220 99 104.0869 -0.04127121
p 221 98 104.07426 0.050682068
p 222 97 104.05289 0.029800415
p 223 97 103.89658 -0.11674118
p 224 96 103.63273 -0.23976517
p 225 95 103.23443 -0.4479828
p 226 96 102.982445 0.6021652
p 227 95 102.237495 0.14586258
p 228 94 101.90769 0.49866104
p 229 93 101.72395 0.6408882
p 230 92 101.44263 0.27271652
p 231 91 100.91229 0.25769806
p 232 90 100.67244 0.7528267
p 233 89 100.48833 -0.11305237
p 234 90 100.24738 0.073158264
p 235 89 100.08087 1.092041
p 236 88 99.7754 0.87504196
p 237 88 99.45172 -0.8273163
p 238 87 98.73975 -2.5899124
p 239 86 98.17405 -3.2653847
p 240 85 97.77184 -2.9558487
p 241 84 87.76927 -3.27631
p 242 83 86.07736 -9.517097
p 243 82 84.86899 -11.991966
p 244 81 83.97039 -7.8064575
p 245 80 83.24225 -13.076721
p 246 79 82.48052 -15.043785
p 247 78 81.77341 -12.138405
p 248 77 80.937515 -6.772606
p 247 76 79.859 1.1802444
p 248 75 78.29687 -16.552555
p 249 74 77.05571 -17.586449
p 250 73 75.5762 -16.98302
p 251 72 74.168076 -19.06543
p 252 71 72.66894 -20.681652
p 253 70 71.13504 -8.988789
p 252 69 69.940254 -2.217781
p 253 68 69.33152 -24.86937
p 254 67 69.30646 0.58367157
p 253 66 69.27814 3.8196793
p 252 65 69.1116 -2.1226044
p 252 64 45.39215 -0.92445755
p 252 63 44.447815 5.0549946
p 253 62 44.209 -0.065561295
p 253 61 43.95346 -0.11198044
p 254 60 43.826527 -0.024726868
p 255 59 43.717514 0.06268692
p 255 58 43.71043 -0.019737244
p 255 57 43.67011 -0.055015564
p 255 56 43.643253 -0.050178528
p 255 55 43.643253 -0.050178528
p 254 54 43.562862 -0.06862259
p 253 53 43.561478 -0.0024967194
p 252 52 43.513214 -0.01725769
p 251 51 43.494774 -9.784698E-4
p 252 50 43.450157 -0.014913559
p 252 49 43.397655 0.014490128
p 251 48 43.397655 0.02056694
p 250 47 43.38336 -0.1058445
p 249 47 43.38336 -0.002363205
p 248 46 43.368965 -0.014297485
p 247 45 43.33852 -0.012861252
p 247 44 43.33477 -0.019073486
p 247 43 43.307243 -0.020133972
p 246 42 43.27172 -0.074279785
p 245 42 43.27172 0.02573967

c 71 57.48981
p 224 180 101.26674 -0.21869278
p 225 181 99.920074 -0.052394867
p 225 182 98.96418 -0.90234375
p 226 183 95.27734 -2.0279846
p 227 184 93.46406 -4.6997337
p 228 185 91.92625 -5.891876
p 229 186 90.9513 -2.5748901
p 228 187 89.6531 -1.7659798
p 229 188 87.88069 0.9324417
p 228 189 81.202896 1.7567749
p 228 190 68.050964 -2.198967
p 229 191 44.91022 -3.2009735
p 229 192 44.34678 7.2362785
p 228 193 44.11727 11.592175
p 227 194 43.89934 4.5955276
p 226 195 43.776928 -0.052412033

c 72 60.720844
p 228 157 104.08915 -0.034061432
p 229 158 104.04022 -0.001209259
p 230 158 103.86397 -0.08843994
p 231 159 103.60451 0.14100647
p 232 160 103.31223 -0.33506012
p 233 159 102.973785 -0.077949524
p 234 160 102.60791 -0.23600769
p 235 161 101.98003 0.5321312
p 235 162 100.364944 -0.97455215
p 236 163 98.226036 -3.2859879
p 237 164 96.01207 -5.217121
p 238 165 93.98244 -8.576733
p 239 166 91.34168 -5.729225
p 240 165 89.38681 3.8574142
p 241 166 88.183716 -10.758408
p 242 167 87.10476 -13.638817
p 243 168 85.89924 -14.477089
p 244 169 84.55636 -15.319096
p 245 170 83.388695 -16.425343
p 246 171 82.25589 -18.331158
p 247 172 81.18899 -19.123283
p 248 173 80.1832 -19.30085
p 249 174 79.000496 -18.579262
p 250 175 77.431946 -10.956352
p 251 174 76.05067 0.3692627
p 252 175 74.47531 -20.779015
p 253 176 64.24837 -33.047962
p 254 177 62.070896 8.049473
p 253 178 60.40901 -0.72462463
p 254 179 59.09504 36.61773
p 253 180 58.06577 -36.389626
p 252 181 57.09391 -37.911545
p 251 182 56.176346 -34.10754
p 250 183 55.366886 0.20675659
p 251 184 54.440697 -31.73888
p 252 185 53.670372 -32.679295
p 253 186 52.920868 -32.69338
p 254 187 52.20351 -29.181248
p 255 188 51.509136 0.022983551
p 254 189 50.828194 -24.661476
p 253 190 50.164856 -34.096115
p 252 191 49.511215 -3.5274563
p 253 192 48.855354 5.8801155
p 254 193 48.200302 8.087158E-4
p 253 194 47.559303 1.4431114
p 252 195 46.96776 -0.58735657
p 251 196 46.37452 -0.53526306
p 250 197 45.828 -0.46629333
p 249 198 45.261044 -0.46342087
p 248 199 44.815254 -0.4271164
p 247 200 44.42669 -0.17090034
p 247 201 44.100845 -0.34446526
p 246 202 43.967037 0.2518959
p 247 203 43.68681 -0.038845062
p 247 204 43.644806 0.048791885
p 248 205 43.621548 0.053422928
p 249 206 43.47388 -0.13415909
p 249 207 43.415867 -0.022218704
p 248 208 43.415867 0.11963272
p 247 209 43.368305 -0.10921478
p 246 209 43.368305 -0.0135650635

c 73 13.696381
p 229 102 103.09826 -0.20982742
p 230 101 102.66022 -0.13692474
p 231 100 102.22789 0.22919083
p 232 99 101.884834 -0.10144043
p 233 98 101.594925 0.052433014
p 234 97 101.35104 0.65969086
p 235 96 100.996796 -0.26779175
p 236 95 100.63521 -0.2634964
p 237 94 100.181526 -0.46728516
p 238 93 98.71442 -1.0879059
p 239 92 97.99487 -0.9510727
p 240 91 97.313576 -1.6820412
p 241 90 96.26538 -1.8356438
p 240 89 95.18131 -1.2444077
p 241 88 93.81452 -5.977707
p 242 87 92.62404 -6.364609
p 243 86 90.83143 -5.1682053
p 242 85 89.40188 -8.578648

c 74 45.111702
p 230 174 101.20583 -0.4465599
p 231 175 99.95324 -1.6295433
p 232 176 98.75271 -1.6530037
p 233 177 97.54974 -2.4242554
p 234 178 96.61459 -3.6549568
p 235 179 96.210144 -0.57787323
p 236 179 96.15738 -1.7288246
p 237 178 91.44256 -7.585449
p 238 177 83.51067 -8.0323105
p 239 178 80.68121 -16.45723
p 240 179 77.76095 -17.904213
p 241 180 75.68884 -21.768517
p 242 181 73.28789 -25.084908
p 243 182 70.76943 -24.2429
p 244 183 68.95156 -27.508957
p 245 184 66.88413 -32.965405
p 244 185 64.21901 0.052280426
p 245 186 61.766087 -33.088406
p 246 187 59.47225 -20.094471
p 247 186 58.18101 -50.090614
p 248 185 57.126785 -36.88791
p 249 184 56.09413 -33.99202

c 75 0.42653275
p 231 219 43.24123 -0.008520126
p 232 218 43.24123 0.05491829
p 233 219 43.24187 -0.07805252
p 234 218 43.24187 -0.015203476
p 235 217 43.25556 -0.032585144
p 235 216 43.25556 0.047725677
p 236 216 43.26545 0.0057792664
p 237 215 43.274338 -0.08120537
p 238 214 43.2969 -0.041275024
p 237 213 43.312607 -0.035467148
p 236 212 43.346603 -0.04224205
p 235 211 43.346603 -0.037317276
p 235 210 43.364773 -0.008266449
p 235 209 43.379555 0.012161255
p 235 208 43.396698 0.011760712
p 234 207 43.417313 0.016714096
p 235 206 43.437943 -0.015106201
p 235 205 43.479656 -0.15919685
p 235 204 43.50127 -0.10597801
p 236 203 43.556263 -0.096567154
p 237 203 43.582962 -0.10604286
p 238 202 43.636753 -0.05645752
p 239 201 43.667763 -0.08198929

c 76 0.39271545
p 232 201 43.574223 0.023828506
p 232 202 43.52217 -0.07911873
p 232 203 43.497166 -0.041589737
p 233 204 43.497166 -0.05334282
p 233 203 43.500828 -0.055273056
p 234 202 43.53522 -0.017829895
p 235 201 43.591038 -0.0055732727
p 235 200 43.65586 0.031431198
p 236 199 43.70218 0.011098862
p 237 198 43.73222 -0.0010261536
p 238 197 43.776608 0.03235054
p 239 196 43.88988 -0.0021629333
p 240 195 43.88988 0.043123245

c 77 13.235222
p 233 79 100.96997 -0.68082047
p 234 78 100.43468 -0.24327087
p 234 77 100.25813 -0.8191757
p 235 76 99.251335 -2.4948616
p 236 75 98.93827 0.21385956
p 237 76 98.10474 -0.014144897
p 238 76 97.755005 0.26927185
p 239 76 97.37119 1.1350517
p 240 75 97.01318 -0.16964722
p 241 75 96.37073 -1.0714722
p 242 74 95.52653 -1.8754311
p 243 73 94.564476 -1.1348801
p 244 74 92.13561 -4.497532
p 245 75 90.51962 -5.1907654
p 246 76 87.73475 -4.90427

c 78 9.117897
p 235 153 104.02982 0.0010414124
p 236 154 103.994484 -0.04681015
p 235 155 103.823944 -0.100730896
p 235 156 103.6626 -0.041110992
p 235 157 103.31496 -0.25717545
p 236 158 103.064354 0.08709335
p 236 159 102.324 -0.18818665
p 237 160 101.44835 -1.0100746
p 238 161 100.38799 -1.4631195
p 239 162 98.775276 -4.4979324
p 240 163 97.10975 -6.530323
p 241 164 94.91193 0.6579933

c 79 0.32948303
p 238 47 43.330505 -0.063323975
p 239 48 43.38917 0.023586273
p 239 49 43.40287 -0.015083313
p 238 50 43.409233 0.007852554
p 238 51 43.43447 -0.035144806
p 238 52 43.47121 0.02368164
p 239 53 43.472214 -0.117284775
p 240 53 43.47377 -0.074474335
p 241 54 43.4917 0.007385254
p 242 55 43.557358 -0.10063934
p 242 56 43.58851 -0.0038394928
p 242 57 43.611202 -0.060245514
p 241 58 43.62304 -0.012506485
p 241 59 43.65999 -0.006860733

c 80 0.15187073
p 240 208 43.382954 0.026668549
p 241 209 43.366123 -0.02070427
p 241 210 43.349514 -0.006450653
p 242 211 43.335358 -0.1005764
p 243 212 43.329952 -0.027339935
p 244 213 43.312984 -0.06678963
p 243 214 43.289867 -0.0068588257
p 244 215 43.282486 0.0200634
p 243 216 43.2735 0.016551971
p 244 217 43.2735 -0.027692795
p 244 218 43.2602 2.3841858E-4
p 244 219 43.2602 0.00970459
p 245 220 43.246944 -0.0707798
p 246 221 43.242672 -0.007173538
p 247 221 43.242672 -0.03681183
p 248 220 43.240856 7.801056E-4
p 249 219 43.236614 -0.07554054
p 250 218 43.235455 -0.04639435
p 250 217 43.231083 0.05379677
p 251 216 43.231083 -0.043640137

c 81 6.1248627
p 244 87 95.90973 -4.1386795
p 245 88 98.939804 0.77140427
p 245 89 99.16331 0.27680588
p 246 90 99.54058 0.99284744
p 247 91 99.77681 0.06217575
p 248 92 99.976654 -1.235218
p 249 93 100.11621 -2.3561249
p 250 94 100.38368 0.16649628
p 249 95 100.71166 -1.5892982
p 248 96 101.17093 -1.3548279
p 247 97 102.03459 -1.3491554

c 82 26.158699
p 247 151 103.87025 -0.14384079
p 248 152 103.71174 -0.21412277
p 249 153 103.425896 -0.1474495
p 248 154 103.13932 0.18714905
p 249 155 102.83919 -0.11205292
p 250 156 102.40123 -0.40938187
p 249 157 101.30692 -1.025795
p 248 158 100.30264 -1.6975441
p 249 159 99.36622 -2.516388
p 250 160 98.576805 -1.4013519
p 249 161 97.62211 -4.3339043
p 248 162 96.7508 -0.16511536
p 249 163 95.70365 -4.050785
p 250 164 94.664635 -2.9524422
p 249 165 93.323685 -0.71022415
p 250 166 92.16664 -3.0659523
p 249 167 90.762375 -1.1215324
p 250 168 88.89077 -10.7140465
p 251 169 86.93885 -10.026707
p 252 170 85.31425 -13.048172
p 253 171 83.4154 -15.98624
p 254 172 81.66577 0.14922333
p 253 173 79.81153 -18.271816
p 252 174 77.71155 -14.372223

avg 29.5973
end