//fileLoc: inputData/gradient13.png
//fluxMulti: 3.0 channelCutOff: 10
//wk_fmin: 0.0 wk_fmax: 0.5
//total_mass_shift: 957.0
//colorstage1: 2 colorstage2: 3
# 91
avgCurve 0.47233278

c 0 0.4806404
p 0 45 44.375072 -0.07121277
p 1 44 44.375072 -0.017074585
p 1 45 44.384388 -0.052402496
p 2 46 44.411854 0.041057587
p 1 47 44.442104 0.053504944
p 2 48 44.4468 -0.056451797
p 1 49 44.46679 -0.027412415
p 0 50 44.503162 0.016384125
p 1 51 44.61466 0.09132004
p 0 52 44.657127 -0.040317535
p 1 53 44.70962 -0.053577423
p 2 54 44.855713 -0.055408478

c 1 27.874054
p 0 188 72.39528 -0.31819153
p 1 189 69.57736 -12.099297
p 0 190 50.385475 1.3772736
p 1 191 47.85678 -9.110504
p 0 192 47.216473 24.901554
p 1 193 46.603485 0.31552887
p 1 194 46.003162 -0.18655396
p 0 195 45.64941 4.272461E-4
p 0 196 45.43406 0.041996002
p 1 197 45.292892 0.111579895
p 2 198 45.12253 -0.070985794
p 3 199 45.01072 -0.074028015
p 3 200 44.92116 -0.009038925
p 2 201 44.864937 -0.05580902
p 1 202 44.864937 0.09553909
p 0 203 44.72129 -7.8201294E-4
p 0 204 44.606636 0.035812378
p 0 205 44.575085 -0.11842728
p 0 206 44.575085 -0.11130142
p 0 207 44.521225 -0.065122604
p 1 207 44.521225 -0.10243988

c 2 29.46798
p 0 188 72.39528 6.6391983
p 1 187 74.30726 -13.600761
p 2 186 75.90105 -14.141113
p 3 185 77.30945 -11.001595
p 4 184 79.44344 -2.728466
p 3 183 81.86982 3.7186737
p 4 182 83.787636 1.7618523
p 3 181 85.64076 1.1360817
p 4 180 87.11362 -4.8528595
p 5 179 88.48907 -3.268425
p 6 178 89.729744 -3.867756
p 7 177 90.83345 -3.040722
p 6 176 91.98746 0.11810684
p 7 175 92.98736 0.65073776
p 6 174 93.85246 3.3810616
p 7 173 94.840515 -3.9481544
p 8 172 95.99134 -3.9058418
p 9 171 97.70683 -4.7714806
p 10 170 99.66468 -3.3690262
p 11 169 101.86326 -0.9965935

c 3 23.261757
p 3 212 44.455154 0.03368759
p 4 211 44.464672 -0.0537014
p 5 210 44.492805 -0.028390884
p 4 209 44.527138 -0.0015487671
p 5 208 44.534405 -0.019191742
p 6 207 44.562496 -0.08150864
p 7 206 44.59392 -0.02435875
p 6 205 44.683453 0.050275803
p 7 204 44.701797 -0.011449814
p 8 203 44.7841 -0.08652878
p 8 202 44.875557 -0.034843445
p 9 201 44.93944 0.037647247
p 9 200 45.017315 -0.04678917
p 9 199 45.03047 0.0074768066
p 8 198 45.1477 -0.08357239
p 8 197 45.262527 -0.017665863
p 9 196 45.3151 -0.030952454
p 10 195 45.47272 0.035999298
p 11 194 45.71047 0.030845642
p 12 193 45.94472 2.9749775
p 13 193 46.454826 3.0195541
p 14 192 47.0462 2.0623627
p 15 191 47.58345 -7.005085
p 14 190 48.327377 -16.601906
p 13 189 50.701042 -13.559711
p 14 188 58.72196 1.5690994
p 13 187 63.52646 -20.211327
p 12 186 67.71691 -21.468079

c 4 42.0108
p 5 74 86.388824 -9.576275
p 6 73 82.01629 -13.072952
p 7 72 79.19988 -15.010281
p 8 71 59.107327 -25.721527
p 9 70 54.816345 -32.697525
p 10 69 52.262493 -32.257835
p 11 68 51.345284 -29.24768
p 12 67 50.556087 -27.709053
p 13 66 49.761913 -22.3129
p 14 65 49.004166 -10.042833
p 13 64 48.38537 15.936689
p 14 63 47.788612 4.214218
p 15 62 47.171093 4.1155376
p 16 61 46.70668 3.0467281
p 17 60 46.262802 0.089365005
p 18 59 45.939827 -0.016130447
p 19 58 45.701412 0.07277107
p 18 57 45.438892 -0.16127205
p 19 56 45.257637 -0.042646408
p 20 55 45.09051 -0.10770798
p 21 54 44.980274 0.12158775
p 22 53 44.883526 -0.0455513
p 22 52 44.843792 -0.1291542
p 22 51 44.766853 0.030378342
p 21 50 44.677284 -0.029249191
p 20 49 44.63311 -0.0076446533
p 20 48 44.616306 -0.0035381317
p 19 47 44.58298 0.020051956
p 19 46 44.542446 0.008333206
p 18 45 44.500324 -0.021877289
p 18 44 44.439354 0.0042495728
p 17 43 44.384254 -0.039758682
p 16 43 44.378025 -0.030521393
p 16 42 44.378025 0.059309006

c 5 22.605118
p 5 83 101.62243 -1.4704895
p 6 82 100.25105 -2.0952415
p 7 81 98.27253 -3.2069283
p 8 80 96.83956 -4.771961
p 9 79 96.700554 -0.21170807
p 10 78 96.66278 -0.48791885
p 11 77 96.43832 0.16857529
p 11 76 90.216125 -6.6595306
p 12 75 87.23962 -1.3686676
p 11 74 85.1914 -9.984032
p 10 73 82.52922 -14.499733
p 9 72 79.01731 -14.177429

c 6 0.63313675
p 8 211 44.434177 -0.09259415
p 9 210 44.479187 0.04451561
p 10 209 44.479187 -0.027017593
p 10 208 44.527508 0.028261185
p 11 207 44.59024 0.06281662
p 12 206 44.6323 -0.13030243
p 12 205 44.69383 -0.07548332
p 11 204 44.73102 -0.12869453
p 11 203 44.820274 0.0046081543
p 11 202 44.860676 -0.040397644
p 12 201 44.896294 -0.1935463
p 12 200 45.018433 -0.0065574646
p 12 199 45.067314 -0.037685394

c 7 55.012608
p 16 175 99.35615 0.4119606
p 17 176 98.2374 -0.36229706
p 17 177 97.31658 -1.4430199
p 18 178 94.89851 -2.6199913
p 17 179 92.37167 -2.435299
p 18 180 89.990486 -8.137535
p 19 181 87.69161 -9.564804
p 20 182 85.86996 -11.748703
p 21 183 84.377525 -13.906578
p 22 184 83.06782 -6.980896
p 23 184 82.323265 -2.889801
p 24 185 71.29249 -10.796814
p 23 186 69.046005 -1.1277809
p 24 187 66.436966 -2.226513
p 23 188 62.558952 -3.8988457
p 24 189 57.013954 -1.3537292
p 23 190 50.161327 2.3436165
p 24 191 48.99264 13.645056
p 23 192 48.081345 13.930628
p 24 193 47.35009 -0.7815819
p 25 193 46.71268 5.57864
p 26 194 46.163773 -0.2028923
p 27 195 45.81019 -0.1549511
p 28 196 45.650562 0.032886505
p 27 197 45.500275 0.1739502
p 26 198 45.283092 0.17778969
p 25 199 45.050003 -0.058898926
p 26 200 44.962498 0.04727173
p 25 201 44.909496 -0.014575958
p 24 202 44.861183 0.048130035
p 23 203 44.74443 -0.0011386871
p 23 204 44.71823 -0.07189369
p 23 205 44.678112 -0.052158356
p 23 206 44.64544 0.029218674
p 22 207 44.616302 -0.020097733
p 21 208 44.542343 -0.042345047
p 22 209 44.508984 -0.040563583
p 23 210 44.46887 -0.016899109
p 22 211 44.46887 -0.025465012
p 22 212 44.452892 -0.058534622
p 22 213 44.41956 -0.03933716
p 23 214 44.36404 0.045423508
p 24 215 44.34354 -0.049100876
p 24 216 44.34354 -0.042819977

c 8 45.70031
p 17 75 90.39774 -2.3381844
p 18 74 88.90571 -4.6938896
p 19 73 87.312546 -5.818901
p 20 72 85.37197 -7.6076736
p 21 71 83.19422 7.9056854
p 20 70 79.59339 1.570404
p 19 69 77.71605 -7.571781
p 19 68 75.48254 -8.684971
p 18 67 63.04549 -19.068722
p 19 66 56.931934 -22.754173
p 20 65 49.56007 -20.95259
p 21 64 47.523468 -2.4364662
p 20 63 46.70143 2.1359062
p 19 62 46.17327 0.25813675
p 20 61 45.90664 2.768961
p 21 60 45.734062 0.040748596
p 22 59 45.63352 0.05710411
p 21 58 45.47432 -0.11614609
p 22 57 45.37534 0.03982544
p 22 56 45.238052 0.024183273
p 22 55 45.0263 -0.100982666
p 22 54 44.964024 -0.013759613
p 23 53 44.86334 -0.029459
p 24 52 44.78108 -0.070158005
p 24 51 44.70754 -0.13361359
p 23 50 44.701084 -0.13379478
p 22 50 44.697433 -0.06820488

c 9 14.45649
p 17 75 90.39774 -3.073059
p 18 76 91.62939 -5.1985397
p 19 77 92.92687 -1.9002953
p 19 78 94.78569 -1.8808975
p 18 79 96.610016 -2.389988
p 17 80 97.48373 -0.6585541
p 18 81 98.77847 -1.319233
p 19 82 100.09279 -0.9087639
p 20 83 100.64551 -0.5135155
p 20 84 102.38042 -0.06927872
p 21 85 102.61253 -0.27462006
p 22 86 103.11661 -0.9532013
p 23 87 103.88757 -0.10537338
p 22 88 104.41821 0.24547577
p 23 89 104.85423 0.10997009

c 10 42.76272
p 27 46 44.479538 -0.15671921
p 28 46 44.479538 0.06568909
p 28 47 44.595043 -0.13371277
p 28 48 44.601078 -0.14399719
p 28 49 44.654297 -0.032182693
p 27 50 44.718864 -0.02169609
p 27 51 44.764626 0.032596588
p 28 52 44.80317 -0.07054901
p 29 53 44.860394 0.026880264
p 29 54 45.011337 -0.14819527
p 29 55 45.03462 -0.0303154
p 29 56 45.112938 -0.11415672
p 30 57 45.329895 0.1113987
p 31 58 45.427708 -0.042776108
p 31 59 45.593372 -0.087659836
p 30 60 45.776344 -0.11771965
p 31 61 45.93213 3.8012257
p 30 62 46.24958 -0.14334297
p 30 63 46.96597 3.3447456
p 31 64 47.764168 -5.8100147
p 30 65 49.882973 -7.6122704
p 31 66 56.925976 -20.00241
p 32 67 66.58242 -17.857098
p 33 68 77.34898 -7.5256157
p 32 69 87.242256 2.1704178

c 11 5.5504227
p 29 175 99.32284 0.3263855
p 30 174 100.339714 -0.4279518
p 31 173 100.7813 -1.6778488
p 32 172 101.209656 0.2907524
p 33 172 102.37375 -0.84727097
p 34 171 103.51271 -0.35969162
p 35 170 104.24527 -0.37790298
p 34 169 104.58973 -0.547863
p 33 168 104.753296 -0.10866165
p 34 167 104.86574 -0.045661926
p 34 166 104.87326 -0.004169464

c 12 12.140106
p 30 188 56.421047 -20.726467
p 31 189 50.867767 -25.259846
p 32 190 48.916874 -10.192976
p 31 191 47.91937 14.811041
p 32 192 47.026703 1.5013657
p 33 193 46.539944 0.23645401
p 33 194 45.9856 0.35715675
p 34 195 45.724392 -0.12042427
p 35 196 45.581333 -0.23837852
p 36 197 45.4041 -0.055244446
p 35 198 45.205914 -0.085474014
p 35 199 45.144768 -0.07218742
p 36 200 45.068233 0.04331398
p 36 201 44.973835 -0.049022675
p 35 202 44.846855 -0.05327797
p 36 203 44.716167 0.023021698
p 37 204 44.69636 -0.028921127
p 37 205 44.65338 -0.013753891
p 36 206 44.65052 -0.0032253265
p 37 207 44.593006 0.009868622
p 37 208 44.593006 -0.06831932
p 36 209 44.556767 0.03706932
p 37 210 44.54742 0.0086689
p 36 211 44.527687 -0.005613327
p 35 212 44.49536 -0.1537857
p 35 213 44.419964 -0.040958405
p 35 214 44.419964 0.0036468506
p 34 215 44.368305 0.03497696
p 34 216 44.33889 0.01603508
p 33 217 44.292526 0.0020484924
p 32 218 44.292526 -0.055152893
p 32 219 44.28094 -0.08575249
p 31 220 44.28094 -0.025863647

c 13 0.89652634
p 35 55 45.101738 -0.122018814
p 36 54 45.033806 0.13676834
p 37 53 44.905975 -0.029615402
p 36 52 44.84089 -0.04024887
p 37 51 44.83045 0.039287567
p 37 50 44.73596 0.008760452
p 37 49 44.73596 0.06272507
p 36 48 44.679546 -0.041851044
p 36 47 44.604023 -0.1519413
p 37 46 44.604023 -0.016414642
p 38 45 44.562603 -0.09100151
p 37 44 44.55981 0.07052994
p 38 43 44.483925 -0.07761383
p 39 42 44.46416 -0.035814285
p 40 41 44.440434 -0.07706261
p 40 40 44.422802 -0.032608032
p 41 39 44.40381 -0.06786728
p 42 38 44.3807 0.014451981
p 42 37 44.35537 -0.0016803741
p 41 36 44.335976 0.0060253143
p 40 35 44.331703 -0.037570953
p 41 34 44.32396 -0.029493332
p 42 33 44.305958 0.04293251
p 43 32 44.29072 -0.01322937
p 44 31 44.287975 -0.0033798218
p 43 30 44.25662 -0.09286308
p 42 29 44.239185 -0.080329895
p 41 28 44.219765 -0.08855629
p 40 27 44.20521 -2.861023E-5
p 40 26 44.20521 0.032344818

c 14 57.19718
p 38 47 44.621544 -0.008796692
p 39 48 44.67019 -0.06594849
p 40 49 44.723236 -0.030418396
p 41 50 44.765186 -0.07264519
p 41 51 44.796474 -0.040971756
p 42 52 44.90887 0.12130737
p 41 53 44.90887 -0.166996
p 40 54 45.060673 0.08636093
p 41 55 45.09126 -0.084192276
p 40 56 45.207935 0.0667038
p 40 57 45.443188 0.09546089
p 41 58 45.69193 -0.06905174
p 41 59 45.95613 -0.09767914
p 40 60 46.331722 0.007741928
p 41 61 46.87702 2.0535889
p 42 62 47.298927 -0.19776535
p 42 63 47.912033 -0.9389343
p 43 64 48.577812 -1.7369785
p 44 65 49.318924 -7.1669464
p 43 66 50.1096 -5.743864
p 44 67 50.879204 -3.3507767
p 43 68 51.755543 -23.02789
p 42 69 52.866886 -13.945919
p 43 70 53.818764 -25.282753
p 44 71 55.14732 -30.40466
p 45 72 56.40546 -15.559422
p 44 73 58.803833 4.586956
p 45 74 61.785603 -24.458435
p 46 75 64.03979 -26.92138
p 47 76 65.704605 -25.421032
p 48 77 70.01932 -24.701607
p 49 78 74.1052 -21.952408
p 50 79 78.16223 -4.5112
p 50 80 91.62768 -0.94519806
p 49 81 97.72471 -1.022541
p 48 82 99.350555 -2.641533
p 49 83 100.59047 -3.7160263
p 50 84 101.818726 -2.2575073

c 15 11.196335
p 39 87 104.23708 -0.38827896
p 40 86 103.5553 -0.7144432
p 41 85 102.70177 -0.48735046
p 42 84 101.99258 -0.08178711
p 43 83 100.96945 -1.2391586
p 42 82 100.28713 -0.67398834
p 43 81 99.38625 -2.7951698
p 44 80 97.99902 -3.4063377
p 45 79 96.91079 -2.78257
p 45 78 96.611084 -8.299576
p 46 77 93.04075 -5.7647133

c 16 7.166069
p 44 187 51.888912 -13.502464
p 45 188 50.80977 2.6724586
p 44 189 50.05005 4.526726
p 45 190 49.26717 7.328377
p 44 191 48.41152 10.181152
p 45 192 47.780464 4.8196354
p 46 193 47.169754 7.2310734
p 47 194 46.621803 0.064258575
p 48 193 46.134544 11.008259
p 49 193 46.065853 0.32572556
p 49 194 46.065853 0.2372551
p 50 195 45.953484 -0.13897324
p 49 196 45.794495 -0.08137703
p 49 197 45.58581 0.02444458
p 48 198 45.361217 -0.044569016
p 47 199 45.141376 -0.03794098
p 48 200 45.05617 0.04452896
p 49 201 44.91874 -0.14446068
p 49 202 44.889015 -0.11587143
p 49 203 44.722843 -0.16452408
p 48 204 44.722843 -0.04787445

c 17 52.029217
p 44 187 51.888912 1.1563339
p 45 186 53.154522 -21.906395
p 46 185 54.619225 -30.356827
p 47 184 56.513573 -31.628601
p 48 183 58.447002 -30.014328
p 49 182 60.147396 -24.094707
p 50 181 62.870132 -31.575172
p 51 180 66.181274 -14.040611
p 50 179 72.19694 5.2468605
p 51 178 74.8457 -19.425247
p 52 177 81.8224 -11.466873
p 53 176 83.46681 -10.6225395
p 54 175 85.30012 -11.44997
p 55 174 86.98066 -10.908722
p 56 173 88.55117 -0.40382004
p 55 172 96.42201 -2.4714165
p 55 171 100.610085 -0.411026
p 54 170 101.25819 -0.68573
p 53 169 102.0081 -0.028793335
p 54 168 103.32748 -0.6742668
p 55 167 103.91813 -0.5307045

c 18 0.6002579
p 47 52 44.854736 -0.014579773
p 48 51 44.80837 -0.011091232
p 49 50 44.74571 -0.026445389
p 49 49 44.679626 0.0033111572
p 50 48 44.664944 0.10172081
p 51 47 44.58126 -0.024080276
p 51 46 44.58126 0.020479202
p 52 45 44.495235 -0.07992363
p 52 44 44.45303 -0.073524475
p 52 43 44.45303 -0.055103302
p 52 42 44.41718 -0.04958725
p 51 41 44.392162 0.050445557
p 51 40 44.372578 -0.07891846
p 51 39 44.361954 -0.019817352
p 50 38 44.35094 -0.0053043365
p 51 37 44.348274 0.04175186
p 51 36 44.32185 -0.037324905
p 51 35 44.25448 -0.0713253
p 50 34 44.25448 -0.072029114

c 19 1.3354416
p 50 208 44.506466 -0.16937256
p 51 207 44.57741 -0.011259079
p 51 206 44.5908 -0.03814888
p 52 205 44.682568 -0.066106796
p 53 204 44.730293 -0.11607742
p 53 203 44.849884 -0.036476135
p 52 202 44.88456 -8.277893E-4
p 51 201 44.926395 0.019130707
p 52 200 45.06062 -0.0017261505
p 52 199 45.216328 -0.006082535
p 53 198 45.37965 0.0399971
p 52 197 45.568703 -0.082969666
p 53 196 45.841908 0.12102127

c 20 43.051098
p 51 217 44.329906 -0.056922913
p 52 216 44.3332 -0.0513916
p 53 216 44.357754 0.0019817352
p 54 215 44.358448 -0.12905884
p 55 214 44.358505 -0.058979034
p 56 213 44.390457 -0.012262344
p 55 212 44.42063 -0.01732254
p 56 211 44.462837 -0.079319
p 56 210 44.462837 -0.027433395
p 57 209 44.513912 -0.042211533
p 58 208 44.59 2.4795532E-4
p 58 207 44.64687 -0.119342804
p 57 206 44.683216 -0.108098984
p 56 205 44.768497 0.020580292
p 57 204 44.814648 -0.03247261
p 57 203 44.81792 -0.04293251
p 56 202 44.90506 0.048074722
p 57 201 44.96388 0.09989548
p 58 200 45.081066 -0.13528061
p 59 199 45.176212 0.0045547485
p 58 198 45.337032 -0.18492317
p 57 197 45.566643 0.10456085
p 56 196 45.899124 0.13589859
p 57 195 46.22495 -0.22313309
p 57 194 46.832893 3.4975033
p 58 193 47.50843 9.905548
p 59 192 48.187294 4.175186
p 60 191 48.925873 -2.9852257
p 59 190 49.648895 -9.546026
p 60 189 50.502724 -23.290024
p 61 188 51.498028 -18.726135
p 60 187 52.606747 -29.752945
p 59 186 53.805813 -18.267
p 60 185 55.44491 -29.290543
p 61 184 59.549038 -28.206009
p 62 183 65.47851 -12.1841545
p 61 182 70.47362 4.569927
p 62 181 73.4728 5.6723022
p 61 180 83.65946 -12.363743
p 60 179 87.381004 -11.459854

c 21 0.6599121
p 52 48 44.600895 0.015262604
p 52 49 44.633877 0.061517715
p 53 50 44.63457 -0.03487587
p 54 50 44.63457 -0.06506157
p 55 50 44.672207 -0.112817764
p 56 51 44.78456 -0.02917862
p 57 52 44.835567 -0.034259796
p 56 53 44.889523 0.07255936
p 57 54 44.90184 0.009714127
p 57 55 45.047916 0.15729713
p 56 56 45.110455 -0.017295837
p 57 57 45.260807 -0.018915176

c 22 8.143711
p 56 69 52.56711 -26.772068
p 57 68 51.551193 -29.577114
p 58 67 50.214817 -30.087967
p 59 66 49.297684 -23.24274
p 60 65 48.472015 -13.885347
p 61 64 47.852547 -3.0716228
p 62 63 47.240746 -0.022613525
p 61 62 46.793194 3.7959461
p 60 61 46.328842 -0.04024315
p 61 60 45.979385 -0.11364555
p 61 59 45.699177 -0.03179741
p 62 58 45.48823 -0.01978302
p 63 57 45.28578 -0.008037567
p 62 56 45.177723 0.046154022
p 63 55 45.018017 -0.020198822
p 62 54 44.971256 -0.013355255
p 62 53 44.884926 -0.058366776
p 62 52 44.83689 -0.08237076
p 63 51 44.765675 -0.12047386
p 63 50 44.714092 -0.03385353
p 62 49 44.714092 -0.031404495
p 61 48 44.65207 -0.0907917
p 61 47 44.591625 -0.06893349
p 60 46 44.557682 0.047893524
p 60 45 44.496223 0.036872864
p 59 44 44.466244 0.07109451
p 58 43 44.423397 -0.04011154
p 57 43 44.423397 -0.046007156

c 23 57.27937
p 64 84 101.58583 -1.5124016
p 65 83 100.23241 -3.3310547
p 66 82 99.2313 -2.5179253
p 67 81 98.45357 0.29790115
p 68 80 97.09025 -4.192726
p 67 79 95.73682 -2.5285912
p 66 78 94.8972 -0.3082924
p 67 77 94.46833 -2.6220284
p 68 76 94.31997 -1.5585899
p 69 75 94.26826 1.1058884
p 69 74 94.035965 1.4141121
p 70 73 89.85616 -3.378563
p 71 72 89.25535 -1.2692413
p 72 71 88.12888 -1.9997444
p 73 70 86.652 -0.34471512
p 73 69 80.08345 -8.068459
p 74 68 75.75481 -4.257324
p 73 67 71.63746 0.17713547
p 74 66 63.703026 -5.096943
p 73 65 51.474667 -3.6702843
p 74 64 47.773483 11.132967
p 73 63 47.030426 -0.8292141
p 73 62 46.492943 4.301422
p 72 61 46.15747 0.3387146
p 73 60 45.902843 0.028877258
p 73 59 45.655315 -0.105781555
p 74 58 45.529785 -0.1319809
p 74 57 45.31811 -0.09949875
p 74 56 45.14973 -0.01146698
p 73 55 45.0052 -0.0069522858
p 72 54 44.886456 -0.020723343
p 73 53 44.821793 0.055278778
p 74 52 44.77182 -0.050899506
p 73 51 44.71817 0.018493652
p 73 50 44.656406 0.044078827
p 72 49 44.612465 -0.08174515
p 72 48 44.611973 -0.0064144135
p 72 47 44.611973 -0.039424896
p 73 46 44.56766 -0.053108215
p 74 45 44.54147 -0.0022277832
p 73 44 44.522495 0.0059890747
p 74 43 44.47931 -0.026021957
p 75 42 44.446346 0.031946182
p 76 41 44.355415 -0.049734116
p 76 40 44.351532 0.011861801
p 75 39 44.34031 0.02566719
p 76 38 44.30646 0.022241592
p 75 37 44.30646 -0.033182144

c 24 0.6532974
p 65 201 45.008663 0.017175674
p 66 202 44.85576 -0.04427147
p 66 203 44.78649 -0.0139865875
p 66 204 44.752342 -0.05504036
p 66 205 44.70907 0.029851913
p 67 206 44.675663 0.065366745
p 66 207 44.62491 -0.10769272
p 65 208 44.603104 0.0012741089
p 65 209 44.58607 0.07145691
p 66 210 44.54977 0.007375717
p 66 211 44.54977 -0.02463913
p 67 212 44.45474 -0.063524246
p 68 212 44.42845 0.015638351
p 69 213 44.41966 -0.016557693
p 70 213 44.40016 -0.07178497
p 71 214 44.40016 0.0017738342
p 70 215 44.355366 -0.04011154
p 70 216 44.355366 -0.029937744

c 25 1.3565063
p 67 194 45.854637 2.8611183
p 68 195 45.741882 0.11377144
p 69 196 45.590397 0.023370743
p 69 197 45.52443 -0.029596329
p 70 198 45.441086 -0.06476593
p 71 199 45.293957 0.0067310333
p 70 200 45.10493 -0.10662842
p 71 201 45.02556 0.05665779
p 72 202 44.920094 0.011728287
p 72 203 44.86812 -0.084049225
p 73 204 44.75676 -0.0570755
p 72 205 44.703144 -0.009307861
p 72 206 44.613255 -0.0026302338
p 71 207 44.59741 -0.0039043427
p 70 208 44.56261 0.0049705505
p 69 209 44.53789 0.009691238
p 69 210 44.53789 0.032037735
p 68 211 44.49813 -0.0386734

c 26 38.29593
p 67 194 45.854637 2.3251362
p 68 193 45.91476 2.9592514
p 69 193 46.188854 3.7457447
p 70 192 46.53433 3.2695274
p 71 191 47.029644 -1.9876232
p 70 190 48.934235 -4.222002
p 71 189 59.534206 -0.10976219
p 70 188 68.32573 0.23539352
p 70 187 81.27606 1.0948792
p 71 186 82.84174 -3.5352554
p 72 185 84.150566 -1.577282

c 27 56.591587
p 68 167 100.89946 -0.84667206
p 69 168 99.40461 -3.9539642
p 70 169 97.648476 -4.338478
p 71 170 95.3632 -5.117985
p 72 171 93.202644 -4.756569
p 73 172 90.25044 -7.0689354
p 74 173 86.51543 -11.910061
p 75 174 81.118866 -20.908024
p 76 175 74.96672 -14.127029
p 77 176 73.30184 -12.830013
p 76 177 71.64017 0.016605377
p 77 178 70.09743 -20.380367
p 78 179 67.99818 -21.662792
p 79 180 66.3934 -25.980446
p 80 181 64.56101 -24.352741
p 81 182 62.517887 -15.549179
p 80 183 60.043915 0.24810028
p 81 184 58.3385 -31.324024
p 82 185 56.623837 -34.363907
p 83 186 55.06491 -31.590328
p 84 187 53.882294 -25.839619
p 85 188 52.376118 -20.44355
p 84 189 51.448345 -22.408741
p 83 190 50.62385 -7.2362804
p 84 191 49.71972 -0.903532
p 85 192 48.796265 0.8412113
p 86 193 48.02476 5.0602036
p 87 194 47.30595 0.060575485
p 88 193 46.792038 5.4144173
p 89 192 46.499523 14.949266
p 90 193 46.20815 11.052214
p 91 194 45.981056 0.29968262
p 92 194 45.736633 0.6459522
p 93 195 45.64971 -0.019838333
p 94 196 45.51518 -0.08763504
p 95 196 45.430214 0.0030899048
p 96 197 45.360645 -0.00484848
p 97 198 45.28342 -0.03488922
p 97 199 45.154644 -0.12972069
p 98 200 45.10762 0.018363953
p 98 201 44.99277 -0.02837181
p 97 202 44.86684 0.0178051
p 97 203 44.77855 0.052345276
p 98 204 44.721745 -0.12467766
p 99 204 44.713802 -0.05001831
p 100 205 44.701317 -0.031757355
p 100 206 44.639324 -0.051252365
p 100 207 44.60037 -0.14600372
p 101 208 44.565105 0.051597595
p 100 209 44.496685 0.0074367523
p 100 210 44.45815 -0.1655674
p 101 211 44.443756 -0.06181526
p 102 212 44.4414 0.015558243
p 101 213 44.358727 -0.005792618
p 102 214 44.358727 0.055547714
p 101 215 44.337284 -0.008691788
p 101 216 44.337284 0.012310028
p 100 217 44.329525 -0.0521183
p 99 218 44.328266 -0.05855751
p 98 218 44.307873 0.039592743
p 97 218 44.307873 -0.024461746

c 28 60.207832
p 74 51 44.727806 -0.0466671
p 75 52 44.751945 -0.0015335083
p 75 53 44.850582 -0.00803566
p 76 54 44.9944 -0.14429855
p 76 55 45.053207 -0.036151886
p 77 56 45.180893 0.013458252
p 76 57 45.274452 -0.08022499
p 76 58 45.52163 -5.5503845E-4
p 75 59 45.688427 -0.023075104
p 76 60 46.038723 0.10033989
p 77 61 46.456238 2.5891056
p 78 62 46.900932 4.6122417
p 79 63 47.45956 3.8917408
p 80 64 48.127956 -3.606903
p 79 65 48.978195 -9.274342
p 80 66 50.171936 -24.680248
p 81 67 52.473595 -17.45533
p 80 68 60.135994 -24.427929
p 79 69 64.985 -24.64722
p 78 70 74.48484 -17.986343
p 77 71 77.80124 -12.12994
p 78 72 83.26589 7.1877327
p 77 73 86.96289 4.002857
p 78 74 91.98238 1.3649178
p 78 75 93.510544 -2.4053154
p 79 76 94.91278 -2.2767677
p 80 77 96.117165 -1.6830292
p 81 78 97.36127 0.02722931
p 80 79 97.81772 -2.058632
p 79 80 98.135925 -4.255398
p 78 81 98.74508 -1.578598
p 79 82 99.7967 -3.094429
p 80 83 101.25607 -0.37338638
p 79 84 102.743164 1.3945923
p 80 85 103.67701 0.060703278
p 79 86 104.50802 0.06614685
p 78 87 104.80352 -0.05072403
p 77 88 104.90081 -0.066581726
p 77 89 104.93564 0.013595581

c 29 18.951904
p 75 163 104.366486 -0.22788239
p 76 164 103.44757 -0.42364883
p 77 165 102.68499 -0.3712387
p 78 166 101.68909 -1.6137695
p 78 167 101.602776 -1.9220581
p 79 168 99.15068 -2.7035942
p 80 169 98.51345 1.5799179
p 79 170 96.76329 -1.9533806
p 78 171 92.18807 -6.213936
p 77 172 90.07729 -11.535065
p 78 173 87.580666 -1.5348167
p 77 174 85.41458 -10.502655

c 30 0.07898712
p 75 217 44.333 0.02189064
p 76 216 44.33539 -0.031183243
p 77 216 44.33539 -0.044834137
p 78 216 44.340214 -9.2697144E-4
p 79 216 44.345165 -0.031885147
p 80 215 44.35169 -0.059669495
p 80 214 44.35169 -0.0075092316
p 79 213 44.367714 0.039663315
p 80 212 44.367714 -0.03614235
p 81 212 44.370872 -0.09966278
p 82 211 44.411987 -0.040878296

c 31 1.2797585
p 78 29 44.219616 -0.067445755
p 79 29 44.219616 0.0067710876
p 80 30 44.23102 -0.019248962
p 79 31 44.23102 0.07408333
p 79 32 44.252476 0.009466171
p 80 33 44.256554 -0.013040543
p 80 34 44.26852 -0.08766556
p 81 35 44.29628 -0.11289024
p 80 36 44.311897 0.042869568
p 81 37 44.33122 -0.11314583
p 81 38 44.361565 -0.25780678
p 82 39 44.37854 0.06185913
p 81 40 44.3899 -0.04660034
p 81 41 44.403187 -0.04169655
p 81 42 44.408638 -0.03832054
p 80 43 44.413742 -0.044538498
p 80 44 44.455128 -0.01125145
p 81 45 44.455128 -0.04030037
p 82 45 44.488747 -0.019620895
p 83 46 44.488747 -0.02952385
p 82 47 44.520206 -0.021520615
p 82 48 44.54538 -0.028213501
p 82 49 44.590267 0.0109939575
p 83 50 44.61005 -0.0418396
p 84 51 44.71631 -0.094236374
p 85 52 44.832176 0.12459946
p 86 53 44.832176 -0.045862198
p 87 54 44.877953 0.003604889
p 88 55 45.049488 0.027568817
p 89 56 45.065712 -0.03760338
p 88 57 45.245205 -0.014295578
p 87 58 45.317093 -0.10974312
p 87 59 45.499374 -0.022260666

c 32 35.339424
p 84 186 64.26736 -6.3892555
p 85 185 67.51963 -24.237347
p 86 184 69.590256 -23.190857
p 87 183 79.19485 0.38878632
p 87 182 80.01938 -9.474609
p 86 181 83.83082 -13.283802
p 85 180 86.437225 -5.9535103
p 86 179 89.40624 2.44104
p 85 178 91.999916 2.393818
p 86 177 93.71431 -7.7341576
p 87 176 95.07713 -2.911087
p 86 175 96.838264 1.6866074
p 87 174 97.913055 -2.6036644
p 88 173 99.60678 -0.10828781

c 33 38.739887
p 85 42 44.375988 -0.2287693
p 86 41 44.375988 0.009304047
p 86 42 44.403034 -0.022224426
p 87 43 44.429108 -0.047115326
p 88 42 44.429108 0.027637482
p 89 42 44.437584 -0.028169632
p 90 43 44.47655 -0.034772873
p 91 44 44.481083 -0.12384987
p 90 45 44.51344 -0.033082962
p 90 46 44.53513 -0.017313004
p 91 47 44.53513 -0.0027885437
p 91 48 44.56782 -0.058563232
p 91 49 44.60233 -0.020820618
p 92 50 44.69049 0.07980156
p 91 51 44.749203 0.037389755
p 92 52 44.82046 0.010116577
p 93 53 44.871 0.015119553
p 93 54 44.91337 -0.043395996
p 92 55 44.998848 -0.035318375
p 91 56 45.107464 -0.06113243
p 91 57 45.219917 0.039279938
p 92 58 45.381985 0.050590515
p 93 59 45.541725 -0.24921227
p 92 60 45.78701 -0.37785912
p 91 61 46.196884 0.89310265
p 90 62 46.718468 10.486191
p 91 63 47.399258 2.4794579
p 92 64 48.22664 -7.0572624
p 91 65 50.58927 -10.588245
p 92 66 60.290142 -2.0309772
p 91 67 65.71642 -0.16077423
p 92 68 69.63928 0.6016922
p 91 69 72.220604 2.5002708
p 92 70 74.65531 6.2641563
p 91 71 77.70342 -11.085327
p 90 72 80.256294 -7.849972
p 91 73 83.115875 -4.624649

c 34 54.94422
p 90 84 99.27356 -1.7225227
p 91 83 97.3143 -5.105175
p 92 82 95.6197 -5.213932
p 93 81 93.6268 -8.088459
p 94 80 91.86671 -9.614937
p 95 79 89.136696 -5.831543
p 96 80 82.806984 -2.4869843
p 97 79 78.18656 -18.25916
p 98 78 74.10477 -21.18077
p 99 77 70.592026 -23.052742
p 100 76 67.41892 -27.045547
p 101 75 62.92591 -30.424309
p 102 74 57.80867 -20.935009
p 103 73 56.84081 -35.404385
p 104 72 55.818764 -37.219223
p 105 71 54.72037 -35.039165
p 106 70 53.922543 -34.013145
p 107 69 53.13707 -34.712143
p 108 68 52.34556 -30.747547
p 109 67 51.575344 -21.344215
p 110 66 50.85951 -14.635925
p 109 65 50.169632 5.9948044
p 110 64 49.520226 -1.2961197
p 110 63 48.910645 2.754839
p 111 62 47.84357 0.86584854
p 112 61 47.260033 0.06153488
p 113 60 46.807224 -0.30776215
p 114 59 46.35273 -0.09284401
p 115 58 46.031208 -0.17960358
p 116 57 45.759296 -0.049268723
p 116 56 45.581726 -0.070352554
p 116 55 45.195522 -0.09171867
p 116 54 45.125164 -0.14873123
p 116 53 44.95934 -0.14029884
p 115 52 44.885067 0.009210587
p 115 51 44.806065 0.023071289
p 114 50 44.689075 -0.04962349
p 113 49 44.63413 -0.062036514
p 112 49 44.61315 -0.0353508
p 111 48 44.610786 -0.03507614
p 110 48 44.587513 -0.0057735443
p 109 47 44.567673 -0.007232666
p 109 46 44.555103 -0.047916412
p 108 45 44.470497 -0.03358841
p 107 44 44.462334 0.013801575
p 106 43 44.426952 -0.014883041
p 106 42 44.40478 -0.034931183
p 106 41 44.40478 -0.077739716
p 106 40 44.34757 -0.15459251
p 105 39 44.329338 -0.042476654
p 106 38 44.329338 -0.11973953

c 35 1.2765961
p 93 33 44.27541 -0.0742836
p 93 34 44.27541 -0.033945084
p 94 34 44.328716 -0.069950104
p 95 35 44.34397 0.02605629
p 96 36 44.349148 -0.0740757
p 96 37 44.349148 -0.15594673
p 97 38 44.35145 -0.0706501
p 96 39 44.37092 -0.055574417
p 96 40 44.40019 -0.0049819946
p 96 41 44.42928 0.08431816
p 95 42 44.42928 -0.06892395
p 96 43 44.44749 -0.0016937256
p 95 44 44.490406 -0.021194458
p 95 45 44.490406 0.03073883
p 94 46 44.503162 0.031002045
p 93 46 44.503162 -0.008598328
p 94 47 44.525894 0.0052433014
p 95 48 44.59357 0.04899788
p 96 49 44.612316 -0.050352097
p 96 50 44.646267 -0.050697327
p 97 51 44.715157 -0.06706047
p 97 52 44.85568 -0.043792725
p 98 53 44.935993 -0.06827545
p 99 54 45.059578 -0.0319252
p 99 55 45.222996 -0.0147686
p 100 56 45.278748 0.058149338
p 100 57 45.34385 -0.04463768
p 100 58 45.47886 0.038087845
p 101 59 45.552006 -0.027479172
p 101 60 45.552006 0.0725975

c 36 40.23995
p 99 181 84.68767 2.1798553
p 100 182 82.039986 -8.263607
p 101 183 79.92599 -13.546665
p 102 184 77.44989 6.3693924
p 102 185 73.23572 -13.388668
p 101 186 68.26063 -12.5867
p 102 187 65.68535 -20.91204
p 103 188 61.511097 -12.901131
p 102 189 54.297318 5.8213005
p 103 190 49.21709 5.5489693
p 102 191 47.525272 16.351337
p 103 192 46.863213 5.100954
p 104 193 46.339207 4.286661
p 105 194 45.88015 3.471859
p 106 194 45.560978 3.6736946
p 107 194 45.414555 0.19119263
p 108 194 45.31152 -1.9073486E-4
p 109 195 45.27313 -0.005504608
p 110 196 45.153168 -0.0833168
p 111 197 45.084766 -0.022359848
p 110 198 45.052547 -0.08111
p 110 199 44.97886 -0.14211464
p 111 200 44.91964 0.023103714
p 112 201 44.854614 -0.083488464
p 111 202 44.807274 0.003194809
p 112 203 44.77865 -0.019382477
p 112 204 44.67461 -0.01794815
p 111 205 44.62896 -0.068058014
p 111 206 44.608307 -0.01656723
p 110 207 44.55655 -0.049613953
p 110 208 44.536102 -0.067461014
p 111 209 44.515766 0.014419556
p 111 210 44.47609 -0.010332108
p 111 211 44.44772 0.0087070465
p 112 211 44.44772 -0.02037239

c 37 31.804176
p 100 86 98.184074 -3.0921135
p 101 85 96.40737 -5.874584
p 102 84 94.52947 -2.3596535
p 103 84 93.231705 -0.85388184
p 104 83 91.64212 0.14927673
p 104 82 90.44045 -6.9887047
p 105 81 83.45264 -14.711693
p 106 80 79.25674 -12.3570595
p 107 79 76.67343 -11.335804
p 106 78 74.30071 -22.363766
p 105 77 71.49137 -24.255367
p 104 76 69.12904 -26.785557
p 103 75 66.3799 -25.767124

c 38 0.76132584
p 100 196 45.33224 0.07828903
p 101 197 45.313583 -0.0021839142
p 102 198 45.14123 0.009483337
p 103 199 45.054256 0.06275749
p 104 200 44.981857 0.05186081
p 105 201 44.88892 -0.08233452
p 106 202 44.832806 -0.05944252
p 105 203 44.75792 -0.01004982
p 106 204 44.676334 -0.13129997
p 107 205 44.66129 0.06182289
p 108 206 44.611702 -0.031370163
p 109 207 44.570915 -0.016630173

c 39 25.635078
p 102 172 99.98591 2.0430717
p 102 173 97.51874 -2.2395248
p 103 174 95.65448 -2.9146805
p 104 175 93.94077 -0.27441025
p 104 176 91.466736 -5.7927513
p 105 177 88.17418 -8.295597
p 106 178 86.84169 -9.779636
p 107 179 84.65072 4.288536
p 107 180 82.03673 -9.710972
p 106 181 79.69133 -13.277447
p 105 182 77.92464 -12.704651
p 104 183 76.065056 -14.460804
p 103 184 74.35083 -12.530708

c 40 18.243378
p 108 179 83.565735 -9.02602
p 109 178 84.990845 -9.961868
p 110 177 85.94365 -8.266121
p 111 176 87.836815 -5.1310463
p 112 175 88.855156 -5.9614563
p 113 174 90.09189 -6.0931396
p 114 173 92.93689 0.18894958
p 114 172 93.51848 -3.70438
p 113 171 94.31881 -7.5903664
p 112 170 95.69736 -2.375225
p 112 169 100.0332 -0.121608734
p 113 168 101.172134 0.5106201
p 113 167 101.80911 0.82294846

c 41 3.5133438
p 113 63 47.764587 0.6300831
p 114 62 47.07851 -0.15733719
p 115 62 46.672253 4.619467
p 116 61 46.36218 2.6594105
p 117 60 45.999847 -0.11737251
p 118 59 45.88179 -0.018266678
p 118 58 45.745693 -0.13633728
p 119 57 45.650192 -0.056865692
p 120 56 45.482647 -0.05611229
p 121 55 45.28289 -0.03912735
p 121 54 44.99282 -0.061555862
p 121 53 44.943756 -0.015052795
p 122 52 44.870815 0.051416397
p 123 51 44.777054 0.033426285
p 124 50 44.704502 -0.0064029694
p 125 50 44.665424 -0.10139847
p 126 49 44.6645 -0.060009003
p 126 48 44.597637 -0.057779312
p 127 47 44.538174 -0.02706337
p 127 46 44.515205 -0.02330017
p 126 45 44.428947 -0.043979645
p 126 44 44.42859 -0.031576157
p 125 43 44.42536 0.027862549
p 126 42 44.42536 -0.011072159
p 125 41 44.39951 -0.036741257
p 125 40 44.386795 -0.07814407
p 125 39 44.346664 -0.09461594
p 125 38 44.34165 -0.04586029
p 126 37 44.326736 0.055093765
p 125 36 44.316143 -0.04259491
p 126 35 44.31286 -0.009662628
p 127 34 44.31286 0.0038604736
p 126 33 44.305595 -0.012718201
p 126 32 44.305595 -0.019203186
p 127 31 44.303635 -0.060422897
p 126 30 44.266575 -0.051567078
p 126 29 44.251244 -0.0077438354
p 127 29 44.251244 -0.046920776

c 42 0.31746674
p 115 203 44.70423 -0.0209198
p 116 204 44.698505 0.06492996
p 117 205 44.62258 0.053476334
p 118 206 44.62258 0.026132584
p 117 207 44.57666 0.0074825287
p 118 208 44.53076 -0.05516243
p 119 208 44.498882 -0.062042236
p 119 209 44.498882 -0.025623322
p 118 210 44.47311 -0.011026382
p 117 211 44.454308 -0.031454086
p 118 212 44.454308 -0.11321831
p 119 213 44.40902 -0.012580872
p 119 214 44.386765 -0.024471283
p 118 214 44.386765 -0.07831192

c 43 46.581314
p 120 206 44.61487 -0.08289719
p 121 205 44.66408 -0.039625168
p 121 204 44.746494 0.09497452
p 122 203 44.769512 -0.06150055
p 122 202 44.84059 -0.04622078
p 122 201 44.84059 -0.15130043
p 123 201 44.903744 -0.17412949
p 124 200 44.99646 0.046518326
p 123 199 45.054054 0.015861511
p 124 198 45.099754 -0.008893967
p 125 197 45.20413 -0.072481155
p 126 196 45.3089 -0.06313515
p 127 195 45.40916 -0.055192947
p 126 194 45.548412 2.4346943
p 127 193 45.739704 6.96599
p 126 192 46.079884 2.9861622
p 127 191 55.090343 3.4788246
p 126 190 62.99028 -5.9438343
p 127 189 75.01347 0.99502563
p 127 188 84.400246 -2.0393143
p 126 187 87.194176 -3.080101
p 127 186 89.44975 1.2124481
p 126 185 91.19618 -3.9800262

c 44 28.577686
p 122 80 73.34275 -12.042881
p 123 79 69.78288 -24.8862
p 124 78 66.64729 -28.15517
p 125 77 63.538155 -29.62078
p 126 76 61.565777 -28.164848
p 127 75 59.77236 -28.78889
p 128 74 57.80431 -25.670204
p 129 73 56.814323 -10.719273
p 128 72 55.570175 2.5276375
p 129 71 54.214844 -23.442299
p 130 70 53.363457 -26.004574
p 131 69 52.37398 -20.644878
p 132 68 51.69049 -12.147614
p 131 67 50.899273 3.5798302
p 132 66 50.202484 1.0012474
p 131 65 49.533485 -9.45542
p 130 64 48.904266 -4.9783115
p 129 63 48.30146 1.7934723
p 128 62 47.734673 8.105799
p 127 61 47.20556 0.853508
p 126 60 46.667694 0.036611557
p 127 59 46.111008 -0.24311256
p 127 58 45.837368 0.014226913
p 128 57 45.620697 0.1385479
p 127 56 45.231434 -0.07233429
p 126 55 45.149624 -0.015943527
p 126 54 45.011242 -0.05125618
p 126 53 44.872128 -0.085494995
p 127 52 44.790535 -0.079992294
p 127 51 44.782608 -0.07309151
p 126 50 44.765064 -0.03706169

c 45 0.3080368
p 122 215 44.32156 9.822845E-4
p 123 215 44.32156 0.010290146
p 123 214 44.387997 -0.06100464
p 124 213 44.395794 0.012268066
p 125 212 44.39811 -0.06616974
p 125 211 44.39811 -0.01792717
p 126 210 44.40711 -0.008350372
p 127 209 44.468567 0.02088356
p 126 208 44.544716 -0.06236267
p 125 207 44.544716 -0.11227417
p 125 206 44.60594 0.048322678
p 126 205 44.629597 0.047771454

c 46 56.68208
p 127 171 100.94804 -0.09767532
p 128 172 99.855934 0.08246994
p 127 173 99.11707 0.5222702
p 128 174 98.362946 -1.3409653
p 129 175 97.62801 1.2752075
p 129 176 96.942665 -0.1901474
p 128 177 95.34633 1.5415268
p 129 178 95.15526 0.015926361
p 130 179 94.615906 -0.25901413
p 131 180 93.73138 -0.3475647
p 131 181 91.212875 -3.2499352
p 132 182 89.91147 -3.6386375
p 133 183 89.249725 -2.3097725
p 134 184 88.486435 -0.7673378
p 135 185 87.86762 0.26784134
p 136 185 87.57809 -0.9688072
p 137 186 75.5765 -14.047302
p 138 187 71.76334 -7.6028214
p 139 188 51.535072 -21.202492
p 138 189 50.6659 -15.904451
p 139 190 49.90607 7.0688324
p 138 191 49.152214 11.559315
p 139 192 48.51089 12.202137
p 138 193 47.872375 5.500595
p 137 194 47.27453 1.4108429
p 136 195 46.77389 0.0404644
p 137 196 46.29741 0.042402267
p 138 197 45.90623 -0.060955048
p 139 198 45.637703 0.082172394
p 138 199 45.322712 1.7547607E-4
p 139 200 45.1054 0.06167984
p 139 201 44.991806 0.12414551
p 140 202 44.854935 -0.024454117
p 141 203 44.77765 0.006635666
p 140 204 44.69351 -0.08494949
p 141 205 44.632668 -0.13224602
p 142 206 44.595867 -0.018098831
p 141 207 44.58549 0.049232483
p 142 208 44.537403 -0.009151459
p 143 209 44.512688 -0.073200226
p 144 210 44.488758 -0.13046455
p 145 211 44.488758 0.0029697418
p 145 212 44.445934 -0.123477936
p 146 213 44.42206 0.043600082
p 146 214 44.40569 0.0025291443
p 145 215 44.3649 -0.0936985
p 144 215 44.3649 0.01773262
p 143 216 44.31936 -0.07946777
p 143 217 44.31936 0.015987396
p 142 218 44.267677 0.0077705383
p 143 219 44.265957 -0.033836365
p 144 219 44.265957 0.014404297

c 47 0.2290802
p 129 47 44.51087 -0.020021439
p 130 46 44.484074 0.046970367
p 131 45 44.470543 -0.031002045
p 130 44 44.470543 -0.01589775
p 130 43 44.445625 -0.026473999
p 131 42 44.39746 -0.10313606
p 132 41 44.389355 -0.096847534
p 132 40 44.36709 -0.05449295
p 133 39 44.32989 -0.12830925
p 134 38 44.314648 -0.069057465
p 135 37 44.306015 0.008300781
p 135 36 44.28179 -0.12978172
p 135 35 44.28179 -0.036128998

c 48 0.33938217
p 132 224 44.20684 -0.11074257
p 133 223 44.2333 -0.015365601
p 134 222 44.2333 0.022911072
p 133 221 44.235435 -0.019647598
p 133 220 44.235435 -0.018793106
p 134 219 44.251095 -0.10717583
p 135 220 44.26333 0.020809174
p 136 219 44.27882 -0.09199715
p 137 218 44.296295 -0.015918732
p 136 217 44.313717 -0.00815773
p 137 216 44.313717 0.04935646
p 136 215 44.328033 -0.023908615
p 135 214 44.350086 0.016420364
p 135 213 44.35505 -0.04463768
p 134 212 44.44545 0.02737999
p 135 211 44.490627 0.017152786
p 134 210 44.50395 -0.05086136
p 135 209 44.5418 0.054470062
p 136 208 44.546223 -0.051836014

c 49 14.939079
p 134 169 103.84865 -0.10633469
p 135 170 103.19988 0.077926636
p 134 171 102.71856 -0.005756378
p 134 172 101.75444 -0.38329315
p 135 173 100.9989 -0.1758194
p 135 174 99.81642 0.28969574
p 136 175 98.61042 -1.9252968
p 135 176 97.5379 -0.5150566
p 136 177 96.45838 -2.4187965
p 137 178 95.6982 1.9295006
p 137 179 95.2295 0.22338104
p 136 180 94.062904 -0.20159149
p 136 181 91.224754 -4.6806755
p 135 182 89.603775 -6.5967865
p 134 183 88.90957 -2.353016

c 50 57.36247
p 135 88 101.750275 -0.33046722
p 136 87 100.956924 -0.08344269
p 136 86 100.19771 -2.3030434
p 137 85 95.72418 -3.0846443
p 136 84 93.93126 -3.0233154
p 137 83 91.90192 -7.2499695
p 138 82 89.516136 -5.5592384
p 137 81 86.83104 -1.3425446
p 138 80 84.65709 -13.3234825
p 139 79 82.69505 -15.031441
p 140 78 82.027466 -14.926239
p 141 77 81.35719 -10.116444
p 142 76 81.010414 -12.546337
p 143 75 80.5119 -11.521858
p 144 74 80.15188 -9.447075
p 145 73 79.630806 -9.458488
p 146 72 79.00183 -9.563416
p 147 71 78.36107 3.223259
p 146 70 77.829185 4.0505867
p 146 69 77.17656 -1.3174019
p 145 68 52.84438 -25.709915
p 146 67 50.78262 2.5385437
p 145 66 49.56682 3.6609612
p 146 65 48.735306 6.695301
p 145 64 47.984867 11.331017
p 146 63 47.31439 11.872591
p 145 62 46.798195 7.2110577
p 146 61 46.336025 0.040348053
p 146 60 45.979015 0.02378273
p 146 59 45.66267 -0.059568405
p 147 58 45.449966 0.09674835
p 147 57 45.267025 0.08430672
p 148 56 45.183556 -0.04780388
p 148 55 45.05534 -0.16892052
p 149 54 44.963688 -0.09612656
p 149 53 44.88702 -0.10803604
p 150 52 44.74679 0.009698868
p 151 51 44.68097 -0.11831665
p 151 50 44.64148 -0.02173996
p 152 49 44.64148 0.038045883
p 151 48 44.53933 -0.022880554
p 150 47 44.521194 -0.033735275
p 150 46 44.467777 -0.08621597
p 151 45 44.45963 -0.017400742
p 152 44 44.425335 0.038959503
p 153 43 44.387806 -0.0063667297
p 153 42 44.387806 -0.07514191

c 51 1.2104111
p 140 59 45.713875 -0.12800789
p 141 58 45.47679 -0.06372261
p 142 57 45.437737 -0.038015366
p 143 56 45.226933 0.10291481
p 144 55 45.074883 0.011436462
p 145 54 44.99386 -0.08164787
p 146 53 44.92557 -0.045423508
p 147 52 44.7687 -0.06582451
p 146 51 44.690327 -0.101444244
p 146 50 44.64316 -0.13071823
p 147 49 44.624836 -0.014848709
p 148 48 44.532425 -0.1678257
p 149 47 44.503464 0.01884079

c 52 49.357388
p 140 187 52.277042 -31.524864
p 141 186 53.117996 -33.686523
p 142 185 53.95549 -31.160446
p 143 184 55.041447 -29.736034
p 144 183 55.88804 -29.574265
p 145 182 56.84613 -31.322075
p 146 181 58.30858 -31.916855
p 147 180 61.47165 -30.083023
p 148 179 65.546616 -26.943127
p 149 178 70.7697 -24.53289
p 150 177 74.604965 -11.359722
p 149 176 83.491264 12.324833
p 150 175 85.20586 -11.38327
p 151 174 88.10014 -12.981731
p 152 173 91.614075 -9.050236
p 153 172 94.710075 -6.3498
p 154 171 96.50952 -5.912731
p 155 170 99.177055 -3.5992165
p 156 169 101.63443 -0.57522964

c 53 23.362396
p 147 70 78.119865 -2.8897552
p 148 71 78.89595 -10.126923
p 149 72 80.20002 -13.452049
p 150 73 90.440346 -4.618309
p 151 74 92.62013 -3.9582253
p 150 75 94.09588 1.9827805
p 151 76 95.349075 1.8535576
p 152 77 96.10076 -0.7834587
p 151 78 96.85018 0.31476212
p 152 79 97.59057 -0.35649872
p 151 80 98.53302 0.04833603
p 152 81 99.434105 0.9659996
p 151 82 100.36929 0.85396576
p 152 83 101.48226 0.22732544

c 54 38.21148
p 151 183 82.52623 -7.2954483
p 152 184 77.0805 -15.914772
p 153 185 68.68694 -23.00093
p 154 186 64.462456 -24.997078
p 155 187 60.587536 -25.695065
p 156 188 55.169727 -15.616566
p 155 189 50.492363 1.6368141
p 156 190 49.15372 6.121006
p 155 191 48.38389 -6.5486355
p 154 192 47.558773 -0.08680916
p 155 193 46.995663 3.5777836
p 156 194 46.49288 0.30624962
p 157 195 46.07933 0.0823822
p 158 196 45.740005 0.014486313
p 159 197 45.45211 -0.08513832
p 160 198 45.347565 -0.02094841
p 160 199 45.180073 0.026176453
p 160 200 45.029675 -0.016197205
p 159 201 44.938725 0.014699936
p 159 202 44.8813 -0.08913994
p 160 203 44.851673 0.12103844
p 161 204 44.720875 -0.030208588
p 162 205 44.637325 -0.1526432
p 163 206 44.627193 0.02784729
p 163 207 44.576603 -0.009836197
p 162 208 44.502388 -0.062397003
p 161 209 44.490734 -0.025251389
p 161 210 44.490734 -0.03309822
p 162 211 44.447716 -0.0033874512
p 163 212 44.418385 -0.15293884
p 164 212 44.391266 -0.057489395
p 165 212 44.383327 -0.0013313293
p 165 213 44.383327 0.016195297
p 165 214 44.361458 -0.05417061
p 164 215 44.326954 -0.012350082
p 164 216 44.31475 -0.01023674
p 165 216 44.31475 -0.006975174

c 55 0.16122055
p 151 212 44.412907 -0.063697815
p 151 213 44.412907 -0.10700226
p 152 214 44.3943 0.04071045
p 152 215 44.378048 -0.009157181
p 152 216 44.378048 -0.11656761
p 152 217 44.342678 0.038362503
p 152 218 44.342678 0.022693634
p 153 219 44.29951 -0.047006607
p 152 220 44.279705 -0.066057205
p 153 220 44.279705 -0.02469635
p 154 221 44.253605 -0.04773903
p 153 222 44.251686 -0.1013546
p 152 222 44.251686 -0.09970093

c 56 0.24456024
p 155 210 44.49677 -0.12977791
p 155 211 44.479053 0.004968643
p 156 212 44.450466 0.008354187
p 157 213 44.4441 -0.036567688
p 158 214 44.399853 -0.03982544
p 158 215 44.38096 -0.02245903
p 157 216 44.37635 0.030033112
p 158 217 44.32442 -0.061756134
p 159 218 44.296936 -0.003973007
p 159 219 44.29135 -0.041093826
p 160 220 44.29135 0.04804802
p 159 221 44.275707 -0.061613083
p 158 222 44.259167 0.03189087
p 157 222 44.25221 -0.10889244
p 156 223 44.25221 -0.048326492

c 57 59.124363
p 157 56 45.198162 0.034561157
p 158 55 45.077145 -0.040237427
p 159 54 45.01769 -0.07242966
p 160 55 45.09634 -0.18925667
p 161 56 45.251785 -0.122823715
p 162 57 45.55747 0.037794113
p 163 58 45.762177 -0.22956848
p 163 59 46.158955 -0.017845154
p 164 60 46.642433 0.026884079
p 165 61 47.15265 0.03359604
p 166 62 47.750267 4.3344173
p 167 63 48.37171 4.139431
p 166 64 48.986313 -3.1331463
p 167 65 49.638012 -7.8076706
p 166 66 50.28589 -7.3080826
p 167 67 51.104362 -26.896397
p 168 68 52.35768 -29.058323
p 169 69 53.02059 -31.916584
p 170 70 53.970352 -35.432415
p 171 71 55.030087 -34.498947
p 172 72 56.109306 -33.287666
p 173 73 57.198193 -31.304749
p 174 74 58.391277 -29.217983
p 175 75 60.113552 -28.829311
p 176 76 62.60905 -28.545643
p 177 77 65.425804 -27.045624
p 178 78 67.778175 -5.3076324
p 177 79 76.50512 -19.158592
p 176 80 80.36469 -18.12394
p 175 81 82.54183 -15.284351
p 174 82 92.230125 0.80042267
p 175 83 94.2084 -5.537464
p 176 84 95.83655 -5.5908165
p 177 85 97.875404 -0.95175934
p 177 86 99.078224 -1.2837181
p 178 87 100.95968 -0.79198456
p 179 88 102.05009 -1.2253685
p 180 89 103.306496 -0.56595993
p 180 90 104.14205 -0.046653748

c 58 8.78907
p 157 86 102.74273 -0.68640137
p 158 85 101.72179 -1.7123528
p 159 84 100.511826 -2.4755325
p 160 83 98.992905 1.0930557
p 160 82 97.894104 -3.5459328
p 159 81 96.26565 -4.7999954
p 158 80 95.4548 -0.6016693
p 159 79 94.714966 -3.9327087
p 160 78 94.323586 -2.0422058
p 161 77 94.06058 -2.1286583
p 162 76 93.95366 -0.91627884
p 163 75 93.95366 -0.122047424

c 59 50.044796
p 160 182 94.38261 -2.2172737
p 161 183 93.04305 0.27423477
p 160 184 91.84023 -1.3499718
p 161 185 90.45691 -4.31678
p 162 186 89.433266 0.75492096
p 162 187 89.237785 -5.584812
p 163 188 82.63565 -8.79805
p 162 189 78.093704 -3.1882553
p 163 190 64.624016 -12.273891
p 164 191 48.77904 -5.1729603
p 163 192 46.75994 14.888203
p 164 193 46.292583 4.9242287
p 165 194 46.01723 -6.9236755E-4
p 166 195 45.76179 0.07750893
p 166 196 45.639927 -0.12771225
p 167 197 45.424236 -0.010709763
p 168 198 45.266018 -0.08064842
p 169 199 45.14906 -0.08087921
p 168 200 45.0212 -0.041639328
p 169 201 44.940514 0.031087875
p 168 202 44.8509 -0.010446548
p 167 203 44.7934 0.057512283
p 166 204 44.73736 -0.048919678
p 167 205 44.654774 0.030509949
p 167 206 44.57046 -0.0789299
p 166 207 44.508686 -0.013694763
p 167 208 44.49373 0.02853012
p 166 209 44.479107 0.011983871
p 166 210 44.46024 -0.017717361
p 167 211 44.437172 -0.004058838
p 168 212 44.394913 -0.0116176605
p 169 213 44.378254 -0.0049476624
p 168 214 44.33781 -0.017578125
p 167 215 44.33781 -0.023500443

c 60 35.469902
p 166 185 79.88674 -11.157787
p 167 186 76.35906 -21.778141
p 168 187 72.34827 -23.200233
p 169 188 68.213684 -20.707916
p 170 189 63.9798 -10.361645
p 169 190 49.273876 -8.799961
p 170 191 48.266224 -7.808441
p 171 192 47.52425 -2.2224598
p 172 193 46.87629 3.208828
p 173 194 46.353073 0.08611107
p 174 195 46.0351 -0.04147148
p 175 196 45.7111 0.006166458
p 174 197 45.550148 -0.049114227
p 173 198 45.325066 -0.016784668
p 174 199 45.130753 -0.12500763
p 173 200 44.967262 -0.039800644
p 174 201 44.967262 0.18100548
p 173 202 44.82816 -0.12041092
p 172 203 44.762154 -0.026100159
p 173 204 44.721012 0.021800995
p 174 205 44.63695 -0.052043915
p 174 206 44.626568 -0.098545074
p 174 207 44.569866 -0.069122314
p 173 208 44.52005 -0.075712204
p 172 209 44.504234 -0.018192291
p 172 210 44.470085 -0.08509636
p 171 211 44.470085 -0.1998558
p 170 212 44.41684 -0.07190323

c 61 0.45476532
p 172 53 44.850887 0.032506943
p 173 52 44.799828 0.006334305
p 174 51 44.729797 -0.06790733
p 175 51 44.729797 -0.10646629
p 176 51 44.693176 -0.08476639
p 177 50 44.685963 0.011919022
p 177 49 44.587883 -0.032699585
p 177 48 44.563423 -0.027254105
p 178 47 44.527996 -0.018449783
p 179 46 44.469807 0.04369545
p 179 45 44.469135 -0.018751144
p 179 44 44.432186 -0.062423706
p 179 43 44.432186 -0.06440735
p 180 42 44.396122 -0.047384262
p 181 41 44.396122 -0.02420044

c 62 52.348587
p 176 174 96.65106 -2.6714554
p 177 175 94.0158 -6.445381
p 178 176 88.848785 -3.4526825
p 179 177 86.867775 -8.445812
p 180 178 84.59722 -11.217556
p 181 179 81.04056 -13.735626
p 182 180 67.22501 -20.036926
p 181 181 63.518623 -29.578384
p 180 182 59.392593 -29.74617
p 179 183 57.539845 -13.454102
p 180 184 55.92974 -30.087593
p 181 185 54.551723 -32.15697
p 182 186 53.408386 -23.200794
p 183 187 52.45297 -14.966246
p 182 188 51.51118 1.8160706
p 183 189 50.710236 4.1614037
p 182 190 49.94358 9.165211
p 183 191 49.20971 11.233685
p 182 192 48.499214 12.047363
p 183 193 47.809864 5.730255
p 182 194 47.16613 2.085003
p 181 195 46.563156 -0.006696701
p 182 196 46.14063 0.016199112
p 183 197 45.76571 0.07306862
p 184 198 45.412094 0.006351471
p 185 199 45.17 -0.046628952
p 185 200 44.988438 -0.02341652
p 185 201 44.85776 -0.017139435
p 184 202 44.84212 0.11491966
p 183 202 44.7478 0.0017471313
p 182 203 44.7478 0.025014877
p 181 204 44.709873 0.01956749
p 181 205 44.694374 -0.034656525
p 181 206 44.67215 -0.030843735
p 181 207 44.588497 -0.060482025
p 182 208 44.50848 -0.022956848
p 181 209 44.503185 -0.0103263855
p 182 210 44.484577 -0.0063476562
p 183 211 44.409695 -0.03188896
p 182 212 44.384953 -0.0032577515
p 182 213 44.37285 -0.010213852
p 182 214 44.37255 0.01061058
p 183 215 44.34426 0.0064258575
p 183 216 44.322014 -0.10259819
p 183 217 44.322014 -0.0021018982
p 182 218 44.302475 -0.01735115
p 182 219 44.302475 -0.07354355

c 63 0.8694496
p 183 56 45.215862 -0.045783997
p 184 55 45.078003 0.018650055
p 185 54 44.9528 -0.06651878
p 186 53 44.881596 -0.017391205
p 187 52 44.757828 -0.009944916
p 188 51 44.699978 -0.107170105
p 189 50 44.65255 -0.029441833
p 188 49 44.581852 -0.074279785
p 189 48 44.555477 0.07104874
p 188 47 44.53754 -0.1692028
p 188 46 44.452686 -0.12266159
p 188 45 44.452686 -0.16466522
p 187 44 44.409004 0.035612106
p 187 43 44.395935 -0.051319122
p 187 42 44.395935 -0.062417984
p 186 41 44.363068 0.008901596
p 186 40 44.355236 -0.005548477
p 186 39 44.346413 -0.07100105
p 185 38 44.346413 -0.115888596

c 64 58.036755
p 183 56 45.215862 -0.045650482
p 183 57 45.445072 -0.007461548
p 184 58 45.62516 -0.05570793
p 184 59 45.917152 -0.26804733
p 185 60 46.342117 -0.264143
p 186 61 46.70357 2.9000072
p 187 62 47.431664 5.584755
p 186 63 48.129322 1.3556061
p 187 64 48.828655 -7.6209297
p 186 65 49.55845 -17.601357
p 185 66 50.485092 -13.316896
p 186 67 51.387802 -15.386597
p 185 68 52.088837 -1.9167175
p 186 69 53.050438 -20.099758
p 187 70 58.617756 -14.362797
p 188 69 66.101906 3.8896904
p 189 70 69.430885 -21.464851
p 190 71 73.25078 -20.281536
p 191 72 77.54333 -7.4885902
p 190 73 82.593315 -14.910446
p 189 74 85.45317 -12.717186
p 188 75 87.28497 -5.8696785
p 189 76 94.09074 -0.09403992
p 189 77 94.661865 -2.2259407
p 188 78 95.649734 -5.353256
p 187 79 96.49865 -3.2929344
p 186 80 97.24079 -1.6713791
p 187 81 98.28735 -2.7517166
p 188 82 99.31963 -3.5052261
p 189 83 100.2202 -2.0967598
p 190 84 101.787766 -2.2491798
p 191 85 102.35223 -1.8200569
p 192 86 103.25262 -0.7513771

c 65 39.98731
p 185 215 44.348064 0.050621033
p 186 214 44.36433 0.03583336
p 187 213 44.376484 -0.13783455
p 188 212 44.407955 -0.030820847
p 188 211 44.410698 -0.03480339
p 188 210 44.46647 0.006298065
p 189 209 44.4785 0.0018157959
p 188 208 44.549366 -0.016178131
p 189 207 44.61644 0.04526329
p 190 206 44.61644 -0.090135574
p 190 205 44.674595 0.026771545
p 189 204 44.69922 -0.0564785
p 189 203 44.73547 -0.14656067
p 189 202 44.80064 -0.085790634
p 190 201 44.825493 -0.06295776
p 189 200 44.953156 -0.032333374
p 190 199 45.101746 -0.061050415
p 189 198 45.24192 0.05828476
p 190 197 45.29557 -0.2361641
p 191 196 45.447712 0.07300949
p 190 195 45.564896 -0.04184723
p 189 194 45.643826 1.1874409
p 190 193 45.979805 2.7970066
p 191 192 46.589565 -1.0320396
p 192 191 47.309834 -7.872921
p 191 190 66.29165 1.406292
p 192 189 79.563034 -0.5999031
p 191 188 84.33537 -4.009922

c 66 0.86016464
p 191 216 44.323025 -0.045949936
p 192 215 44.33389 0.0057964325
p 193 214 44.364452 -0.14017105
p 194 213 44.375984 0.010652542
p 195 212 44.39528 -0.0680809
p 194 211 44.39528 0.04437828
p 195 210 44.42188 0.041950226
p 194 209 44.42188 0.04516411
p 195 208 44.4386 -0.0121593475
p 195 207 44.496754 0.018863678
p 195 206 44.576427 0.04339409
p 196 205 44.608635 -0.012325287
p 197 204 44.63915 -0.121572495
p 198 203 44.69273 0.026067734
p 197 202 44.79133 0.09262657
p 198 201 44.88831 -0.025527954
p 198 200 44.951565 -0.14666367
p 197 199 45.01704 -0.1348629
p 196 198 45.18319 0.038085938

c 67 0.18159103
p 192 43 44.38835 -0.014312744
p 193 42 44.35775 0.06210327
p 194 41 44.299057 -0.07686615
p 193 40 44.299015 0.032964706
p 194 39 44.299015 -0.007484436
p 195 38 44.274723 -0.03596306
p 196 37 44.274723 0.0024604797
p 196 36 44.258415 -0.004634857
p 195 35 44.240532 -0.111335754
p 196 34 44.207603 0.06813812
p 196 33 44.20676 -0.013528824
p 197 32 44.20676 -0.08349037

c 68 0.8952408
p 194 50 44.6068 -0.03378868
p 195 50 44.6068 0.023216248
p 195 51 44.63103 -0.16747665
p 194 52 44.72179 0.014089584
p 195 53 44.777233 -0.06912613
p 195 54 44.81791 -0.06628227
p 195 55 44.933006 -0.03722191
p 196 56 45.01152 -0.065273285
p 196 57 45.21162 -0.11985016
p 196 58 45.43122 -0.043066025
p 195 59 45.50204 -0.067619324

c 69 56.59662
p 198 168 101.03269 -1.335434
p 199 169 98.793465 -2.705761
p 200 170 97.51276 -3.5018768
p 201 171 96.71175 -2.9315147
p 202 172 96.53945 -1.1758308
p 201 173 96.35555 -1.1090355
p 202 174 95.51026 -1.5658684
p 203 175 95.18128 -0.68185806
p 204 176 94.45393 -2.0266418
p 205 177 94.02107 -1.84655
p 206 178 93.45753 -0.47039413
p 207 179 92.804146 -0.619297
p 208 179 92.42063 -2.7465172
p 209 180 87.95975 -3.2815323
p 210 181 87.71693 -1.0397873
p 209 182 79.55239 -15.73819
p 210 183 78.30664 -14.253746
p 211 184 76.882385 -7.48283
p 210 185 74.6962 4.9360886
p 211 186 59.814938 -27.191158
p 212 187 55.195198 -12.171284
p 211 188 52.444786 -36.49734
p 210 189 50.453438 -17.153252
p 211 190 49.505978 10.839951
p 210 191 48.64143 11.231375
p 211 192 47.955826 13.030737
p 210 193 47.183266 -0.20926094
p 210 194 46.570396 -0.23509789
p 210 195 46.07976 0.06398964
p 211 196 45.7582 0.13285637
p 212 197 45.461357 -0.15013313
p 212 198 45.199226 -0.15272713
p 213 199 45.0811 0.11508179
p 212 200 44.932312 -0.001449585
p 212 201 44.891632 -0.0119514465
p 212 202 44.77217 -0.083696365
p 213 203 44.764145 -0.0014038086
p 212 204 44.70424 -0.036254883
p 211 205 44.66759 0.03939247
p 211 206 44.624157 0.0015850067
p 210 207 44.546677 0.0049266815
p 210 208 44.502586 -0.08519173
p 209 209 44.497192 0.007047653
p 208 209 44.490334 -0.048015594
p 207 209 44.490334 -0.043180466
p 206 208 44.498653 0.04117775
p 205 209 44.48618 -0.013887405
p 204 210 44.459934 0.084049225
p 203 211 44.436073 -0.05314827
p 202 211 44.436073 -0.02963829

c 70 29.529465
p 200 71 74.0513 -16.746525
p 201 70 70.83619 -16.73388
p 202 69 52.14963 -20.766827
p 203 68 51.263668 -7.770035
p 202 67 50.209854 2.56493
p 203 66 49.378822 3.504242
p 202 65 48.46156 7.6848106
p 203 64 47.84708 -3.7010803
p 204 63 47.287575 0.026836395
p 203 62 46.777336 9.482502
p 204 61 46.335606 0.14664459
p 203 60 45.963272 0.018489838
p 202 59 45.594883 -0.06688309
p 201 58 45.379932 -0.120794296
p 201 57 45.10497 -0.12642097
p 202 56 44.921513 0.029996872
p 202 55 44.860012 0.007873535
p 203 54 44.795013 -0.10085487
p 203 53 44.747395 -0.0699482
p 203 52 44.674274 -0.071668625
p 202 51 44.622974 0.024942398
p 203 50 44.58731 0.02063942
p 202 49 44.521835 -0.0955677
p 201 49 44.521835 -0.055957794

c 71 1.0632782
p 201 193 45.57304 6.2882633
p 202 194 45.43408 0.08015251
p 201 195 45.381794 0.04644394
p 202 196 45.381794 -8.392334E-5
p 202 197 45.31309 0.014217377
p 203 198 45.178963 0.09155846
p 203 199 45.04979 0.029039383
p 204 200 44.941193 -0.07876778
p 203 201 44.84943 -0.034381866
p 203 202 44.846195 -0.09843254
p 202 203 44.761517 -0.013374329
p 203 204 44.70087 -0.0347538
p 203 205 44.58528 -0.028139114
p 204 206 44.58528 0.072553635
p 205 207 44.50976 0.059669495

c 72 29.59092
p 202 80 98.17578 -1.5871849
p 203 79 96.821495 -3.232479
p 204 78 94.980415 -1.4135132
p 204 77 94.558426 -1.9758224
p 203 76 88.68948 -5.8149567
p 204 75 85.97462 -9.880444
p 205 74 81.92884 -12.3071785
p 206 73 78.18467 -7.855442
p 205 72 75.58037 -17.698002
p 204 71 72.1373 -20.11779
p 203 70 68.58486 -15.704407

c 73 56.79097
p 205 85 101.34272 -1.9002991
p 206 84 99.96588 -1.741684
p 207 83 98.83979 -0.19186783
p 208 82 97.87121 -0.15987396
p 209 81 96.53597 -1.1950989
p 209 80 93.612976 -3.709053
p 210 79 91.88947 -5.0997925
p 211 78 91.08545 -5.5118256
p 212 77 89.69325 -5.4650955
p 213 76 88.33106 -5.976631
p 214 75 86.86029 -6.7406197
p 215 74 85.81197 -6.937397
p 216 73 84.21243 -7.034382
p 215 72 82.17565 0.60544586
p 216 71 80.3985 -12.44067
p 217 70 78.74108 -15.170593
p 218 69 77.08675 -9.7314415
p 219 70 75.05488 -1.1120567
p 220 69 72.11679 -15.262058
p 221 70 67.35521 11.075035
p 222 69 65.42923 -16.44683
p 223 68 61.451344 -13.303307
p 222 67 58.010742 3.6751328
p 223 66 55.527737 4.7751236
p 222 65 52.752106 5.5970573
p 223 64 48.065697 9.275906
p 222 63 46.82351 9.613386
p 223 62 46.133617 0.06917763
p 223 61 45.60383 -0.13413239
p 223 60 45.33438 -0.14379501
p 223 59 45.167526 0.013309479
p 223 58 45.056313 -0.15416336
p 223 57 44.980545 -0.03301239
p 222 56 44.922707 0.050325394
p 223 55 44.881466 0.052448273
p 222 54 44.7946 0.01342392
p 221 53 44.732956 -0.027448654
p 222 52 44.691288 0.0089149475
p 223 51 44.657192 -0.0172863
p 224 50 44.616203 0.01427269
p 223 49 44.55175 -0.068574905
p 222 49 44.55175 -0.027986526

c 74 11.738838
p 210 180 87.79715 -3.1529083
p 211 179 88.2288 -8.501522
p 212 178 88.790924 -9.5144005
p 213 177 89.41728 -8.920567
p 214 176 89.99029 -9.252178
p 215 175 90.9305 -8.470432
p 216 174 91.65256 -8.17569
p 217 173 93.19334 -7.192436
p 218 172 95.3914 -3.1568298
p 217 171 97.98465 2.3513985
p 218 170 99.53599 -3.107685

c 75 0.6652374
p 214 42 44.334442 -0.005678177
p 215 42 44.334442 0.036540985
p 215 43 44.343872 -0.042741776
p 216 44 44.350353 -0.014572144
p 216 45 44.434578 -0.026321411
p 216 46 44.43468 -0.032052994
p 217 47 44.468704 -0.117305756
p 218 48 44.589706 0.060329437
p 217 49 44.61864 -0.06221199
p 217 50 44.61864 -0.043994904
p 217 51 44.64722 -0.1056366
p 216 52 44.71295 0.00551033
p 215 53 44.765144 -0.028547287
p 214 54 44.781544 -0.05214691
p 214 55 44.858715 -0.106033325
p 215 56 44.92307 -0.07011795
p 216 56 44.92307 -0.07310104
p 217 57 44.92958 0.06360245
p 216 58 44.99968 -0.026268005

c 76 23.408417
p 214 89 102.342514 -0.74694824
p 215 88 101.58318 -1.075573
p 216 87 100.96975 -1.1710663
p 217 86 100.09931 -0.697834
p 216 85 99.525375 -0.40956497
p 217 84 98.96479 -1.2674522
p 218 83 98.33357 -1.4401588
p 219 82 97.61448 -3.4101105
p 220 81 96.91665 -3.1059875
p 221 80 96.3153 -1.8441811
p 222 79 95.570045 -1.4893188
p 221 78 93.91086 -2.2567253
p 220 77 89.973526 -4.1200294
p 219 76 88.940254 -3.0535622
p 220 75 86.7352 -5.0928993
p 221 74 85.53529 -3.8240814
p 220 73 83.180565 -2.8024445
p 221 72 81.52639 -14.611759
p 222 71 78.9341 3.5813255

c 77 1.0995712
p 215 210 44.448505 -0.048547745
p 215 211 44.448505 -0.06975937
p 216 210 44.48029 -0.048265457
p 217 209 44.511093 -0.04608345
p 218 208 44.52601 -0.012964249
p 219 207 44.596416 -0.077402115
p 220 206 44.67148 0.0052223206
p 220 205 44.760384 -0.018726349
p 221 204 44.764454 -0.13639069
p 222 203 44.916187 -0.12542534
p 222 202 44.95463 -0.04526329
p 222 201 44.991146 0.040416718
p 221 200 45.06532 0.08779526
p 222 199 45.162106 0.018333435
p 223 198 45.342037 -0.12223244
p 223 197 45.448883 -0.12548447
p 222 196 45.548077 -0.057855606

c 78 40.483925
p 218 218 44.311264 -0.058828354
p 219 217 44.311264 -0.14454842
p 220 216 44.38718 0.0029315948
p 221 215 44.407024 -0.09542656
p 222 214 44.407024 -0.053627014
p 222 213 44.416958 -0.03731537
p 221 212 44.46861 0.03514862
p 222 211 44.540195 -0.06509018
p 222 210 44.540195 -0.083711624
p 221 209 44.583332 0.007839203
p 222 208 44.585228 -0.0051898956
p 222 207 44.66384 0.037704468
p 223 206 44.73893 -0.06734657
p 224 205 44.789604 0.049699783
p 225 204 44.856625 -0.042787552
p 225 203 44.941917 0.025997162
p 225 202 45.044247 0.015081406
p 226 201 45.080425 0.006788254
p 227 200 45.148083 0.0047683716
p 228 199 45.247463 -0.0055160522
p 229 198 45.2684 -0.05379677
p 229 197 45.37762 0.0395298
p 230 196 45.5613 -0.0121536255
p 229 195 45.818302 -0.1295414
p 229 194 46.233124 2.443203
p 228 193 46.669914 5.5055447
p 227 192 47.215233 -1.337944
p 228 191 47.925293 -2.2289276
p 229 190 48.794693 -9.8030205
p 228 189 50.40364 -9.690077
p 229 188 60.452732 0.9750786
p 228 187 65.25814 -0.2145958
p 229 186 70.58425 5.4326553
p 228 185 73.90485 -16.171936
p 227 184 76.35534 -15.660793
p 226 183 80.45389 -13.029751
p 225 182 84.79519 -10.2890625

c 79 58.36505
p 221 99 102.60874 0.46138763
p 222 98 101.73268 -0.394104
p 223 97 101.05992 -0.9042015
p 224 97 99.81034 -1.4713974
p 225 96 97.222115 -0.9435234
p 226 95 96.27949 -2.5920181
p 227 94 95.46324 -0.89110184
p 228 95 93.5955 0.20704651
p 229 94 92.71336 -3.451088
p 230 93 92.388306 0.14734268
p 231 93 91.913086 -3.5292397
p 232 92 83.78376 -11.785534
p 233 91 76.688835 -14.072662
p 234 90 74.99315 -20.016727
p 235 89 73.53148 -20.065395
p 236 88 71.94717 -19.20111
p 237 87 70.703514 -24.254509
p 238 86 69.5317 -28.52044
p 239 85 68.2303 -27.962116
p 240 84 67.031845 -5.3698997
p 241 84 65.38391 -3.72052
p 242 83 63.534767 -18.963284
p 243 82 62.78408 -20.507671
p 244 81 62.06281 -13.704121
p 245 80 61.324944 -21.176723
p 246 79 60.589417 -22.97126
p 247 78 59.787117 -15.756874
p 248 77 59.072277 -9.57748
p 247 76 58.42416 9.105808
p 248 75 57.43689 -18.143715
p 249 74 56.741184 -20.43909
p 250 73 56.05846 -21.592007
p 251 72 55.397278 -20.297913
p 252 71 54.75347 -16.6221
p 253 70 54.126347 -4.5124245
p 252 69 53.51426 1.8018608
p 253 68 52.907127 -15.163315
p 254 67 52.295788 -0.004207611
p 253 66 51.681576 -2.702877
p 252 65 51.074722 -9.347612
p 253 64 50.47695 1.1793556
p 254 63 49.89853 0.019348145
p 253 62 49.36401 26.673187
p 254 61 48.822395 0.03489685
p 253 60 48.297867 0.053962708
p 254 59 47.806786 -0.18824005
p 254 58 47.376427 0.017795563
p 255 57 46.957447 -0.025569916
p 255 56 46.480267 0.07821274
p 255 55 46.034306 0.008232117
p 255 54 45.777695 0.13111877
p 254 53 45.608715 0.054786682
p 254 52 45.29637 -0.06705475
p 253 51 45.103874 0.11263847
p 254 50 44.954582 0.07083893
p 253 49 44.767582 0.03400612
p 254 48 44.6245 0.059280396
p 255 47 44.5387 0.057281494
p 254 46 44.521496 -0.1075058
p 255 45 44.496037 0.039138794
p 254 44 44.496037 -0.0046310425
p 253 43 44.47901 -0.014104843
p 254 42 44.44074 -0.042686462
p 255 41 44.4346 7.8582764E-4
p 255 40 44.404182 -0.041870117
p 255 39 44.348927 -0.33937836
p 255 38 44.348927 0.04576111
p 255 37 44.289787 -0.030635834
p 255 36 44.260292 0.06928635
p 254 35 44.24369 -0.028585434
p 255 35 44.24369 0.040618896

c 80 57.990765
p 222 164 102.47529 -1.4956093
p 223 165 100.336 -2.953865
p 224 166 98.28091 -5.0490723
p 225 167 95.78935 -6.3416367
p 226 168 92.86178 -8.057613
p 227 169 91.189896 -8.638226
p 228 170 89.46406 -7.377575
p 229 171 88.07733 -3.7594604
p 228 172 87.0149 2.6703491
p 229 173 86.47157 -8.620186
p 230 174 85.85644 -10.334782
p 231 175 85.17705 -9.983879
p 232 176 84.486755 -9.93169
p 233 177 83.54458 -10.436981
p 234 178 82.7038 -11.161022
p 235 179 81.52487 -4.756237
p 236 178 80.39609 -10.602928
p 237 177 79.221115 -1.5908585
p 238 178 77.385796 -9.280308
p 239 179 75.82634 -9.43412
p 240 180 75.143326 -8.841068
p 241 181 75.009605 -5.407604
p 242 181 74.898674 -7.068516
p 243 182 62.54258 -17.543655
p 244 183 61.985733 -15.92218
p 245 184 61.000233 -18.528038
p 244 185 59.735085 4.8847275
p 245 186 58.711132 -14.517525
p 246 187 57.854485 -15.63253
p 247 186 56.984512 -28.858543
p 248 185 56.23454 -22.569973
p 249 184 55.073803 -16.866882
p 250 183 54.380596 0.26122093
p 251 184 53.816536 -14.701324
p 252 185 53.22774 -18.21363
p 253 186 52.688335 -18.756138
p 254 187 52.22348 -15.708282
p 255 188 51.730335 -0.028289795
p 254 189 51.26356 -10.419277
p 253 190 50.815067 -22.817646
p 252 191 50.34434 -1.2493725
p 253 192 49.800438 13.418165
p 252 193 49.287838 8.506407
p 253 194 48.910507 -0.29832268
p 254 195 48.440544 -0.09263229
p 253 196 48.086784 0.0069885254
p 252 197 47.63778 -0.042081833
p 253 198 47.254345 -0.040485382
p 253 199 46.835217 -0.011167526
p 252 200 46.516586 -0.055330276
p 253 201 46.25708 0.054380417
p 252 202 45.975506 -0.11610794
p 251 203 45.642822 -0.015615463
p 252 204 45.41472 -0.07621002
p 252 205 45.196293 -0.015522003
p 251 206 45.08691 -0.06255722
p 250 207 44.91871 0.023880005
p 249 208 44.753174 0.039239883
p 248 209 44.58094 -0.02363205
p 247 210 44.547176 -0.0053424835
p 248 211 44.547176 -0.047634125
p 248 212 44.484524 -0.0060043335
p 248 213 44.484524 -0.08911896

c 81 36.76554
p 224 107 103.36257 -0.30369568
p 225 106 102.09427 -0.75299835
p 226 105 100.598465 -1.4152222
p 227 104 98.38553 -1.7328873
p 228 103 95.7809 2.0787086
p 229 102 89.41298 0.9874916
p 230 101 88.27425 -8.216736
p 231 100 87.58484 -8.414993
p 232 99 86.16114 -9.983105
p 233 98 85.08201 -10.878479
p 234 97 83.50382 -12.299053
p 235 96 82.28078 -10.8381195
p 236 95 81.503784 -9.408138
p 237 94 77.047104 -16.275055
p 238 93 76.26403 -15.086945
p 239 92 75.35201 -16.486034
p 240 91 74.42949 -16.791649
p 241 90 73.22267 -16.05584
p 240 89 72.247635 -6.8116264
p 241 88 71.186905 -27.73626
p 242 87 70.42167 -21.774548
p 243 86 69.57684 -14.8445015
p 242 85 66.59703 -22.110191

c 82 50.081387
p 227 146 104.985916 0.004005432
p 228 147 104.985916 -0.043361664
p 229 148 104.955124 0.04825592
p 229 149 104.80749 -0.27467728
p 230 150 104.14262 -1.1684761
p 231 151 103.18501 -2.0773392
p 232 152 101.18229 -1.3925972
p 231 153 99.34886 -4.2765503
p 230 154 98.06209 -3.5800514
p 229 155 97.25659 -1.8555298
p 230 156 95.947334 -5.5806885
p 231 157 95.29313 -5.3310127
p 232 158 94.57381 -5.16391
p 233 159 93.20817 -7.1599197
p 234 160 91.889465 -3.2407646
p 235 161 90.40385 -5.77512
p 236 162 89.023895 -5.503113
p 237 163 88.10261 -5.002907
p 237 164 88.03807 -7.017311
p 238 165 81.89956 -11.363258
p 239 166 81.24324 -2.5321045
p 240 165 80.16031 10.693974
p 241 166 79.60516 -7.054535
p 242 167 79.02511 -10.221661
p 243 168 78.41692 -9.976269
p 244 169 77.99589 -10.221725
p 245 170 77.737625 -11.01683
p 246 171 77.43854 -12.9021
p 247 172 77.18971 -12.898735
p 248 173 76.77223 -10.287205
p 249 174 76.309044 -6.493126
p 250 175 75.738075 -8.688656
p 251 174 75.02689 2.360794
p 252 175 74.06607 -3.882759
p 253 176 58.22571 -15.75198
p 254 177 57.741173 15.35582
p 253 178 57.123604 8.807285
p 254 179 56.6083 28.860168
p 253 180 56.081806 -17.492847
p 252 181 55.483376 -21.229603
p 251 182 54.90453 -17.64021

c 83 0.23295212
p 231 46 44.551655 0.07431412
p 232 45 44.511982 -0.09223747
p 232 44 44.46824 -0.083711624
p 233 43 44.46824 -0.15895653
p 234 42 44.43586 -0.05255699
p 235 41 44.417736 -0.05032921
p 234 40 44.391586 0.019733429
p 235 39 44.391586 0.019964218
p 234 38 44.38702 0.03558922
p 235 37 44.353806 -0.014125824
p 235 36 44.353806 -0.14564514
p 236 35 44.337383 -0.03934288
p 237 34 44.334587 -0.04208374
p 238 35 44.33264 0.0060310364
p 239 34 44.318703 -0.05775833
p 240 34 44.318703 -0.03406906

c 84 0.61751175
p 231 46 44.551655 0.059412003
p 232 47 44.59337 -0.03578186
p 232 48 44.615383 -0.009786606
p 231 49 44.672726 0.03269005
p 232 50 44.74045 0.023801804
p 233 51 44.804916 -0.10002899
p 233 52 44.861336 -0.03181839
p 234 53 44.988346 0.020421982
p 235 54 45.0643 -0.06749153
p 236 53 45.0684 0.026439667
p 236 52 44.982643 0.018932343
p 235 51 44.924 -0.0870285
p 235 50 44.77936 0.0075321198
p 235 49 44.684937 -0.047964096
p 236 48 44.6656 0.021169662
p 235 47 44.62392 0.02044487
p 236 46 44.603024 -0.034849167
p 235 45 44.528652 0.021446228
p 235 44 44.5164 0.006597519
p 236 43 44.466827 5.8174133E-4
p 235 42 44.45089 -0.029705048

c 85 0.779953
p 232 203 45.08148 0.07157898
p 232 204 45.02511 -0.060709
p 232 205 44.947327 0.0039787292
p 232 206 44.907005 -0.084192276
p 232 207 44.839275 -0.008457184
p 233 208 44.71734 -0.07346535
p 234 209 44.68816 -0.006380081
p 235 210 44.635853 -0.05008316
p 236 211 44.571774 -0.047777176
p 235 212 44.571774 -0.057985306
p 234 213 44.531734 -0.007839203
p 233 214 44.449024 -0.0064868927
p 234 215 44.449024 -9.250641E-4
p 235 216 44.42707 -0.1169281
p 236 217 44.418583 -0.16206932
p 235 218 44.383133 0.061603546
p 235 219 44.34088 -0.0013179779
p 234 220 44.317783 -0.01313591
p 233 221 44.317783 0.0136470795
p 234 222 44.305153 -0.00803566
p 233 223 44.301525 -0.05709839
p 233 224 44.301525 -0.056575775

c 86 30.938118
p 235 77 90.57368 -8.514088
p 236 76 82.54361 -10.523262
p 237 75 81.158005 -4.7701454
p 238 76 77.91577 -14.619598
p 239 77 74.3207 -9.017452
p 240 76 71.701355 -19.185154
p 241 75 69.641655 -22.141113
p 242 74 67.14462 -23.636372
p 243 73 65.09195 -11.280243
p 244 74 62.488197 -27.424702
p 245 75 61.01499 -27.666077
p 246 76 59.63556 -21.42434

c 87 19.421783
p 236 96 82.7953 -8.666908
p 237 97 84.558365 -14.809292
p 238 98 86.11414 -14.217258
p 239 99 87.31493 -11.961311
p 240 100 88.658646 -10.80217
p 241 101 90.66373 -9.93457
p 242 102 92.32823 -8.349106
p 243 103 93.77064 -2.5936546
p 242 104 97.846275 4.4505844
p 243 105 101.525604 -0.25982666
p 243 106 102.21709 0.599411

c 88 0.3953514
p 240 209 44.660744 0.033643723
p 240 210 44.660744 0.044174194
p 241 211 44.54546 -0.120420456
p 240 212 44.54546 0.038219452
p 240 213 44.476646 -0.009180069
p 241 214 44.447266 0.0061035156
p 241 215 44.406002 -0.020496368
p 241 216 44.397575 -0.062387466
p 240 217 44.384624 0.0059165955
p 241 218 44.366726 -0.13803482
p 241 219 44.33816 -0.076314926
p 242 220 44.324375 -0.085271835
p 242 221 44.30745 -0.12748909
p 243 222 44.287067 0.05578041
p 244 223 44.265984 -0.051002502
p 245 223 44.265984 -0.050245285
p 246 223 44.265392 -0.053617477
p 247 222 44.265392 -0.03207779

c 89 34.093643
p 243 87 70.39448 -14.51577
p 244 88 71.57455 -23.79747
p 245 89 73.17283 -20.477455
p 246 90 74.38948 -19.177658
p 247 91 75.93066 -18.85904
p 248 92 77.83619 -17.813923
p 249 93 81.00813 -17.470287
p 250 94 83.19282 -5.731529
p 249 95 91.01048 -5.507351
p 248 96 91.822334 -7.517086
p 247 97 93.63648 -5.8346825
p 246 98 96.34616 -1.5009346
p 247 99 98.519684 0.29816055
p 247 100 100.54173 -0.87514114
p 248 101 101.21378 -0.5641365
p 248 102 102.754906 -0.18737793
p 249 103 103.539024 -0.3714981
p 250 104 104.08284 -0.22984314
p 251 105 104.48812 -0.14749527

c 90 28.319649
p 243 146 103.436226 -0.57889175
p 244 147 101.84743 -0.9588585
p 245 148 100.682106 -1.6986694
p 246 149 99.58429 -1.0939217
p 247 150 98.33263 -2.3103638
p 247 151 97.577736 -3.8805885
p 248 152 93.55189 -7.9348717
p 249 153 90.54004 -11.388664
p 250 154 86.21406 -7.335079
p 249 155 85.45468 -8.434433
p 250 156 84.48134 -1.6442986
p 249 157 83.755325 -10.964291
p 248 158 83.08967 -10.564583
p 249 159 82.502495 -13.078003
p 250 160 81.95905 -6.9206734
p 249 161 81.383156 -9.898502
p 248 162 81.2917 -2.3712502
p 249 163 80.32448 -7.9079704
p 250 164 79.79307 -6.0743065
p 249 165 79.324425 3.7935104
p 250 166 78.817345 0.0901947
p 249 167 78.41695 0.55883026
p 250 168 78.002914 -9.004532
p 251 169 77.590225 -10.297073
p 252 170 77.09846 -11.869091
p 253 171 76.76966 -10.38113
p 254 172 76.29844 -0.14242554
p 253 173 75.79842 -5.4431114
p 252 174 75.11658 -3.033928

avg 23.992743
end