//fileLoc: inputData/gradient13.png
//fluxMulti: 3.0 channelCutOff: 10
//wk_fmin: 0.0 wk_fmax: 0.5
//total_mass_shift: 1492.0
//colorstage1: 2 colorstage2: 3
# 102
avgCurve 0.18326849

c 0 0.42156982
p 0 50 46.092144 -0.05007553
p 1 49 46.007305 -0.26125336
p 2 48 45.97282 -0.02708435
p 3 48 45.968655 -0.081768036
p 4 47 45.95215 -0.092847824
p 5 46 45.905804 -0.03784561
p 6 45 45.87282 -0.053936005
p 5 44 45.8003 -0.0077781677
p 5 43 45.734535 -0.07546997
p 6 42 45.682144 0.0051078796
p 6 41 45.670574 -0.03557396
p 5 40 45.670574 -0.0047950745

c 1 8.598724
p 0 188 54.24613 -0.06730652
p 1 189 53.50961 -19.601032
p 0 190 52.638344 26.709427
p 1 191 51.87407 0.038082123
p 0 192 51.12833 14.806705
p 1 193 50.48894 9.973434
p 2 194 49.832745 -0.6943779
p 3 195 49.22779 -0.004966736
p 3 196 48.543667 -0.05458069
p 2 197 48.128773 0.19725227
p 3 198 47.69732 -0.033647537
p 2 199 47.463577 0.10375023
p 3 200 47.08185 -0.2130413
p 4 201 46.82815 -0.045705795
p 5 202 46.63977 -0.006986618
p 4 203 46.484673 -0.08759117
p 5 204 46.372124 -0.15829468
p 6 205 46.327667 -0.07692146
p 6 206 46.18294 -0.040294647
p 5 207 46.069366 -0.04753685
p 5 208 46.024036 0.07149887
p 6 209 45.916145 -0.06590843
p 5 210 45.894043 0.03948021
p 4 211 45.80356 -0.034856796
p 5 212 45.80356 -0.039505005
p 5 213 45.772507 -0.025909424
p 6 214 45.6813 -0.08426666
p 5 215 45.6813 0.012039185
p 4 215 45.676174 0.02692604
p 3 216 45.650505 -0.088954926
p 2 217 45.650505 -0.03168106
p 1 216 45.647408 -0.18714905
p 0 215 45.647408 0.02048111

c 2 44.601036
p 0 188 54.24613 14.653427
p 1 187 55.20303 -19.237743
p 2 186 56.09262 -23.166626
p 3 185 56.890522 -18.705853
p 4 184 57.815746 -9.655727
p 3 183 58.636322 5.0113487
p 4 182 59.54126 2.0907745
p 3 181 60.52142 1.2261887
p 4 180 61.601543 -18.826088
p 5 179 62.411915 -20.872337
p 6 178 63.52708 -18.800514
p 7 177 64.58392 -11.656425
p 6 176 65.91616 4.154793
p 7 175 67.15248 -0.12232208
p 6 174 69.81142 7.9357376
p 7 173 71.91465 -16.164532
p 8 172 73.59143 -19.662304
p 9 171 75.373886 -19.101269
p 10 170 77.832756 -17.324852
p 11 169 80.862526 -16.312057
p 12 168 86.13383 -14.116203
p 13 167 90.06881 -10.424305
p 14 166 93.08394 -3.1687622
p 13 165 98.84717 -3.7556

c 3 58.87969
p 2 51 46.219425 -0.024503708
p 3 52 46.278748 0.021766663
p 4 53 46.366467 -0.09084892
p 4 54 46.535942 -0.03024292
p 5 55 46.680656 -0.05402565
p 6 56 46.8329 -0.11111641
p 6 57 47.056908 0.048690796
p 7 58 47.174057 -0.036701202
p 8 59 47.379555 -0.020189285
p 9 60 47.55277 -0.17573357
p 10 61 47.682983 1.2632866
p 11 62 48.127884 4.3020115
p 12 62 48.643208 5.485758
p 13 63 49.705246 0.36688995
p 13 64 50.174927 -0.106235504
p 14 65 50.804115 -8.23646
p 13 66 51.501015 -11.773256
p 12 67 52.284042 -13.954311
p 11 68 53.02 -16.134628
p 10 69 53.936646 -18.280643
p 9 70 60.072735 -0.043067932
p 9 71 64.37017 -6.5877686
p 10 72 66.62337 -17.791046
p 11 73 70.05586 -17.544579
p 12 74 73.023346 -8.187592
p 11 75 76.84105 4.8487396
p 12 76 79.94525 1.6736069
p 11 77 81.68596 -10.7143135
p 10 78 90.65466 2.140976
p 10 79 90.810555 -1.1334534
p 9 80 91.86317 0.19618607
p 10 81 92.07264 -3.1762886
p 11 82 92.648 -2.1110039
p 12 83 93.84807 0.12583923
p 11 84 94.95889 -1.7568741
p 10 85 97.50166 0.75655365
p 10 86 97.71867 -1.6460953
p 11 87 98.94758 -0.46380997
p 11 88 99.31977 -1.220192
p 10 89 100.29687 0.2867279
p 11 90 101.6208 -0.5643883
p 12 91 102.9352 -0.94667816
p 11 92 104.656364 -0.3276558
p 11 93 105.09911 -0.06261444

c 4 0.40940094
p 7 42 45.70076 -0.08407211
p 8 43 45.715897 -0.058538437
p 9 44 45.771748 -0.07205963
p 10 44 45.78812 9.098053E-4
p 11 44 45.824795 0.054258347
p 12 43 45.824795 -0.038934708
p 13 44 45.833435 -0.04735565
p 13 45 45.836063 0.03238678
p 14 46 45.914124 -3.6621094E-4
p 15 47 45.939568 -0.09989166
p 14 48 46.08605 0.09140968
p 15 49 46.11016 -0.11365509

c 5 10.90868
p 9 212 45.741802 -0.079307556
p 9 213 45.741802 0.085653305
p 10 214 45.667126 -0.0087451935
p 9 215 45.658604 -0.2564106
p 10 215 45.658604 0.030849457
p 11 215 45.693405 0.030668259
p 12 214 45.719994 -0.05498314
p 12 213 45.734695 0.0035686493
p 11 212 45.750286 0.03263092
p 12 211 45.802193 0.067770004
p 13 210 45.88403 -0.036699295
p 14 209 45.98307 0.0110569
p 15 208 46.065315 -0.040891647
p 15 207 46.162483 0.018331528
p 16 206 46.234875 -0.20178604
p 17 205 46.363277 -0.06640053
p 17 204 46.42141 -0.103759766
p 18 203 46.559803 0.06851387
p 17 202 46.68865 -0.053827286
p 17 201 46.753017 -0.051309586
p 16 200 46.961033 -0.15104866
p 15 199 47.062454 0.009437561
p 14 198 47.17154 0.079545975
p 13 197 47.39517 -0.099508286
p 13 196 47.489197 -0.23270035
p 14 195 47.79882 -0.038928986
p 14 194 48.009872 1.4373894
p 15 193 48.333405 6.590246
p 14 192 48.854992 3.227911
p 15 191 49.332893 -3.388548
p 14 190 49.95936 -6.3035965
p 13 189 50.774166 -8.108044
p 14 188 52.24311 -3.6858063
p 13 187 56.567284 -15.965031

c 6 46.949856
p 16 173 92.43137 -2.252945
p 17 174 90.68436 0.5213165
p 16 175 89.24738 1.3368073
p 17 176 87.62289 -6.194462
p 18 177 86.02906 -3.8849068
p 17 178 83.80389 -0.1920166
p 18 179 81.59408 -8.926449
p 19 180 79.30991 -11.271046
p 20 181 76.48775 -13.401939
p 21 182 74.098946 -16.148495
p 22 183 67.83153 -17.502857
p 23 184 62.246983 -10.818695
p 24 185 56.36944 -10.4067
p 23 186 55.19379 4.153343
p 24 187 54.32831 2.739479
p 23 188 53.45156 2.8255997
p 24 189 52.55442 5.9781914
p 23 190 51.689987 8.115101
p 24 191 50.77672 10.499783
p 23 192 50.098534 3.6514854
p 22 193 49.443226 4.4981213
p 21 193 48.764988 5.8492146
p 20 194 48.20921 0.84293175
p 19 195 47.92871 -0.19793129
p 18 196 47.717266 0.027755737
p 19 197 47.37154 -0.123989105
p 18 198 47.13105 -0.06928253
p 18 199 47.04657 0.12787819
p 19 200 46.855244 0.15689087
p 20 201 46.72448 0.080848694
p 21 202 46.55556 0.046812057
p 22 203 46.474575 -0.025894165
p 23 204 46.327778 -0.07164955
p 22 205 46.31849 -0.05905342
p 21 206 46.243313 -0.05794716
p 22 207 46.143353 0.07816887
p 21 208 46.028797 0.009626389
p 22 209 45.985764 0.0024375916
p 23 210 45.956375 -0.062257767
p 24 211 45.919483 -0.020046234
p 24 212 45.866436 -0.059461594
p 23 213 45.821873 -0.036312103
p 23 214 45.808224 -0.016489029
p 23 215 45.76815 0.0016746521
p 23 216 45.687378 -0.057523727
p 24 217 45.687378 -0.03142357
p 24 218 45.670307 -0.02101326
p 23 219 45.614784 -0.06682587
p 23 220 45.60501 -0.09241295
p 24 221 45.59591 -0.01374054
p 24 222 45.533665 -0.035476685
p 24 223 45.505276 -0.038381577
p 23 224 45.496563 -0.01647377
p 24 225 45.481518 -0.026845932
p 24 226 45.481518 -0.06064415

c 7 39.57081
p 17 76 84.98653 -1.772232
p 18 75 84.85609 2.3519402
p 18 74 84.85217 -1.4854355
p 19 73 74.897255 -12.158829
p 20 72 71.98457 -14.540962
p 21 71 58.075146 10.317413
p 20 70 56.884205 -21.639202
p 19 69 55.75228 -24.638
p 18 68 54.620926 -17.266855
p 19 67 53.643223 -22.04578
p 20 66 52.882706 -10.528744
p 19 65 51.835957 7.8132744
p 20 64 50.849976 2.434372
p 21 63 50.149597 4.4021835
p 22 62 49.503925 -0.034259796
p 21 61 48.928726 0.6431389
p 22 60 48.389107 -0.47499084
p 23 59 47.892036 -0.3717842
p 24 58 47.49271 -0.22719955
p 25 57 47.20507 -0.101387024
p 26 56 46.87306 -0.13604355
p 27 55 46.73599 -0.09108162
p 27 54 46.588394 -0.12233353
p 26 53 46.45163 -0.0068893433
p 27 52 46.32332 0.038261414
p 27 51 46.270782 -0.11869049
p 28 50 46.270218 -0.03250122
p 28 49 46.201447 0.006149292
p 27 48 46.057076 -0.06462479
p 26 47 46.042595 0.02286148
p 25 46 45.902466 -0.043605804
p 24 45 45.86954 -0.11543083
p 23 44 45.83361 -0.08676529
p 22 43 45.78629 -0.007127762
p 21 42 45.778004 0.03202057
p 20 41 45.746548 -0.03467369
p 20 40 45.668793 -0.070596695
p 19 39 45.658436 0.023147583
p 19 38 45.647087 -0.045894623
p 20 38 45.647087 -0.021104813
p 21 37 45.584595 0.024478912
p 22 36 45.538086 0.040605545
p 21 35 45.534145 -0.050848007
p 20 34 45.516582 -0.023744583
p 20 33 45.513134 -0.0436821
p 20 32 45.511524 -0.030069351
p 21 31 45.511524 -0.020383835
p 21 30 45.509937 -0.02192688
p 20 29 45.48666 -0.019756317
p 20 28 45.45157 0.016735077
p 21 27 45.44476 -0.087358475
p 22 27 45.44476 -0.16002083
p 23 27 45.436993 -0.13443947
p 24 27 45.415718 -0.053052902
p 25 26 45.415718 -0.11585426

c 8 17.573265
p 17 76 84.98653 -5.258774
p 18 77 85.36441 -5.5902863
p 19 78 86.172485 -3.1439285
p 18 79 88.26406 -5.7744484
p 17 80 89.74284 -1.5806351
p 18 81 91.02737 -5.110836
p 19 82 92.09198 -5.4413414
p 20 83 93.108604 -5.0202103
p 21 84 94.41639 -2.2346725
p 20 85 95.2798 0.22921371
p 21 86 96.425354 -4.0277405
p 22 87 98.53765 -2.4820175
p 23 88 100.0282 -1.655304
p 24 89 102.55979 -0.4223442

c 9 27.64013
p 23 183 73.688805 0.4318428
p 24 182 76.839645 -10.117516
p 25 181 79.42342 -7.198223
p 26 180 81.37862 -7.373867
p 27 179 84.914795 -3.0171013
p 28 178 86.11892 -3.1985474
p 29 177 87.019585 -4.4098167
p 30 176 88.17458 -3.4447136
p 29 175 89.290115 -1.1006355
p 30 174 90.159546 -5.9586334
p 31 173 90.79358 -6.6850624
p 32 172 91.586555 -2.1889496
p 31 171 92.42705 -6.0005913
p 30 170 93.09555 0.45488358
p 31 169 94.61772 -5.543377
p 32 168 98.74561 -0.74018097
p 32 167 99.57367 -2.3571968
p 33 166 101.32893 -0.5465965

c 10 0.4962387
p 27 35 45.54382 0.03938675
p 28 36 45.575516 0.01219368
p 27 37 45.575516 0.031856537
p 28 38 45.619164 -0.043964386
p 29 39 45.702923 -0.07082367
p 28 40 45.753315 0.056087494
p 28 41 45.75871 -0.08742523
p 28 42 45.75871 -0.10633087
p 29 43 45.847595 0.046840668
p 30 44 45.880054 -0.048236847
p 31 45 45.932346 -0.027404785
p 31 46 45.96039 -0.09023857
p 32 47 46.04006 -0.004556656

c 11 20.732239
p 28 52 46.355858 0.024568558
p 29 53 46.488323 -0.056858063
p 29 54 46.643547 -0.03829193
p 30 55 46.7984 -0.09193611
p 30 56 46.92922 -0.11656952
p 30 57 47.188957 -0.104854584
p 30 58 47.379936 -0.10381508
p 31 59 47.43241 -0.04030609
p 30 60 47.531395 -0.06557846
p 30 61 47.653057 2.260046
p 29 62 47.854717 5.228655
p 30 63 48.167522 4.8622475
p 31 64 48.720894 -1.3818684
p 30 65 50.096405 -4.319996
p 31 66 66.978645 7.12825
p 31 67 67.0881 1.4843636

c 12 32.23994
p 28 208 46.106045 0.060684204
p 29 207 46.112766 -0.11236954
p 30 206 46.141884 -0.011680603
p 30 205 46.219215 0.014469147
p 31 204 46.261158 -0.023159027
p 32 203 46.370377 -0.03549385
p 31 202 46.502537 -0.025100708
p 31 201 46.662487 -4.5776367E-5
p 30 200 46.838875 -0.0023880005
p 31 199 47.015934 0.030765533
p 30 198 47.150528 -0.032445908
p 31 197 47.3446 -0.013223648
p 32 196 47.417652 0.06433487
p 33 195 47.576096 0.08343506
p 34 194 47.776535 0.5984459
p 33 193 48.069942 2.871357
p 32 192 48.484364 4.02236
p 31 191 49.11608 0.8830204
p 32 190 49.87705 -7.4978046
p 31 189 51.000393 -12.99456
p 30 188 52.544132 -12.164507
p 31 187 70.35764 8.500439
p 31 186 70.35764 -5.291027
p 32 185 71.294685 -6.870487
p 33 184 72.99985 -3.9248123
p 34 183 75.011185 -5.130272
p 33 182 76.83155 1.6371155
p 34 181 78.345985 -6.6510887

c 13 0.5261612
p 34 207 46.108532 -0.088876724
p 35 208 46.07932 -0.0029563904
p 36 209 46.019756 -0.052526474
p 37 210 45.965637 0.06735611
p 37 211 45.892414 0.045726776
p 38 212 45.82236 -0.018230438
p 38 213 45.80988 -0.008174896
p 37 214 45.76148 -0.04060173
p 38 215 45.7379 0.017433167
p 37 216 45.719383 -0.038635254
p 37 217 45.683174 0.00504303
p 36 218 45.66321 0.043361664
p 35 219 45.58237 -0.04985237
p 36 220 45.58237 -0.04617119

c 14 0.37327957
p 36 225 45.485523 -0.10775185
p 37 226 45.485523 -0.040905
p 38 226 45.533978 0.018541336
p 39 225 45.561146 0.021810532
p 40 224 45.561146 0.019891739
p 41 223 45.587868 0.00920105
p 42 222 45.587868 -0.022834778
p 43 221 45.607662 -0.14096832
p 43 220 45.607662 -0.023578644
p 43 219 45.618813 0.022716522
p 43 218 45.64922 -0.029613495
p 43 217 45.656616 -0.111278534
p 44 216 45.69697 0.011350632
p 44 215 45.71568 -0.038560867
p 44 214 45.775936 -0.113580704
p 44 213 45.80263 -0.069257736
p 43 212 45.858803 0.027685165

c 15 0.31253433
p 36 225 45.485523 -0.0056324005
p 37 225 45.54078 0.055912018
p 38 224 45.563305 -0.08249664
p 38 223 45.563305 -0.050621033
p 39 222 45.567448 -0.13121605
p 38 221 45.567448 -0.008676529
p 38 220 45.56862 0.011289597
p 38 219 45.632717 0.06410599
p 39 218 45.643276 -0.06244278
p 40 217 45.643276 -0.092113495
p 39 216 45.727997 -0.013425827
p 39 215 45.773857 -0.007966995
p 40 214 45.786762 -0.06181717
p 40 213 45.798058 -0.08011627
p 40 212 45.798058 -0.091480255

c 16 0.5318947
p 37 47 46.05082 0.010795593
p 38 46 45.978054 -0.032447815
p 39 45 45.949562 0.038167953
p 39 44 45.893524 0.0047302246
p 40 43 45.842785 0.029972076
p 41 42 45.805145 -0.17634583
p 42 41 45.758568 -0.07018852
p 42 40 45.723263 -0.1327076
p 43 39 45.723263 0.031345367
p 43 38 45.681087 -0.014936447
p 44 37 45.63964 -0.010292053
p 44 36 45.63897 -0.09417534
p 45 35 45.631172 9.918213E-5
p 44 34 45.60481 -0.0061187744
p 45 33 45.589928 -0.033042908
p 45 32 45.56625 -0.03360367
p 46 31 45.56625 -0.040561676
p 46 30 45.518925 -0.1251049
p 46 29 45.518925 -0.025907516
p 47 28 45.518925 -0.022836685

c 17 54.774204
p 38 88 100.33673 -2.1910057
p 39 87 98.63709 -3.1380005
p 40 86 96.874115 -4.527115
p 41 85 95.288345 -4.1306953
p 42 84 93.757355 -5.492527
p 43 83 91.70595 -3.9699783
p 42 82 89.04945 -2.014267
p 43 81 86.70881 -13.217995
p 44 80 83.875984 -17.466465
p 45 79 80.51894 -22.488731
p 46 78 76.448456 -22.3993
p 47 77 69.31401 5.5511017
p 47 76 69.186554 -6.297638
p 46 75 58.063602 -17.188675
p 45 74 57.18987 -10.866756
p 44 73 56.268196 -11.935411
p 45 72 55.527443 4.550312
p 44 71 54.641323 -11.802467
p 43 70 54.034805 -10.689056
p 42 69 53.63876 -12.931562
p 43 68 52.57814 -12.573406
p 44 67 52.021065 -9.620855
p 43 66 51.25961 5.9147224
p 44 65 50.615902 6.3218365
p 43 64 50.03251 11.398348
p 44 63 49.47459 5.1358566
p 45 62 48.937622 4.3474483
p 46 61 48.383507 0.35561752
p 47 60 47.99439 0.04683304
p 48 59 47.703636 -0.12384415
p 49 58 47.45955 0.050388336
p 48 57 47.138306 -0.13956451
p 47 56 46.948246 0.103076935
p 48 55 46.805363 0.01335144
p 48 54 46.68618 -0.15689468
p 47 53 46.56916 -0.0074272156
p 46 52 46.381016 -0.020599365
p 46 51 46.353615 -0.028963089
p 47 50 46.302643 -0.17109108
p 48 49 46.187943 -0.09228325
p 49 48 46.114014 0.016706467
p 50 47 46.021896 0.001581192
p 50 46 45.96373 0.01786995
p 50 45 45.916447 -0.068733215
p 50 44 45.894913 -0.05896759
p 51 43 45.894913 0.06781006
p 52 42 45.83153 -0.084280014
p 53 41 45.81573 -0.07673645
p 53 40 45.78646 -0.15109825
p 53 39 45.78646 -0.123226166
p 54 38 45.700127 -0.019702911
p 55 37 45.655155 -0.0095767975
p 55 36 45.655155 -0.058404922
p 56 35 45.642235 -0.09976959
p 57 34 45.562527 -0.029399872
p 58 33 45.562527 0.05222702

c 18 8.248749
p 44 187 53.79186 -8.9284725
p 45 188 52.966476 1.1838036
p 44 189 52.245113 3.145218
p 45 190 51.538303 8.066929
p 44 191 50.854897 9.996981
p 45 192 50.200245 6.552759
p 46 193 49.551975 6.8926125
p 47 194 48.98329 1.1900463
p 48 195 48.47995 0.108356476
p 49 196 48.033302 0.02756691
p 48 197 47.720135 -0.09243965
p 49 198 47.401035 -0.09839058
p 49 199 47.08477 -0.021007538
p 48 200 46.868835 -0.06584358
p 47 201 46.68737 -0.06941986
p 47 202 46.652046 0.11555481
p 48 203 46.40741 -0.020900726
p 48 204 46.30312 0.061431885
p 48 205 46.27949 -0.038000107
p 48 206 46.223682 -0.015575409
p 49 207 46.183098 -0.022268295
p 49 208 46.12217 -0.039096832
p 50 209 46.029095 -0.10059166
p 51 210 45.9694 -0.09839821
p 52 211 45.966953 0.09424019
p 52 212 45.863728 0.004365921
p 51 213 45.84268 -0.018421173
p 51 214 45.803444 -0.058950424
p 52 215 45.803444 0.040756226
p 53 216 45.790825 -0.023212433
p 54 217 45.734207 0.028491974
p 54 218 45.699245 -0.084163666
p 55 219 45.699245 0.13604927
p 56 220 45.646812 -0.013494492
p 55 221 45.580666 0.0049934387
p 55 222 45.55779 -0.075538635
p 56 223 45.54311 -0.040603638
p 55 223 45.54311 -0.0860939

c 19 47.445866
p 44 187 53.79186 3.3344765
p 45 186 54.621727 -7.497795
p 46 185 55.47878 -16.332802
p 47 184 56.236343 -17.077782
p 48 183 56.947117 -14.672218
p 49 182 57.747536 -9.071606
p 50 181 58.719185 -18.199753
p 51 180 59.782192 -10.4755745
p 50 179 63.59422 6.5779724
p 51 178 80.67376 1.2682266
p 52 177 82.26264 -1.954689
p 53 176 83.96751 2.9326591
p 53 175 84.50945 -0.26143265
p 54 174 84.95255 -6.2866783
p 55 173 85.305725 -5.793476
p 56 172 85.656364 0.7386055
p 55 171 86.684494 -9.997337
p 54 170 88.3385 -9.988579
p 53 169 89.82448 -3.5188942
p 54 168 91.97852 -8.067154
p 55 167 98.05546 0.0022583008
p 55 166 98.271736 -0.7012749
p 56 165 98.58096 -0.8460655
p 55 164 99.49639 -1.8103523
p 54 163 101.237724 -1.5040855

c 20 33.367844
p 48 77 69.186554 -8.849091
p 49 78 79.83427 3.0483894
p 49 79 79.84498 -1.8626862
p 50 80 80.119064 -5.166874
p 49 81 80.57202 -12.586128
p 48 82 81.10047 -6.0405655
p 49 83 82.29064 -17.034763
p 50 84 84.19961 -6.9431953
p 49 85 87.443184 6.8785896
p 50 86 90.756805 -8.439983
p 51 87 94.09909 -7.2602234
p 52 88 96.89227 -3.759983
p 53 89 101.15631 -2.4967384
p 54 90 102.5544 -1.2583427

c 21 22.004417
p 51 80 82.08865 -8.99102
p 52 81 88.92581 -1.7717056
p 52 82 90.86614 -11.3580475
p 53 83 92.97742 -3.3267326
p 54 84 94.431175 -3.592083
p 55 85 95.989204 -2.730404
p 56 86 96.85688 -3.287651
p 57 87 97.539024 -3.7521667
p 58 88 98.92384 -2.971943
p 59 89 101.96235 -0.20664215
p 59 90 102.8687 -0.80903625
p 60 91 104.09307 -0.48609924

c 22 1.696701
p 52 197 47.59596 -0.0712719
p 53 198 47.39369 -0.045049667
p 54 199 47.157482 -0.023202896
p 53 200 46.932842 0.032104492
p 54 201 46.71039 -0.0010910034
p 53 202 46.58228 -0.06799126
p 53 203 46.535927 -0.045906067
p 54 204 46.453682 -0.050195694
p 53 205 46.372395 -0.13426208
p 52 206 46.17036 -0.005716324
p 52 207 46.13737 -0.059654236
p 53 208 46.096283 -0.091638565
p 53 209 46.06482 -0.051347733
p 53 210 46.03343 -0.100666046
p 53 211 45.899258 -0.059747696

c 23 0.33340454
p 53 43 45.876766 -0.036006927
p 54 44 45.892685 -0.09937096
p 55 45 45.902008 0.010951996
p 56 45 45.941284 -0.016439438
p 57 46 45.957363 -0.014110565
p 58 46 46.011665 -0.058338165
p 59 45 45.979786 0.055912018
p 58 44 45.90474 -0.07985306
p 57 43 45.85972 -0.02033043
p 57 42 45.83838 -0.05713272
p 58 41 45.76094 -0.03250885
p 57 40 45.746647 0.015247345
p 57 39 45.742844 0.007047653
p 56 38 45.67826 0.02315712

c 24 7.5077667
p 56 69 53.528893 -9.441271
p 57 68 53.006725 -16.21059
p 58 67 52.091637 -17.871716
p 59 66 51.44429 -12.927124
p 60 65 50.686745 -6.457796
p 61 64 50.183598 0.23006439
p 60 63 49.433964 7.7397003
p 61 62 48.84368 4.87537
p 62 61 48.478798 0.15731621
p 61 60 48.12505 0.018592834
p 61 59 47.751686 -0.023866653
p 62 58 47.51708 0.020774841
p 61 57 47.310345 -0.10718918
p 60 56 47.212456 -0.002084732
p 59 55 47.0745 -0.06414795
p 58 54 46.836147 -0.024318695
p 58 53 46.667812 0.0234375
p 59 52 46.519154 0.14894676
p 60 51 46.291504 -0.0110759735
p 60 50 46.291504 -0.07698059
p 60 49 46.21132 -0.0727005
p 60 48 46.10415 -0.04063797
p 60 47 46.07752 6.8092346E-4
p 59 46 46.021126 -0.011613846
p 59 47 46.10829 0.12245941
p 58 48 46.118484 -0.103961945
p 57 49 46.16001 0.015274048

c 25 8.596199
p 59 186 54.274918 -14.085579
p 60 187 53.37914 -14.189293
p 61 188 52.645554 -14.21006
p 60 189 51.752327 -9.830624
p 59 190 51.08085 -7.1529465
p 60 191 50.461212 11.925293
p 59 192 49.88746 6.5871506
p 60 193 49.36673 3.8612957
p 61 194 48.774353 0.22639847
p 62 195 48.256577 0.033304214
p 63 196 47.856487 -0.05832863
p 63 197 47.615807 -0.08241463
p 63 198 47.31179 -0.04261589
p 63 199 47.07417 -0.22201729
p 64 200 46.837444 0.030649185
p 64 201 46.75189 -0.049913406
p 63 202 46.60412 0.004995346
p 63 203 46.50313 -0.051929474
p 63 204 46.352493 -0.06153679
p 63 205 46.342495 0.068143845
p 62 206 46.193203 -0.059185028
p 62 207 46.193203 -0.052772522
p 62 208 46.069054 -0.1323204
p 63 209 46.0102 0.039096832
p 64 210 45.89347 -0.076826096
p 64 211 45.89347 -0.013076782
p 64 212 45.892994 -0.006372452
p 64 213 45.892994 -0.035699844
p 63 214 45.808174 -0.1681385
p 64 215 45.73827 -0.04314232
p 65 216 45.67872 -0.048934937
p 66 215 45.67872 -0.080430984

c 26 1.9919815
p 63 38 45.70363 -0.009284973
p 64 37 45.66161 -0.16796303
p 65 37 45.66161 -0.10335922
p 66 38 45.675278 -0.0037269592
p 67 39 45.67821 -0.11327171
p 68 40 45.739944 -0.010580063
p 67 41 45.798653 -0.35069084
p 67 42 45.798653 -0.088127136
p 67 43 45.90229 0.058799744
p 66 44 45.94722 -0.063812256
p 66 45 45.983665 -0.051145554
p 67 46 46.02742 -0.07947731
p 68 47 46.081234 -0.007440567
p 68 48 46.117725 -0.05265236
p 67 49 46.19905 -0.019273758
p 67 50 46.269855 -0.045553207
p 68 51 46.31785 0.13168526
p 69 52 46.477364 -0.058115005
p 69 53 46.620956 0.028173447
p 68 54 46.757027 -0.22641563
p 67 55 46.954533 0.011621475
p 66 56 47.24726 -0.010093689
p 65 57 47.433838 -0.12501526
p 66 58 47.65359 -0.09836006

c 27 55.66497
p 64 163 101.7183 -0.7831764
p 65 164 99.948364 -2.0992203
p 66 165 98.29579 -0.79888535
p 67 166 91.64114 -3.00111
p 68 167 83.81865 -13.456924
p 69 168 80.58859 -16.137802
p 70 169 75.749855 -19.127918
p 71 170 71.34071 -19.081001
p 72 171 69.98644 -15.848671
p 73 172 68.66337 -17.556198
p 74 173 67.16793 -19.697765
p 75 174 65.98536 -16.223701
p 76 175 64.63237 -10.500202
p 77 176 62.909046 -10.620094
p 76 177 62.095757 5.836399
p 77 178 61.180447 -11.231625
p 78 179 60.36015 -16.102123
p 79 180 59.581413 -17.175343
p 80 181 58.820934 -14.292103
p 81 182 58.074013 -11.729118
p 80 183 57.4189 5.017029
p 81 184 56.765118 -15.298943
p 82 185 56.135258 -20.026325
p 83 186 55.37951 -15.581135
p 84 187 54.61813 -11.443951
p 85 188 53.252968 -15.534252
p 84 189 52.466 -11.579903
p 83 190 51.79558 -4.8380394
p 84 191 51.169533 14.240692
p 83 192 50.565617 6.85907
p 82 193 49.97218 6.40806
p 81 194 49.423397 -0.0077610016
p 80 195 48.920982 -0.009101868
p 80 196 48.46932 0.09608269
p 81 197 48.01911 -0.26404762
p 80 198 47.724796 -0.06718063
p 79 199 47.40725 -0.07682991
p 80 200 47.090454 -0.009887695
p 80 201 46.923756 -0.061208725
p 80 202 46.7445 0.06380081
p 79 203 46.542156 0.028198242
p 80 204 46.41236 -0.050457
p 81 205 46.39318 0.019813538
p 82 206 46.317608 0.024965286
p 82 207 46.151768 -0.08729553
p 83 208 46.089687 0.01408577
p 82 209 46.05333 -0.066576004
p 81 209 46.05333 -0.07369995

c 28 22.122551
p 64 206 46.230873 -0.04507065
p 65 205 46.321705 -0.03133583
p 65 204 46.38028 0.005125046
p 66 203 46.51267 -0.07819748
p 67 202 46.645035 0.106077194
p 66 201 46.734966 -0.105609894
p 65 200 46.825912 -0.12439728
p 66 199 47.14074 -0.02268219
p 67 198 47.298443 -0.07258797
p 67 197 47.55942 0.039110184
p 67 196 47.759945 -0.1049633
p 68 195 47.968506 0.036951065
p 69 194 48.242332 0.19840813
p 70 193 48.631794 5.517433
p 71 192 49.17138 5.1471443
p 70 191 49.764606 1.9405403
p 71 190 50.56019 -4.726219
p 70 189 51.792248 -4.4284077
p 71 188 58.712692 -1.7067146
p 70 187 64.95287 3.843647
p 71 186 68.353424 -12.688801

c 29 23.393478
p 66 78 69.083046 -10.896862
p 67 77 65.81143 -24.39532
p 68 76 63.679413 -24.813389
p 69 75 62.50135 -24.033878
p 70 74 61.318558 -13.528748
p 69 73 60.06306 1.3937187
p 70 72 58.96197 -24.963013
p 71 71 57.86405 -26.555416
p 72 70 56.654213 -25.043869
p 73 69 55.786934 -22.031052
p 74 68 54.873802 -13.194012
p 73 67 54.130714 7.129509
p 74 66 53.094963 3.9573555
p 73 65 52.265217 8.164906
p 74 64 51.4659 1.1001625
p 75 63 50.784237 0.23477173
p 76 62 50.10861 1.8462029
p 77 61 49.504623 0.2325325
p 78 60 48.902687 0.31262398
p 79 59 48.342987 0.055858612
p 80 58 47.910637 0.05407715
p 79 57 47.574608 -0.020561218
p 78 56 47.278774 -0.08923721
p 78 55 46.91111 -0.07695961
p 78 54 46.70907 -0.09259224
p 78 53 46.622498 -0.13759995
p 79 52 46.5449 0.02133751
p 79 51 46.4495 -0.063856125
p 79 50 46.37448 -0.031778336
p 78 49 46.242252 0.055257797
p 77 48 46.123207 -0.0046634674
p 77 47 46.07027 0.040439606
p 76 46 45.973938 -0.01904869
p 76 45 45.973938 0.0024337769
p 75 44 45.94152 0.035942078
p 74 43 45.847694 0.035894394
p 73 42 45.756275 -0.0066051483
p 72 41 45.744778 0.0111961365
p 72 40 45.689568 -0.089855194
p 73 40 45.689568 -0.042181015

c 30 26.420952
p 66 78 69.083046 -11.004177
p 67 79 71.683044 -23.034771
p 68 80 74.49801 -9.642403
p 67 81 77.28133 -18.215271
p 66 82 82.47158 -6.197792
p 67 83 84.86955 -15.036179
p 68 84 86.739914 -13.907543
p 69 85 88.3054 -5.9777145
p 68 86 90.39165 2.421955
p 69 87 92.491135 -7.8247757
p 70 88 94.05129 -6.294346
p 71 89 95.504 -3.2658043

c 31 1.2695465
p 72 211 45.964737 -0.030517578
p 73 210 46.041927 -0.14219284
p 73 209 46.11092 -0.12071228
p 73 208 46.167904 7.343292E-4
p 73 207 46.218353 -0.07805252
p 74 206 46.26985 0.010604858
p 75 205 46.406246 0.020729065
p 76 204 46.460403 0.03685379
p 75 203 46.614586 -0.011785507
p 74 202 46.64366 -0.10296059
p 73 201 46.862545 0.126894
p 74 200 46.97081 -0.19268036
p 73 199 47.234283 -0.019748688

c 32 27.114296
p 75 162 93.39576 -5.0431824
p 76 163 91.49421 -10.3201065
p 77 164 89.63852 -10.459095
p 78 165 88.89766 -10.988552
p 79 166 88.62163 -10.050701
p 80 167 88.1034 -7.2601013
p 79 168 87.5157 -2.780201
p 80 169 86.73742 5.8202744
p 79 170 85.673004 -0.5541229
p 78 171 84.044395 -2.6626854
p 78 172 72.31704 -17.470322
p 77 173 68.01407 -18.91724
p 76 174 66.28146 -5.936775

c 33 26.446022
p 77 72 72.0402 -0.22434235
p 78 71 70.01848 -10.394592
p 79 70 68.27927 -9.331535
p 80 69 67.41054 0.5330734
p 80 68 67.181404 -1.72966
p 81 67 52.759712 -18.09283
p 80 66 51.136703 -11.320278
p 79 65 50.33465 -7.071186
p 80 64 49.511845 13.94899
p 79 63 49.03065 7.328724
p 80 62 48.533016 5.8490734
p 81 61 48.205257 0.22320747
p 82 60 47.97813 0.04685974
p 83 59 47.764153 -0.13589478
p 84 58 47.626556 -0.06950569
p 85 57 47.416054 -0.13612747
p 86 56 47.27921 0.10449791
p 87 55 47.060345 -0.07112694
p 86 54 46.93853 -0.028593063
p 85 53 46.829372 -0.042863846
p 85 52 46.631557 0.049354553
p 84 51 46.479027 0.08947945
p 85 50 46.37009 -0.039711
p 84 49 46.284298 -0.02283287
p 83 48 46.21969 5.054474E-4
p 83 47 46.089584 -0.061271667
p 82 46 46.042263 -0.021982193
p 81 45 45.952442 0.014425278
p 80 44 45.932 0.02938652
p 81 43 45.878666 -0.03488159
p 81 42 45.794903 -9.2315674E-4
p 81 41 45.794903 -0.04276085
p 81 40 45.730362 0.015628815
p 80 39 45.69001 -0.021726608
p 79 38 45.668205 0.0012016296
p 79 37 45.639233 0.019395828
p 79 36 45.630222 0.0020332336
p 79 35 45.594177 -0.044841766
p 78 35 45.594177 -0.12794876

c 34 25.89479
p 77 72 72.0402 -7.6388435
p 78 73 74.31448 3.7197075
p 77 74 76.90952 3.487297
p 78 75 78.433685 -10.647411
p 79 76 79.87197 -13.252197
p 80 77 82.21324 -10.339466
p 81 78 89.820114 2.1224976
p 81 79 89.92364 -0.9738922
p 80 80 91.36743 -4.581711
p 79 81 93.660164 -3.8798752
p 78 82 95.83418 -1.8876991
p 79 83 97.93499 -0.79040146

c 35 16.624557
p 80 170 86.54971 -8.074543
p 81 171 87.07093 -3.601017
p 82 170 88.49326 -8.930672
p 83 169 90.19782 -11.306129
p 84 168 91.25847 -10.901806
p 85 167 92.3801 -9.063179
p 86 166 96.08554 -1.1965866
p 86 165 99.9246 -0.8401413
p 87 164 100.3917 -1.2068939
p 88 163 101.34847 -0.4292984
p 89 162 102.23734 -0.6491585
p 90 161 103.17427 -0.53697205

c 36 0.48303223
p 83 222 45.558945 -0.17811394
p 84 223 45.546482 -0.02551651
p 85 224 45.49513 -0.25770378
p 86 223 45.493996 0.06368065
p 87 223 45.493996 -0.011384964
p 87 222 45.53123 -0.0072288513
p 87 221 45.5631 -0.038446426
p 88 220 45.624844 -0.054632187
p 88 219 45.624844 -0.03879738
p 88 218 45.698414 -0.025320053
p 87 217 45.698414 -0.07726669
p 87 216 45.726227 -0.1075058
p 88 215 45.742615 -0.029630661
p 89 215 45.742615 -0.01934433
p 90 214 45.79235 0.019929886
p 91 213 45.889248 -0.059446335
p 91 212 45.932053 0.008943558
p 92 211 45.944782 -0.0029640198
p 91 210 45.977028 -0.008649826
p 92 209 45.977028 -0.043352127

c 37 52.755054
p 85 89 98.61948 -2.494526
p 86 88 96.450584 -5.471199
p 87 87 93.48456 -7.4024467
p 88 86 90.40863 -8.752445
p 89 85 87.10448 -12.19104
p 90 84 82.33418 -15.875973
p 91 83 78.78556 -17.988358
p 92 82 75.532906 -20.702091
p 93 81 73.3899 -22.683529
p 94 80 71.37345 -20.505898
p 95 79 69.32447 -9.563507
p 96 80 67.55067 6.3804855
p 97 79 64.81989 -15.143711
p 98 78 63.5811 -17.04448
p 99 77 62.62912 -16.13892
p 100 76 61.803272 -17.715881
p 101 75 61.076717 -14.506672
p 102 74 60.444508 -9.532835
p 103 73 59.725666 -17.18745
p 104 72 58.899 -19.144089
p 105 71 58.269794 -10.096069
p 106 70 57.50861 -17.312092
p 107 69 56.75091 -17.327534
p 108 68 56.00604 -13.487965
p 109 67 55.280502 -9.757072
p 110 66 54.5659 -9.071966
p 109 65 53.813126 6.9774933
p 110 64 53.054096 8.29892
p 109 63 52.32929 5.7918854
p 108 62 51.64337 7.9300117
p 107 61 50.98264 0.18743896
p 106 60 50.31784 0.01887703
p 105 59 49.71933 -0.02980423
p 105 58 49.14176 -0.15820885
p 104 57 48.646343 -0.18406868
p 104 56 48.18612 0.07227516
p 105 55 47.73209 -0.11353302
p 104 54 47.4031 0.05897522
p 105 53 47.04828 -0.0043029785
p 105 52 46.78262 -0.07792091
p 105 51 46.573936 -0.033205032
p 106 50 46.47981 -0.021972656
p 105 49 46.396374 0.0015411377
p 105 48 46.215416 -0.026435852
p 104 47 46.17723 -0.043319702
p 105 47 46.17723 -0.021806717
p 106 46 46.163967 0.03772354
p 107 45 45.944458 -0.037273407
p 107 44 45.906254 -0.018392563
p 107 43 45.86442 -0.0112400055
p 106 42 45.86442 0.036670685

c 38 13.737045
p 87 56 47.227512 0.055591583
p 88 57 47.382484 -0.09016228
p 89 58 47.626392 0.13892555
p 88 59 47.73391 -1.2588501E-4
p 88 60 47.92132 -0.10071182
p 89 61 48.096313 0.05785942
p 90 62 48.69195 7.8553104
p 91 63 49.30827 4.7617683
p 92 64 49.98146 -0.569437
p 91 65 50.75407 -4.3597717
p 92 66 51.590504 -5.4124565
p 91 67 52.64412 -1.9161644
p 92 68 53.79046 -0.0064735413
p 91 69 55.162853 3.00029
p 92 70 57.241913 6.371166
p 91 71 60.964558 -13.5567665

c 39 2.0493164
p 89 37 45.688263 0.014074326
p 90 38 45.711227 -0.017791748
p 91 39 45.730297 -0.04673958
p 91 40 45.730297 -0.055490494
p 92 41 45.775143 -0.17044449
p 93 42 45.827377 0.08283615
p 94 43 45.83206 -0.04567337
p 95 44 45.91098 0.07891464
p 94 45 45.967285 -0.04627037
p 93 46 46.061558 -0.0040779114
p 92 47 46.14176 0.0034065247
p 93 48 46.253197 0.027910233
p 94 49 46.36559 -0.035369873
p 95 50 46.46775 0.067712784
p 94 51 46.57898 0.09085274
p 95 52 46.73788 0.008874893
p 95 53 46.93759 0.0143966675
p 94 54 47.160347 0.021331787
p 95 55 47.26841 -0.0033187866
p 95 56 47.47224 0.11005211
p 96 57 47.655476 0.04191017
p 97 58 47.73758 0.10702515

c 40 1.3814049
p 92 200 47.050957 -0.02829361
p 93 201 46.878643 -0.11291504
p 93 202 46.795372 -0.10542107
p 93 203 46.537785 -0.14379692
p 92 204 46.410995 -0.03111267
p 92 205 46.334972 -0.03302574
p 93 206 46.235855 -0.13815498
p 94 207 46.220715 -0.17674828
p 95 208 46.08165 0.018419266
p 95 209 46.02475 0.01730156
p 96 210 45.976925 0.020652771
p 95 211 45.923275 -0.013910294
p 95 212 45.908978 -0.035390854
p 95 213 45.83272 -0.037439346
p 94 214 45.796177 0.023475647
p 95 215 45.775375 -0.05704689
p 95 216 45.75235 -0.06845474
p 94 217 45.696365 -0.04100609
p 94 218 45.688263 -0.027685165
p 95 219 45.66955 -2.9563904E-4
p 94 219 45.66955 -0.07367134

c 41 31.718254
p 99 87 92.8231 -6.212406
p 100 86 91.28188 -7.303303
p 101 85 89.141815 -8.936905
p 102 84 70.82657 -13.046612
p 103 83 68.7495 -24.169167
p 104 82 67.35922 -21.63375
p 105 81 66.32236 -20.16056
p 106 80 65.27234 -12.392883
p 107 79 64.306526 -14.002201
p 106 78 63.492794 -19.948647
p 105 77 62.7142 -22.450138
p 104 76 61.92316 -22.61893
p 103 75 61.104843 -15.29282

c 42 1.202465
p 99 203 46.592583 0.07322693
p 100 204 46.467373 0.0010890961
p 100 205 46.349365 -8.087158E-4
p 100 206 46.2904 0.01758957
p 99 207 46.200172 -0.020685196
p 100 208 46.073772 -0.0070343018
p 100 209 46.00007 -0.027879715
p 100 210 45.926823 -0.05206871
p 101 211 45.896824 -0.058404922
p 101 212 45.866386 -0.013511658
p 102 213 45.83417 0.019691467
p 102 214 45.771774 -0.003276825
p 103 215 45.73389 -0.03261757
p 102 216 45.733627 0.006626129
p 101 217 45.727497 -0.06751442
p 102 218 45.701206 -0.07278252
p 103 219 45.69181 -0.006372452
p 102 220 45.650105 -0.07361603
p 101 221 45.592506 -0.098833084
p 100 222 45.58946 0.017532349
p 101 223 45.58946 -0.12156868
p 101 224 45.553715 9.727478E-4
p 102 225 45.507908 -0.03075409
p 101 226 45.49694 0.055410385
p 101 227 45.465958 0.0676384
p 102 228 45.457466 -0.07036209
p 103 229 45.457466 0.049646378
p 102 230 45.40732 -0.056056976
p 102 231 45.400936 -0.02458191
p 102 232 45.394947 -0.06066513
p 101 233 45.390118 0.06912041
p 102 233 45.390118 -0.0067195892

c 43 0.37376022
p 100 34 45.55714 0.02350235
p 101 33 45.57088 -0.097435
p 102 34 45.591835 -0.06096077
p 102 35 45.593224 0.0014190674
p 103 36 45.593224 -0.0020885468
p 104 37 45.621075 -0.104637146
p 103 38 45.638878 -0.031757355
p 104 39 45.707016 -0.08958626
p 104 40 45.71757 -0.19116592
p 103 41 45.832897 -0.022752762
p 102 42 45.832897 -0.016815186
p 101 43 45.839264 -0.044757843
p 100 44 45.9309 0.027517319

c 44 40.473454
p 101 172 86.15645 -5.233883
p 102 173 82.83196 -12.522213
p 103 174 79.76346 -15.313614
p 104 175 76.833565 -16.732483
p 105 176 75.76251 -17.35049
p 106 177 74.84492 -18.045837
p 107 178 73.59079 0.99386215
p 107 179 72.77015 2.5240097
p 107 180 65.663704 -15.004059
p 106 181 59.4266 -21.569359
p 105 182 58.583725 -21.337704
p 104 183 57.79197 -20.180473
p 103 184 57.375595 -16.662807
p 102 185 56.611843 -12.947334
p 101 186 54.57033 -14.969364
p 102 187 53.65594 -17.282593
p 103 188 52.78926 -11.291094
p 102 189 51.93531 11.534767
p 103 190 51.177814 6.9484463
p 102 191 50.54666 11.893564
p 103 192 50.006 5.4504547
p 104 193 49.473667 4.4296036
p 105 194 48.97649 0.20290756
p 106 195 48.526436 0.18432426
p 107 196 48.083065 0.07743263
p 108 197 47.679718 0.029226303
p 107 198 47.362835 -0.043226242
p 108 199 47.084064 -0.09550285
p 109 200 46.87821 -0.025375366
p 110 201 46.69862 -0.010044098
p 109 202 46.567448 0.017244339
p 108 203 46.44811 -0.08609772
p 107 204 46.35736 -0.036104202
p 108 205 46.298748 0.07339668
p 107 206 46.18242 -0.12662125
p 106 207 46.126328 -0.025110245
p 107 208 46.041836 -8.125305E-4
p 106 209 45.992363 -0.049995422
p 106 210 45.992363 0.011421204
p 107 211 45.927673 -0.050495148
p 107 212 45.82397 -0.05194664
p 108 213 45.765274 -0.061016083
p 109 213 45.736656 -0.02026558
p 110 214 45.736656 -0.03521347
p 110 215 45.71111 -0.02232933
p 111 216 45.682995 -0.08679581
p 111 217 45.682995 -0.017669678

c 45 17.298477
p 106 88 85.717155 -12.946884
p 107 89 87.95447 -10.239677
p 108 90 90.83751 -6.5813866
p 109 91 92.69081 -5.5771217
p 110 92 94.580025 -3.767414
p 111 93 95.89447 -3.9707222
p 112 94 97.50921 -2.6542244
p 113 95 98.440834 -4.170727
p 114 96 100.113556 -0.35029984
p 113 97 102.22915 -0.25343704
p 113 98 103.01563 0.56487656

c 46 31.289291
p 106 159 104.96605 -0.33220673
p 106 160 103.07975 -1.5736313
p 107 161 100.69718 -3.7112732
p 108 162 97.643394 -4.696705
p 109 163 95.80666 -8.026714
p 110 164 94.08958 -8.917255
p 111 165 92.478004 -11.482021
p 112 166 91.059296 -11.751339
p 113 167 89.01407 -6.7273407
p 114 168 87.77677 -8.028534
p 113 169 86.43879 -11.843525
p 112 170 85.034874 -6.9037247
p 113 171 83.57289 -12.769615
p 114 172 81.43606 -3.6473198
p 113 173 78.63172 -11.059105
p 112 174 77.66922 -12.499523
p 111 175 76.65153 -6.1089745
p 110 176 75.8105 -11.237602
p 109 177 74.84082 -12.339222
p 108 178 73.67676 -3.2029228

c 47 4.6087265
p 114 64 50.302143 12.987003
p 115 63 49.769375 5.592558
p 116 62 49.22772 8.6818695
p 117 61 48.861298 0.5034771
p 118 60 48.551598 0.3705902
p 119 59 48.307964 0.15364647
p 120 58 48.070065 0.06432152
p 121 57 47.699303 0.074337006
p 122 56 47.474174 0.016836166
p 123 55 47.260235 0.016166687
p 123 54 47.069298 -0.05136299
p 124 53 46.93229 0.016630173
p 124 52 46.729336 0.0035552979
p 123 51 46.583878 0.039834976
p 124 50 46.428837 0.002149582
p 123 49 46.337814 0.008878708
p 124 48 46.22994 -0.11593056
p 125 47 46.158115 -0.03071022
p 124 46 46.113495 -0.067481995
p 125 45 46.066833 -0.038747787
p 126 44 45.975594 -0.08404732
p 127 43 45.926342 -0.09539795
p 128 42 45.877903 -0.03412819
p 129 41 45.75994 -0.07554436
p 128 40 45.752773 -0.06448746
p 128 39 45.693417 -0.098106384
p 127 39 45.693417 -0.053871155

c 48 0.57642365
p 115 35 45.58763 0.020122528
p 116 35 45.58763 0.018791199
p 116 36 45.62871 0.02807045
p 116 37 45.64999 -0.04876709
p 117 38 45.697937 0.018478394
p 117 39 45.697937 0.032945633
p 118 40 45.709564 -0.106069565
p 119 41 45.75368 0.028865814
p 120 42 45.82286 0.084344864
p 121 43 45.84059 -0.046863556
p 121 44 45.903416 0.042987823
p 121 45 45.998455 0.017421722
p 122 46 46.063877 -0.09421158
p 121 47 46.164055 -0.046182632

c 49 1.7336845
p 117 197 47.31587 0.033065796
p 118 198 47.276756 -0.092767715
p 119 199 47.042274 0.09062767
p 119 200 46.86823 -0.05102539
p 118 201 46.70671 -0.09697342
p 118 202 46.622784 -0.025184631
p 118 203 46.51999 -0.08781052
p 118 204 46.461548 0.021722794
p 119 205 46.33561 -0.0014801025
p 119 206 46.291687 -0.12648773
p 118 207 46.252663 -0.017318726
p 117 208 46.05812 -0.11648178
p 118 209 46.05812 0.04379654
p 117 210 45.977936 -0.059591293
p 118 211 45.97748 -0.1431408
p 118 212 45.902466 -0.1768341
p 119 213 45.83539 0.007991791
p 119 214 45.805702 -0.07214165
p 118 215 45.78259 -0.009063721
p 118 216 45.774242 -0.0385437
p 119 217 45.74077 -0.098257065
p 119 218 45.700512 -0.10025406
p 118 219 45.676502 -0.0074386597
p 118 220 45.658108 -0.024478912
p 117 221 45.62982 -0.008470535
p 118 222 45.592373 -0.11543083
p 119 223 45.582184 -0.036556244
p 118 223 45.582184 -0.01963234

c 50 19.451878
p 120 197 47.374203 -0.11418724
p 121 196 47.508427 -0.0826664
p 122 195 47.700623 -0.089668274
p 123 194 48.0899 0.2353878
p 124 193 48.554253 3.3483849
p 125 192 49.199608 -0.03014946
p 126 191 50.00335 -1.220995
p 127 190 50.88839 -6.1623306
p 126 189 53.66723 -7.475403
p 127 188 61.13581 2.0278358
p 126 187 66.82608 -1.0495567

c 51 19.456589
p 122 80 65.16931 -6.1062927
p 123 79 62.291977 -17.482765
p 124 78 61.33136 -17.518826
p 125 77 59.96662 -18.383423
p 126 76 58.88692 -16.596966
p 127 75 58.30083 -14.652256
p 128 74 56.761616 -11.633183
p 129 73 55.99038 -6.1195927
p 128 72 55.27564 2.7830048
p 129 71 54.689743 -11.390366
p 130 70 53.956284 -14.901489
p 131 69 53.22869 -11.180061
p 132 68 52.551197 -7.625435
p 131 67 51.912834 4.5662537
p 132 66 51.31276 2.868702
p 131 65 50.687424 -1.5917969
p 130 64 50.180634 -0.88539314
p 129 63 49.57684 2.2399712
p 128 62 49.22625 6.1922493
p 127 61 48.75987 0.083179474
p 127 60 48.37917 -0.025016785
p 126 59 48.103165 0.10307503
p 127 58 47.771137 0.084833145
p 127 57 47.44347 -0.035402298
p 127 56 47.27412 -0.0011672974
p 127 55 47.097607 0.027397156
p 128 54 46.898132 -0.057575226
p 129 53 46.762096 -0.016597748
p 128 52 46.666866 -0.079725266
p 128 51 46.52827 -0.0657711
p 128 50 46.45884 -0.08478165
p 128 49 46.341743 0.013776779
p 128 48 46.27011 0.014064789
p 129 47 46.13435 -0.0041713715
p 128 46 46.040783 -0.039323807
p 129 45 46.034096 -0.032726288
p 130 44 45.992184 0.006444931
p 131 43 45.927586 0.026353836
p 131 42 45.82076 -0.060043335
p 131 41 45.78999 0.03242874
p 132 40 45.777092 0.075553894
p 131 39 45.712723 8.029938E-4
p 131 38 45.712723 -0.02046585

c 52 38.536316
p 122 80 65.16931 -8.692139
p 123 81 73.320175 -0.555645
p 123 82 84.00674 -1.2821655
p 124 83 85.61531 -0.22426224
p 125 84 86.939804 1.1426239
p 126 85 87.88875 -7.298214
p 127 86 89.087975 -7.526638
p 128 87 93.84447 -0.24064636
p 128 88 95.92749 -0.96616745
p 127 89 97.79922 -0.8308487
p 126 90 99.13559 -2.2941284
p 125 91 100.179214 -0.47262955
p 126 92 101.37217 -0.41116333
p 126 93 103.22307 0.9995308
p 125 94 103.70563 0.1136055

c 53 0.92721176
p 123 203 46.52684 -2.2888184E-4
p 124 204 46.425426 0.040367126
p 125 205 46.325558 -0.0758934
p 126 206 46.251564 -0.0778389
p 125 207 46.22525 -0.10035133
p 124 208 46.09943 -0.1317501
p 125 209 46.03358 -0.05832863
p 126 210 46.03358 0.0016956329
p 127 209 46.07929 -0.03712082
p 128 210 46.00833 0.02589798
p 128 211 45.941597 0.05806923
p 127 212 45.895706 -0.03096199
p 126 213 45.895706 -0.009592056
p 126 214 45.781967 -0.02126503
p 125 215 45.75712 0.03453827
p 125 216 45.75712 -0.010654449
p 125 217 45.742718 -0.021961212
p 124 218 45.742718 -0.009473801
p 125 219 45.70975 -0.07851982
p 126 220 45.643394 -0.057546616
p 127 220 45.635685 -0.09279251
p 128 219 45.606796 -0.094249725
p 129 220 45.59963 -0.14673042
p 130 221 45.59963 -0.04314804

c 54 48.827305
p 127 169 95.0401 -2.5796738
p 128 170 91.45506 -8.361729
p 129 171 89.529594 -4.8544846
p 128 172 87.47949 -10.82925
p 127 173 84.99589 -6.495846
p 128 174 82.75731 -13.974926
p 129 175 80.41855 -6.6136436
p 128 176 78.059586 1.286663
p 129 177 75.400085 -2.1343384
p 128 178 71.957466 -1.4992638
p 129 179 69.02342 -22.39827
p 130 180 65.87668 -24.235058
p 131 181 63.12772 -26.565601
p 132 182 60.95975 -26.049732
p 133 183 59.19913 -14.048344
p 134 184 58.17036 -24.729038
p 135 185 57.300446 -27.31725
p 136 186 56.539814 -27.924347
p 137 187 55.45323 -22.70227
p 138 188 54.3772 -11.595711
p 139 189 53.48174 -8.221252
p 138 190 52.54656 2.104065
p 138 191 51.877052 2.8012753
p 137 192 50.587875 1.5475101
p 136 193 49.677586 0.0464077
p 135 192 49.13722 1.0754318
p 134 193 48.624626 6.695591
p 133 194 48.317505 0.07923126
p 132 195 48.08364 -0.060853958
p 131 196 47.783253 -0.08167076
p 130 197 47.637066 -0.0045833588
p 129 198 47.47325 0.06081772
p 128 199 47.250668 -0.079624176
p 129 200 47.023777 -0.026313782
p 130 201 46.760548 -0.021274567
p 130 202 46.638393 -0.0115356445
p 131 203 46.42026 -0.09326172
p 132 204 46.36335 0.096113205
p 131 205 46.34185 -0.03238678
p 130 206 46.292366 -0.01626587
p 129 207 46.246777 -0.0025863647
p 128 208 46.212795 -0.07762718

c 55 0.3697548
p 131 211 45.92797 -0.02194786
p 131 212 45.91372 0.029764175
p 131 213 45.869247 -0.16762733
p 131 214 45.794716 0.014467239
p 131 215 45.746662 0.020404816
p 132 216 45.746662 -0.015007019
p 131 217 45.711678 0.02160263
p 131 218 45.711678 -0.060710907
p 132 219 45.657413 0.006298065
p 133 220 45.63334 -0.04374695
p 132 221 45.616528 -0.041053772
p 133 222 45.568375 -0.029512405
p 134 223 45.568375 -0.02721405
p 135 223 45.558216 -0.06605339
p 135 224 45.558216 -0.040761948

c 56 54.896576
p 133 93 100.55 -1.3005676
p 134 92 99.67864 -1.484642
p 135 91 94.457344 -6.4803467
p 136 90 88.74989 -5.7131386
p 135 89 87.16484 -4.3505287
p 136 88 85.922554 -1.1145401
p 135 87 84.88764 -0.27616882
p 136 86 83.74689 -10.225895
p 137 85 82.75473 -4.395523
p 136 84 78.78113 -5.5723953
p 137 83 77.47848 -13.35532
p 138 82 75.84636 -8.044308
p 137 81 74.082184 0.884922
p 138 80 72.75548 -15.228329
p 139 79 71.258644 -18.466179
p 140 78 69.794044 -15.309891
p 141 77 68.400894 -14.975025
p 142 76 64.66355 -20.61995
p 143 75 63.324703 -18.22633
p 144 74 61.94105 -19.692787
p 145 73 60.81524 -20.944656
p 146 72 59.374905 -21.045425
p 147 71 57.891537 -6.3057213
p 146 70 56.352432 -18.484417
p 145 69 55.39919 -10.172316
p 146 68 54.391262 8.981792
p 145 67 53.5338 4.5554085
p 146 66 52.713177 4.2599945
p 145 65 51.955303 6.3139915
p 146 64 51.26125 8.044413
p 145 63 50.580685 7.2147903
p 146 62 49.89696 1.9824677
p 147 61 49.2668 0.19371414
p 148 60 48.670525 0.1420803
p 149 59 48.10389 0.087991714
p 150 58 47.691586 -0.05196762
p 150 57 47.377304 -0.062253952
p 150 56 47.119995 0.005887985
p 149 55 46.934456 -0.03718567
p 148 54 46.76261 -0.036563873
p 147 53 46.57245 0.011302948
p 147 52 46.506344 0.121370316
p 148 51 46.346405 -0.05446434
p 148 50 46.31745 -0.06116295
p 148 49 46.209755 -0.028741837
p 148 48 46.18406 -0.13261032
p 147 47 46.082428 -0.021305084
p 146 46 46.009705 -0.16856575
p 145 45 45.991123 -0.008047104
p 145 44 45.9116 -0.041851044
p 144 43 45.83004 0.03871727
p 144 42 45.773205 4.4631958E-4
p 145 41 45.754803 0.010528564
p 145 40 45.70983 -0.057546616
p 144 39 45.706898 0.015327454
p 145 38 45.706898 -0.025299072
p 146 37 45.653427 -0.06414604
p 145 36 45.653427 -0.10808182

c 57 24.91687
p 134 182 66.734184 -21.299896
p 135 181 70.023964 -22.525223
p 136 180 72.45286 -17.92501
p 137 179 80.47689 -9.05201
p 138 178 82.014465 -9.2226715
p 139 177 83.2233 -11.873486
p 140 176 84.48345 -11.417229
p 141 175 85.83716 -9.902664
p 142 174 87.77493 -5.1996346
p 141 173 89.83194 -8.577499
p 140 172 91.651054 -4.4509163

c 58 0.5106697
p 136 48 46.219822 -0.104522705
p 137 47 46.20133 0.0026817322
p 137 46 46.097454 -0.12026024
p 138 45 46.008366 0.03670883
p 138 44 45.93075 -0.036678314
p 139 43 45.893364 0.0063552856
p 140 44 45.90986 -0.017957687
p 141 43 45.88633 -0.04232216
p 142 42 45.82087 -0.08132744
p 143 42 45.792805 -0.026557922
p 144 41 45.76715 0.105026245
p 143 40 45.709152 -0.04191208

c 59 1.0609932
p 137 56 47.071064 -0.047943115
p 138 55 46.911594 -0.033618927
p 139 54 46.732872 0.004085541
p 140 53 46.630264 0.101947784
p 141 52 46.468628 0.026313782
p 140 51 46.370327 -0.0058021545
p 141 50 46.27075 -0.0050621033
p 140 49 46.2586 -0.11217499
p 139 48 46.218426 0.025810242
p 139 47 46.188675 -0.034330368
p 140 46 46.05554 -0.057621002
p 140 45 46.01007 -0.018283844

c 60 12.423569
p 137 91 93.71522 -8.693562
p 138 92 97.24892 -1.7620049
p 139 92 101.752144 -0.08575058
p 140 93 103.1957 0.60227585
p 141 94 104.13707 0.8430557
p 142 95 104.89341 -0.2467537
p 143 95 105.412926 -0.09723663
p 144 96 105.82504 -0.020381927
p 145 97 105.973114 -0.13901138
p 145 98 106.03915 -0.06623459
p 145 99 106.05856 -0.1645813
p 144 100 106.11812 -0.089775085
p 144 101 106.13879 -0.030097961

c 61 49.46993
p 139 188 54.169132 -7.8918953
p 140 187 55.169815 -16.843136
p 141 186 56.385406 -19.326012
p 142 185 57.137886 -17.002052
p 143 184 58.067173 -15.484089
p 144 183 58.920425 -14.44038
p 145 182 59.834587 -14.268322
p 146 181 61.08828 -15.0023
p 147 180 62.29503 -15.645287
p 148 179 63.40942 -16.088074
p 149 178 64.295975 -15.224449
p 150 177 65.863396 -10.170494
p 149 176 74.368126 12.850872
p 150 175 76.19203 -9.162548
p 151 174 78.47842 -14.851135
p 152 173 85.040405 0.28629684
p 152 172 88.736305 -3.4868126
p 153 171 90.35545 -0.0990715
p 154 170 92.05086 -2.9062881
p 155 169 93.49755 -4.1863976
p 156 168 94.64838 -2.3116035
p 157 167 95.81384 -1.7021828
p 158 166 97.83264 -0.54973984
p 157 165 98.878914 -3.3473206
p 156 164 100.38098 -3.3938866
p 155 163 101.715515 -2.4916954
p 154 162 103.63906 -1.8192406

c 62 0.61590195
p 139 208 46.14031 -0.032842636
p 139 209 46.061764 -0.038671494
p 140 210 46.04664 0.03999138
p 140 211 45.994682 -0.050146103
p 141 212 45.949066 0.040260315
p 142 213 45.88094 0.012672424
p 141 214 45.8132 -0.012060165
p 141 215 45.8132 -0.0045318604
p 142 216 45.780205 -0.049259186
p 143 217 45.739197 0.010902405
p 144 218 45.684673 -0.027359009
p 143 219 45.638157 -0.11038017
p 144 220 45.625187 -0.07243347
p 145 221 45.593544 -0.05497551
p 145 222 45.57394 -0.11315346
p 144 223 45.524406 -0.037633896
p 145 223 45.524406 -0.05296135

c 63 1.9129372
p 150 196 47.675163 -0.1648922
p 151 197 47.579422 0.0296669
p 151 198 47.384968 -0.025131226
p 152 199 47.271534 -0.15843773
p 153 200 47.109413 -0.010944366
p 153 201 46.873634 0.0039367676
p 153 202 46.679974 -0.023229599
p 154 203 46.501404 -0.09687805
p 155 204 46.32857 0.001531601
p 156 205 46.285786 0.07597351
p 156 206 46.18684 -0.057502747
p 157 207 46.093925 -0.033418655
p 158 208 46.045227 0.020954132
p 158 209 46.0203 0.018247604
p 159 209 46.0203 0.06807327
p 160 210 45.973007 -0.119197845
p 161 211 45.96029 0.022268295
p 160 212 45.904305 -0.14981079
p 160 213 45.88354 -0.06239128
p 161 214 45.83252 0.022562027
p 162 215 45.762226 -0.09331894
p 163 215 45.762226 -0.112724304

c 64 15.130581
p 151 183 61.49073 -14.945522
p 152 184 57.09369 -22.070297
p 153 185 55.485916 -22.066921
p 154 186 54.528576 -21.627323
p 155 187 53.517685 -17.502728
p 156 188 52.74112 -9.786303
p 155 189 51.781307 6.973114
p 156 190 50.90605 6.3014374
p 155 191 50.185112 10.863859
p 156 192 49.53953 4.92408
p 157 193 48.984707 8.022512
p 158 194 48.44538 -0.08725357
p 159 195 48.180866 0.1514759
p 158 196 47.861843 0.010904312
p 157 197 47.49358 -0.02573967
p 156 198 47.23688 0.010848999
p 157 199 47.16268 0.017396927
p 157 200 46.956257 -0.021886826
p 158 201 46.809803 -0.07468414
p 159 202 46.640697 0.01386261
p 158 203 46.543797 0.027418137
p 157 204 46.36015 -0.04531288

c 65 1.1485367
p 153 54 46.76265 -0.016391754
p 154 53 46.626743 -0.10351181
p 155 52 46.51229 0.020851135
p 156 51 46.31036 0.004541397
p 156 50 46.268105 -0.047166824
p 157 49 46.238953 -0.09174156
p 158 48 46.09416 -0.03045082
p 158 47 46.08594 -0.046857834
p 158 46 45.97946 -0.1261425
p 157 45 45.90565 -0.0875988
p 156 44 45.844845 -0.021450043
p 157 43 45.841297 -0.068891525
p 157 42 45.803314 -0.019639969
p 158 41 45.765747 -0.07301903
p 158 40 45.742607 0.08768463
p 159 39 45.693035 -0.02072525
p 160 38 45.630497 -0.011728287
p 160 37 45.614113 -0.05340576
p 159 36 45.614113 -0.11753845

c 66 55.990555
p 156 91 101.73446 -0.78266525
p 157 90 100.45644 -1.5493393
p 158 89 99.24564 -0.56215286
p 157 88 97.896866 0.74040604
p 158 87 95.832436 -2.3193512
p 157 86 94.260345 -1.9252892
p 158 85 92.94589 -7.5741425
p 159 84 91.64189 -7.425331
p 160 83 89.98922 -3.5798264
p 159 82 88.65718 -8.633987
p 158 81 86.98365 -3.627098
p 159 80 85.51007 -9.4731865
p 160 79 84.16167 -9.738556
p 161 78 82.41877 -11.059616
p 162 77 80.65087 -7.839592
p 161 76 78.9026 -0.18792725
p 162 75 77.04837 -14.895523
p 163 74 76.17346 -9.400406
p 164 73 75.94205 0.48501587
p 165 73 75.90153 0.27867508
p 166 72 58.230324 -21.712738
p 167 71 57.401314 -22.959007
p 168 70 55.565113 -16.6548
p 169 69 54.472176 -11.48008
p 168 68 53.6345 -15.866474
p 167 67 52.89004 -13.450062
p 166 66 52.27442 -8.584145
p 167 65 51.392967 8.257708
p 166 64 50.701893 8.862761
p 167 63 50.13408 7.1532345
p 166 62 49.608395 4.1104584
p 165 61 49.096546 0.25421906
p 164 60 48.556858 0.042850494
p 163 59 48.165035 0.075323105
p 164 58 47.803165 -0.1111393
p 165 57 47.407017 -0.07606506
p 166 56 47.225826 0.1051445
p 165 55 46.891464 -0.17643166
p 164 54 46.732384 0.061058044
p 165 53 46.59134 0.062259674
p 166 52 46.384727 -0.07103348
p 165 51 46.25635 -0.067417145
p 165 50 46.23875 -0.02094841
p 165 49 46.11091 -0.08127403
p 164 48 46.104263 0.052015305
p 165 47 46.05521 -0.07164955
p 164 46 46.013855 0.05611992
p 163 45 45.94144 -0.10484886
p 163 44 45.86068 -0.0889225
p 163 43 45.800415 0.004781723
p 164 42 45.743904 -0.03640747
p 164 41 45.743904 -0.07214165

c 67 41.843384
p 159 207 46.133713 0.02636528
p 160 206 46.17618 -0.19352913
p 161 205 46.364506 0.019680023
p 162 204 46.489304 -0.108181
p 162 203 46.57864 -0.09264374
p 163 202 46.655846 0.02352333
p 162 201 46.74419 -0.023899078
p 162 200 46.903786 -0.0030975342
p 161 199 46.970135 -0.12327194
p 161 198 47.300827 -0.050914764
p 160 197 47.64134 0.03061676
p 161 196 47.866856 -0.09394646
p 162 195 48.08008 -0.17798233
p 163 194 48.493053 0.958807
p 164 193 48.96194 -0.19693947
p 164 192 49.63443 4.7217884
p 163 191 50.454174 1.5911064
p 162 190 52.79507 -9.168026
p 163 189 58.420387 -4.925949
p 162 188 65.193726 -2.5632782
p 163 187 70.45356 -4.084976
p 162 186 73.73357 -14.663483
p 161 185 76.0657 -13.457706
p 160 184 79.063324 -6.2067223
p 161 183 82.01989 4.8758354
p 160 182 84.17128 1.9971542
p 161 181 86.04116 -5.920456
p 162 180 87.9771 -6.5749435

c 68 1.0240288
p 164 204 46.504246 0.0343647
p 165 205 46.323513 -0.19096375
p 166 206 46.182076 -0.037469864
p 165 207 46.14088 -0.045654297
p 164 208 46.067993 -0.039916992
p 164 209 46.0205 -0.020235062
p 165 210 45.9681 -0.04322815
p 166 211 45.859306 -0.11538696
p 167 212 45.859306 0.022138596
p 168 213 45.836903 0.016357422
p 167 214 45.76376 -0.114263535
p 166 215 45.713764 -0.044445038
p 167 216 45.705425 -0.15638733
p 168 217 45.691975 -0.027891159
p 169 218 45.67115 -0.11104584
p 170 219 45.67115 -0.035165787
p 171 218 45.631985 -0.04314804
p 172 219 45.631985 -0.072172165
p 172 220 45.58713 -0.06708336
p 172 221 45.56893 -0.05765915
p 173 222 45.56893 -0.002023697
p 173 223 45.548615 0.004310608
p 174 224 45.50601 0.032421112
p 175 224 45.480217 0.039636612
p 176 225 45.480217 0.051027298

c 69 17.21286
p 164 204 46.504246 0.064640045
p 165 203 46.522602 -0.16448021
p 166 202 46.66734 -0.07131004
p 166 201 46.78635 -0.03791809
p 167 200 46.975395 -0.08086014
p 167 199 47.13448 -0.112234116
p 167 198 47.332962 -0.067949295
p 168 197 47.488544 -0.04997635
p 169 196 47.828133 0.10245514
p 170 195 48.18351 0.04391861
p 171 194 48.527718 -0.012752533
p 172 193 49.03357 2.696169
p 171 192 49.63559 -0.33399963
p 170 191 50.24708 -0.16681862
p 169 190 51.06409 -5.9640007
p 170 189 52.223164 -6.871832
p 169 188 53.21586 -21.374641
p 168 187 58.098293 -26.548904
p 167 186 63.717106 -22.846298

c 70 50.42026
p 165 98 105.98426 -0.04244995
p 166 97 105.89617 0.1105423
p 167 96 105.59249 0.06198883
p 168 95 104.62778 -0.5569153
p 169 94 103.139206 -2.159977
p 170 93 101.16254 -2.3378906
p 171 92 98.66018 -6.4944
p 172 91 95.4962 -4.909893
p 173 90 94.01485 -8.63702
p 174 89 91.84877 -9.09436
p 175 88 89.86659 -10.29607
p 176 87 87.090866 -12.6654625
p 177 86 81.935875 -9.863659
p 176 85 80.69346 -15.469944
p 175 84 79.8727 -15.307362
p 174 83 78.994995 -5.8691254
p 175 82 78.08205 -12.944908
p 176 81 76.988365 -13.283127
p 177 80 75.75444 -11.329025
p 178 79 74.30615 -1.4619331
p 177 78 72.96541 -2.4178047
p 176 77 71.73438 -5.443737
p 175 76 70.938034 -4.0477295
p 174 75 70.814766 -3.7654724
p 174 74 70.814766 -2.9012146
p 173 73 58.21862 -16.552452
p 172 72 57.683674 -17.500546
p 171 71 56.843815 -18.69236
p 170 70 55.564 -18.63636

c 71 51.98343
p 171 170 97.54591 -1.7704163
p 172 171 94.97643 -2.9037323
p 173 172 93.97688 0.80293655
p 173 173 93.756966 -1.0487671
p 174 174 85.87007 -7.9233627
p 175 175 82.10896 -4.416069
p 176 174 78.0562 -3.530655
p 177 175 72.53085 -14.76688
p 178 176 63.011074 -9.741428
p 179 177 62.07529 -21.572048
p 180 178 61.149647 -24.13546
p 181 179 60.278812 -18.310936
p 182 180 59.23157 -13.421652
p 181 181 58.475018 -19.229729
p 180 182 57.748745 -17.730045
p 179 183 57.031654 -10.702654
p 180 184 56.304985 -15.900284
p 181 185 55.550583 -17.336357
p 182 186 54.65694 -8.992268
p 183 187 54.071476 -9.001183
p 182 188 53.281487 0.58878326
p 183 189 52.65566 2.915985
p 182 190 51.94773 6.3169174
p 183 191 51.307144 10.167641
p 182 192 50.675926 8.507017
p 183 193 50.035053 5.704195
p 184 194 49.557983 0.037412643
p 185 195 48.98807 0.21758461
p 186 196 48.495094 0.20716095
p 187 197 48.03939 -0.14873505
p 188 198 47.636734 -0.11921501
p 189 199 47.287216 0.011018753
p 189 200 46.912285 -0.08726692
p 190 201 46.757538 0.07596779
p 189 202 46.575325 -0.013650894
p 188 203 46.474964 -0.045114517
p 189 204 46.42558 0.03755951
p 188 205 46.339558 -0.07906151
p 187 206 46.26074 0.02355194
p 188 207 46.178787 -0.034183502
p 187 208 46.071762 -0.12525558
p 188 209 46.032196 0.06613159
p 187 210 45.961353 -0.005727768
p 186 211 45.90528 -0.054933548
p 185 212 45.89802 -0.14099312
p 186 213 45.836037 -0.058498383
p 187 214 45.794357 -0.032751083
p 188 215 45.79123 0.010406494
p 187 216 45.745476 0.013853073
p 187 217 45.699413 -0.09721756
p 187 218 45.699413 -0.006843567
p 187 219 45.650333 -0.032590866
p 188 220 45.64731 0.09456062
p 187 221 45.56497 -0.15586281
p 186 221 45.562485 -0.009105682
p 185 222 45.562485 -0.18309402

c 72 1.1907196
p 171 201 46.947807 -0.109926224
p 171 202 46.720757 -0.07990074
p 172 203 46.57119 0.070827484
p 173 204 46.42224 0.06402588
p 174 205 46.290985 -0.045114517
p 173 206 46.274548 0.02740097
p 174 207 46.16278 -0.08493614
p 174 208 46.161057 -0.104291916
p 174 209 45.942074 0.039625168
p 174 210 45.906986 -0.10892296
p 173 211 45.906986 0.08883095
p 172 212 45.800957 -0.051813126
p 173 213 45.757088 -0.05332756
p 173 214 45.757088 -0.05762863

c 73 35.436775
p 176 165 101.64328 -0.2704811
p 177 166 99.27584 0.2590828
p 178 167 97.03249 -3.1110992
p 177 168 92.9248 -3.385891
p 178 169 90.054886 -10.704971
p 179 170 89.10798 -9.505695
p 180 171 88.725426 -9.204292
p 181 172 88.34902 3.92424
p 181 173 87.58028 -4.0204124
p 180 174 70.24896 -21.821453
p 179 175 66.206505 -19.85292

c 74 1.8717079
p 177 58 47.458424 0.122255325
p 178 57 47.25461 -0.044101715
p 179 56 47.011814 -0.11661148
p 180 55 46.811813 -0.16165161
p 181 54 46.779854 0.10380745
p 180 53 46.524708 -0.0883522
p 181 52 46.349228 -0.013694763
p 182 51 46.253113 -0.13828278
p 182 50 46.118244 -0.09152794
p 183 49 46.101677 -0.015796661
p 184 48 46.037586 -0.060541153
p 183 47 45.93999 -0.034727097
p 184 46 45.93999 -0.030668259
p 184 45 45.911137 -0.051704407
p 183 44 45.900238 0.010185242
p 182 43 45.892727 -0.027692795
p 183 42 45.8571 -0.0038776398
p 182 41 45.82329 -0.06872749
p 183 40 45.777325 -0.029029846
p 183 39 45.72011 -0.06573105
p 183 38 45.690647 0.0069465637
p 183 37 45.640835 -0.015890121
p 184 36 45.640835 0.041122437
p 185 35 45.623955 -0.06941986
p 186 35 45.586716 -0.025939941
p 187 34 45.586716 -0.2493267

c 75 14.335976
p 182 172 88.45817 -4.3770294
p 183 171 88.54656 -8.889606
p 184 170 88.733154 -8.798008
p 185 169 92.057915 0.20249939
p 185 168 94.416374 -1.8356285
p 184 167 95.818436 1.1885376
p 185 166 96.7608 -3.5290642
p 186 165 97.58405 -1.324852
p 187 164 99.725876 -2.5692863
p 188 163 101.54054 -1.6027107
p 187 162 102.79414 -3.9598656

c 76 51.710037
p 183 52 46.387238 0.039772034
p 184 53 46.58275 -0.048778534
p 185 54 46.68665 -0.14892006
p 185 55 46.808857 -0.016540527
p 186 56 46.932407 -0.10221481
p 187 57 47.16675 0.13054466
p 186 58 47.377827 -0.03294182
p 187 59 47.723648 0.06656456
p 188 60 48.072975 -0.23491669
p 187 61 48.49314 1.1642475
p 188 62 48.80402 -0.12842941
p 188 63 49.336624 1.8043137
p 187 64 50.05972 -3.2387905
p 186 65 50.67391 -8.395554
p 185 66 51.483887 -6.142187
p 186 67 52.399475 -9.869396
p 185 68 53.246384 0.19909286
p 186 69 53.85963 0.6104908
p 187 70 54.97588 -13.962013
p 188 69 56.220886 -0.12539673
p 189 70 57.990322 -18.074646
p 190 71 59.97237 -19.015572
p 191 72 73.160995 2.0164108
p 191 73 79.38689 -4.026947
p 190 74 81.432236 -6.959793
p 189 75 82.9991 -6.1286087
p 188 76 84.22691 -4.844467
p 189 77 85.961555 3.5966873
p 188 78 87.5949 -6.2035255
p 187 79 89.01728 -5.8664627
p 186 80 90.26418 -4.228386
p 187 81 91.45885 -5.6469307
p 188 82 92.51977 -5.610424
p 189 83 93.44701 -5.903202
p 190 84 94.41302 -5.6275635
p 191 85 95.597855 -4.896694
p 192 86 98.097275 -3.2636604

c 77 5.30521
p 191 190 50.743023 -1.9004097
p 192 191 49.72403 14.658525
p 191 192 48.975178 11.158453
p 192 193 48.435654 -0.07551956
p 192 194 48.12057 1.5819206
p 193 195 47.84193 0.04988098
p 193 196 47.58881 -0.049135208
p 193 197 47.45557 -0.1998291
p 194 198 47.4214 -0.009689331
p 195 199 47.179035 0.046030045
p 196 200 46.969612 -0.023773193
p 197 201 46.809982 0.008703232
p 196 202 46.652504 -0.04160118
p 197 203 46.49015 -0.045345306
p 197 204 46.358192 0.013597488
p 196 205 46.301865 0.060726166
p 195 206 46.179142 -0.031806946
p 196 207 46.14207 0.00976181
p 196 208 46.137356 0.03823471
p 195 209 46.04386 -0.10442734
p 196 210 45.975494 -0.06483841
p 196 211 45.94097 -0.033088684
p 197 212 45.890717 0.021535873
p 198 213 45.865288 -0.011102676
p 199 214 45.764774 -0.07861328
p 198 215 45.72551 -0.041015625
p 197 216 45.69004 -0.023410797
p 196 217 45.655865 -0.07212067
p 196 218 45.638107 -0.030954361
p 197 219 45.61384 0.015874863
p 197 220 45.598595 -0.10786247
p 198 221 45.579205 0.058343887
p 198 222 45.566177 -0.037424088
p 198 223 45.532543 -0.09356117
p 199 224 45.5216 -0.14315224
p 200 224 45.521404 -0.11428833
p 201 225 45.49963 0.030212402
p 200 226 45.489037 -0.06659317
p 199 227 45.489037 0.044935226
p 200 228 45.476196 -0.0743866
p 201 229 45.467323 0.022163391
p 201 230 45.467083 -0.0070438385
p 202 231 45.455627 -0.0021476746
p 203 232 45.44441 6.2942505E-5
p 204 232 45.437813 -0.0017166138
p 205 231 45.437813 -0.059314728

c 78 0.288002
p 193 41 45.81475 -0.019992828
p 194 40 45.769016 0.019273758
p 195 39 45.712555 -0.06593132
p 195 38 45.70504 -0.116867065
p 194 37 45.642067 0.013114929
p 195 36 45.617283 -0.1524601
p 196 36 45.603188 -0.056102753
p 197 36 45.599487 -0.033758163
p 198 35 45.599487 -0.1087265
p 199 34 45.52675 -0.11349869
p 200 34 45.52675 -0.07008171

c 79 54.37882
p 195 164 99.924385 -0.2814827
p 196 165 99.04838 -1.2520485
p 197 166 98.303505 -0.67951584
p 198 167 97.97993 -0.581295
p 197 168 97.22289 0.3332672
p 198 169 95.0932 -2.0104828
p 199 169 92.436615 -4.6830864
p 200 170 90.10388 -7.0633698
p 201 171 88.984886 -5.9872437
p 202 172 88.77234 -2.3616486
p 201 173 84.19229 -4.153702
p 202 174 83.18732 -9.491798
p 203 175 81.87312 -10.454693
p 204 176 80.67943 -11.626141
p 205 177 79.37361 -10.226429
p 206 178 78.62545 -11.067905
p 207 179 67.8517 -25.228214
p 208 180 64.36024 -27.525433
p 209 181 60.959095 -20.87695
p 210 182 59.89912 -27.365608
p 211 183 58.839718 -12.069128
p 210 184 57.64378 14.6562
p 211 185 56.7432 -17.675922
p 212 186 56.068737 -9.217749
p 211 187 54.743057 5.7621117
p 212 188 53.782146 -4.3903885
p 211 189 52.69742 -13.327538
p 210 190 51.90223 -6.474428
p 211 191 51.188942 1.2562771
p 212 192 50.52301 0.039985657
p 211 193 49.830887 3.2254868
p 210 194 49.15813 0.3367443
p 209 195 48.58417 -0.41341782
p 208 196 48.154495 0.072473526
p 209 197 47.722958 -0.11310196
p 209 198 47.289253 -0.26251602
p 208 199 47.139732 0.029630661
p 208 200 46.911194 0.03969574
p 207 201 46.665253 -0.1395092
p 207 202 46.539997 -0.084531784
p 208 203 46.423065 0.011758804
p 207 204 46.33036 -0.08785629
p 206 205 46.289444 -0.004301071
p 207 206 46.221516 -0.028543472
p 208 207 46.206844 -0.02111435
p 209 208 46.115192 -0.05687523
p 210 209 46.065998 0.11127281
p 209 210 45.979908 -0.09138298
p 210 211 45.979908 0.083963394
p 209 212 45.87848 -0.14839745
p 208 213 45.823437 -0.03365326
p 207 214 45.812107 -0.03862953
p 206 215 45.78219 0.0243721
p 206 216 45.71675 0.02497673
p 206 217 45.67418 -0.034461975
p 206 218 45.67418 -0.02820015
p 205 219 45.643414 0.040828705
p 205 220 45.58864 -0.034708023
p 205 221 45.58864 0.07275963
p 204 222 45.545567 -0.04659462
p 204 223 45.545567 -0.04777336

c 80 34.76455
p 197 49 46.163094 0.0376606
p 198 49 46.163094 -0.01433754
p 198 50 46.24135 -0.053440094
p 199 51 46.32006 -0.044855118
p 199 52 46.34659 -0.06856537
p 200 53 46.57146 0.012729645
p 201 54 46.687828 -0.09487343
p 200 55 46.766415 0.010377884
p 201 56 46.91952 0.13040924
p 200 57 47.0489 0.019769669
p 199 58 47.309986 -0.07610512
p 198 59 47.56857 -0.033964157
p 199 60 47.872047 -0.07990837
p 200 61 48.216915 0.2019577
p 201 62 48.645424 3.8447857
p 202 63 49.181175 3.840355
p 203 64 49.74928 1.3336983
p 202 65 50.439896 -3.0896358
p 203 66 51.339054 -0.9568386
p 202 67 52.01237 -0.5397568
p 203 68 52.879116 1.560749
p 202 69 53.71577 14.75379
p 203 70 59.163334 -11.138905
p 204 71 66.28774 -14.26836
p 205 72 71.811424 -0.061080933
p 205 73 79.11862 -0.59619904
p 206 74 80.92764 -0.9617729

c 81 1.5302391
p 201 196 47.3852 0.01692772
p 202 197 47.213108 -0.13124466
p 202 198 47.165627 -0.041418076
p 203 199 47.041615 -0.1124115
p 203 200 46.844193 0.007968903
p 204 201 46.704025 -0.010353088
p 204 202 46.627815 0.021492004
p 203 203 46.48274 0.113040924
p 202 204 46.339264 -0.012994766
p 203 205 46.26668 0.06953049
p 203 206 46.193283 -0.037145615
p 203 207 46.165977 -0.019176483
p 204 208 46.11159 -2.8800964E-4
p 204 209 45.995148 -0.0632
p 205 210 45.96118 0.018949509
p 204 211 45.892742 -0.10586357
p 205 212 45.881493 -0.041879654
p 206 213 45.85496 0.090559006

c 82 0.299469
p 203 45 45.96763 -0.034273148
p 204 44 45.87299 -0.07122803
p 205 44 45.87299 -0.057460785
p 206 44 45.863827 -0.07491875
p 207 43 45.863827 -0.04166794
p 207 42 45.788357 -0.022367477
p 208 42 45.788357 -0.06715393
p 209 41 45.728275 -0.10871124
p 210 40 45.72214 0.07973099
p 210 39 45.72214 -0.042360306
p 210 38 45.66816 -0.03461075
p 211 38 45.66816 -0.1092968

c 83 1.5745621
p 203 45 45.96763 -0.045267105
p 203 46 45.97507 -0.08157921
p 204 47 46.01411 -0.04189682
p 204 48 46.109596 -0.00901413
p 205 47 46.01411 -0.059246063
p 206 48 46.11703 -0.054000854
p 206 49 46.145184 -0.07360268
p 207 50 46.216873 -0.076293945
p 207 51 46.38346 -0.094062805
p 207 52 46.518135 0.01508522
p 208 53 46.58267 -9.021759E-4
p 209 54 46.719593 -0.0659523
p 209 55 46.969406 -0.06638336
p 210 56 47.07009 -0.051280975
p 211 57 47.251823 0.021722794
p 212 58 47.427425 -0.15888405
p 213 59 47.54219 0.08587265

c 84 46.627483
p 203 86 92.13148 -5.730438
p 204 85 90.157936 -10.673763
p 205 84 86.56991 -13.949387
p 206 83 83.64218 -13.097603
p 207 82 81.289345 -15.003387
p 208 81 78.299614 -16.823936
p 209 80 75.54693 -18.203636
p 210 79 73.17762 -19.491821
p 211 78 70.90011 -20.87059
p 212 77 68.853424 -21.962936
p 213 76 66.85416 -21.413242
p 214 75 65.89142 -21.913296
p 215 74 64.74206 -21.880054
p 216 73 63.689625 -14.723
p 215 72 62.66874 3.6390343
p 216 71 61.67175 -21.779163
p 217 70 60.7141 -23.844017
p 218 69 59.776752 -13.872408
p 219 70 58.891537 -2.582592
p 220 69 58.07716 -4.7425995
p 221 70 57.17788 29.732464
p 222 69 56.249393 -3.5840034
p 223 68 55.34193 -9.184811
p 222 67 54.471214 2.8331375
p 223 66 53.65103 2.6377373
p 222 65 52.89637 7.0715485
p 223 64 52.158207 4.2439613
p 224 63 51.412697 6.3040504
p 225 62 50.67575 7.5214214
p 226 61 50.00741 0.80095863
p 227 60 49.410976 0.0012435913
p 228 59 48.848206 -0.00573349
p 229 58 48.341694 0.15424919
p 229 57 47.881786 0.12482643
p 228 56 47.468414 -0.23716354
p 229 55 47.279255 0.16985703
p 228 54 46.998432 -0.03982544
p 227 53 46.848827 0.07365036
p 226 52 46.765682 -0.0085430145
p 225 51 46.648598 0.15155411
p 224 50 46.483723 -0.013790131
p 223 49 46.373966 -0.13992691
p 222 48 46.33092 0.033058167
p 221 47 46.206917 0.023218155
p 222 46 46.085777 -0.009284973
p 223 45 46.00883 -0.06635857
p 222 44 46.00883 -0.054174423
p 221 43 45.962765 0.029123306
p 221 42 45.904316 -0.06383896
p 222 41 45.80463 -0.057397842
p 222 40 45.80448 0.010831833
p 222 39 45.737255 0.022480011
p 223 38 45.718143 -0.06811714
p 223 37 45.677376 -0.056634903
p 224 36 45.677376 0.024049759
p 224 35 45.612194 0.0021915436
p 224 34 45.577095 -0.031188965
p 223 33 45.573483 -0.013380051
p 224 32 45.52303 0.0054512024
p 223 31 45.503994 -0.030115128
p 222 31 45.503994 -0.121040344

c 85 44.80308
p 208 95 102.90526 -0.53520966
p 209 94 101.49252 -2.3573265
p 210 93 100.25718 -2.6871681
p 211 92 99.20635 -3.1687317
p 212 91 97.97371 -3.4258194
p 213 90 96.52413 -3.5511322
p 214 89 93.061615 -7.116371
p 215 88 90.45309 -7.899109
p 216 87 88.366356 -9.869591
p 217 86 86.3555 -9.965889
p 218 85 83.180534 -7.1053543
p 217 84 79.844185 -3.9834023
p 218 83 76.229485 -21.23407
p 219 82 73.11918 -24.719776
p 220 81 70.3027 -27.44086
p 221 80 67.95319 -24.49884
p 222 79 66.68085 -13.434826
p 221 78 65.75121 -24.808163
p 220 77 64.608376 -20.352913
p 219 76 63.29141 -16.225494
p 220 75 62.24687 -19.41391
p 221 74 61.20814 -10.385851
p 220 73 60.118908 -4.2035027
p 221 72 59.07071 -27.470963
p 222 71 58.102177 -10.209105

c 86 1.9490013
p 209 226 45.51198 0.02567482
p 210 225 45.533173 -0.044181824
p 211 225 45.533173 0.034614563
p 212 224 45.53966 -0.004928589
p 213 223 45.587925 -0.1707077
p 214 222 45.589943 -0.04002571
p 215 221 45.589943 -0.07730484
p 216 221 45.604176 -0.03690529
p 217 220 45.66496 -0.0027122498
p 218 219 45.66496 -0.12593842
p 218 218 45.691628 -0.040164948
p 218 217 45.710102 -0.064291
p 217 216 45.714386 -0.05005455
p 217 215 45.855015 -0.019720078
p 218 214 45.90249 -0.02319336
p 219 213 45.91203 -0.14470673
p 219 212 45.94544 -0.09511948
p 220 211 46.016064 -0.042518616
p 219 210 46.06704 -0.06641388
p 219 209 46.152557 -0.10277367
p 220 208 46.169098 -0.034404755
p 220 207 46.2669 0.018156052
p 219 206 46.32812 -0.0058078766
p 220 205 46.365196 -0.09375572
p 221 204 46.44904 -0.04921341
p 222 203 46.51881 -0.0241642
p 223 202 46.608124 -0.014341354
p 222 201 46.610962 -0.14956665
p 221 201 46.67333 -0.12743759
p 220 200 46.858994 0.059490204
p 221 199 46.999382 -0.09202957
p 222 198 47.175663 -0.09422302
p 223 197 47.21261 -0.1882286
p 222 196 47.46098 -0.08633232

c 87 51.728897
p 217 104 97.26067 -3.069744
p 218 103 94.95638 -7.4933395
p 219 102 92.87272 -9.177753
p 220 101 91.19324 -9.13443
p 221 100 90.290436 -8.9702835
p 222 99 89.30919 -9.336086
p 223 98 88.556404 -10.908718
p 224 97 87.72506 -8.15094
p 225 96 86.86032 -4.288975
p 226 95 86.01222 -4.2021255
p 227 94 85.06362 -2.8302155
p 228 95 84.05988 0.53549194
p 229 94 83.4858 -7.625084
p 230 93 82.618416 -8.846798
p 231 92 81.67896 -6.8207016
p 232 91 80.71091 -3.5226517
p 233 90 79.72248 -1.4958115
p 234 89 78.22793 -4.3623085
p 235 88 77.40053 -3.3574104
p 236 87 76.766335 -3.204197
p 237 86 76.032295 -6.315281
p 238 85 75.06769 -7.5578003
p 239 84 73.66783 0.972805
p 240 84 68.87194 1.0979958
p 241 84 65.04947 -0.46474838
p 242 83 64.40202 -7.9544144
p 243 82 63.77086 -10.060951
p 244 81 63.283386 -4.5716057
p 245 80 62.793987 -10.114979
p 246 79 62.331448 -9.761631
p 247 78 61.748955 -0.1678772
p 248 77 61.076645 -5.7812023
p 247 76 60.714233 8.530804
p 248 75 59.44806 -6.1429787
p 249 74 58.81075 -7.9502983
p 250 73 58.16096 -7.3270035
p 251 72 57.548325 -6.2195625
p 252 71 56.918674 -3.7142143
p 253 70 56.28399 0.3856163
p 252 69 55.7476 2.8382988
p 253 68 55.10209 -4.626274
p 254 67 54.496563 0.039985657
p 253 66 53.959938 5.1841354
p 252 65 53.41513 -6.993166
p 253 64 52.79779 14.095003
p 252 63 52.24246 5.5656967
p 251 62 51.674335 6.0103283
p 250 61 51.14967 0.054180145
p 249 60 50.6022 -0.051273346
p 248 59 50.104248 -0.08555412
p 247 58 49.607964 0.13443184
p 246 57 49.09805 -0.034980774
p 245 57 48.650307 -0.15164757
p 244 56 48.31102 2.2697449E-4
p 243 55 47.842915 -0.22075462
p 242 54 47.66916 -0.13121605
p 241 53 47.40641 -0.14443207
p 240 52 47.140728 -0.19164467
p 239 51 46.923855 -0.0582695
p 238 50 46.755955 0.053174973
p 239 49 46.54267 0.053195953
p 239 48 46.31666 -0.047885895
p 240 47 46.243702 0.04166603
p 241 46 46.175743 0.0148983
p 241 45 46.126034 -0.039308548
p 240 44 46.090702 0.0054416656
p 241 43 45.99353 -0.13644409
p 242 42 45.922592 -0.025056839
p 242 41 45.8907 -0.056596756
p 241 40 45.8907 0.042564392
p 241 39 45.824356 0.032102585
p 240 38 45.76729 -0.027549744
p 241 37 45.76729 0.026491165
p 242 36 45.741203 0.009181976
p 242 35 45.651512 -0.001159668
p 243 34 45.623108 0.052955627
p 243 33 45.623108 -0.021823883
p 242 32 45.588028 0.004901886
p 241 31 45.572742 0.0061626434
p 242 30 45.531776 -0.11888504
p 241 30 45.531776 -0.030691147

c 88 36.933815
p 218 113 102.693886 -1.195652
p 219 112 100.40965 -3.3740768
p 220 111 98.80224 -4.959255
p 221 110 95.423386 -5.890724
p 222 109 93.058815 -8.296146
p 223 108 90.791794 -10.7201805
p 224 107 89.31758 -11.53413
p 225 106 87.94431 -11.815716
p 226 105 86.71048 -12.381462
p 227 104 85.600494 -4.0568085
p 228 104 85.29702 -0.46102142
p 229 103 84.730125 -1.2385445
p 230 102 84.15431 -0.098609924
p 230 101 83.938034 -2.1849785
p 231 100 77.46887 -9.251877
p 232 99 76.70625 -9.900234
p 233 98 75.995094 -11.4170265
p 234 97 75.297676 -11.973385
p 235 96 74.54017 -9.694664
p 236 95 73.85109 -9.627758
p 237 94 72.7288 -12.183453
p 238 93 71.99284 -12.406967
p 239 92 71.37057 -12.757965
p 240 91 70.405205 -11.205021
p 241 90 69.63835 -11.864647
p 240 89 68.8345 -3.853691
p 241 88 68.091095 -17.2431
p 242 87 67.28279 -12.306564
p 243 86 66.56768 -13.479141
p 242 85 65.76007 -11.631287

c 89 43.758068
p 219 161 101.16119 -0.72927094
p 220 162 100.10926 -2.1409073
p 221 163 99.24754 -1.775795
p 222 164 98.18556 -2.0990486
p 223 165 97.308655 -0.78889847
p 224 166 96.21846 0.51765823
p 225 166 94.0029 -4.25515
p 226 167 91.954605 -4.7945633
p 227 168 90.171776 -0.53897476
p 227 169 89.37035 -1.0407295
p 228 170 82.29489 -6.374542
p 229 171 80.928925 -1.4065399
p 228 172 80.1997 5.490326
p 229 173 79.73849 -6.0117226
p 230 174 79.36464 -8.241535
p 231 175 78.869026 -8.229046
p 232 176 78.52082 -8.391556
p 233 177 77.48742 -8.997536
p 234 178 76.767685 -7.415661
p 235 179 75.85038 -4.8484917
p 236 178 75.09652 -6.403736
p 237 177 74.410355 2.1531906
p 238 178 73.632126 -4.160061
p 239 179 73.13972 -6.0232506
p 240 180 72.95179 -4.5160484
p 241 181 72.880226 -2.4937897
p 242 182 72.70326 0.93616486
p 243 183 72.39946 4.503315
p 244 184 72.03542 6.5853767
p 245 185 71.787315 7.3748436
p 246 186 71.22894 5.8036957
p 247 185 70.86478 3.4808464
p 248 185 70.61938 0.38500977
p 249 184 60.779087 3.6579475
p 250 184 60.779087 4.308613
p 251 183 60.998653 1.8075523
p 250 182 61.4017 -5.0816116
p 251 181 62.03461 -3.9453125
p 252 180 62.82386 -2.7783852
p 253 179 64.14071 4.5915146
p 254 178 65.53909 0.08153534
p 253 177 66.893684 4.622181
p 254 176 68.02123 15.224319
p 253 175 69.05334 -0.4829445
p 252 174 70.01043 -2.1428642
p 253 173 70.791794 -3.1295395
p 254 172 71.42786 -0.14530182
p 253 171 72.10604 -7.5354767
p 252 170 73.02031 -10.677681
p 251 169 73.661316 -8.8053665
p 250 168 74.44674 -7.5053368
p 249 167 75.19103 -4.9584694
p 250 166 75.920235 5.4113426
p 249 165 76.56719 -4.8446655E-4
p 250 164 77.279594 0.75371933
p 249 163 78.016106 -4.281475
p 248 162 78.85528 -2.2389946
p 249 161 79.503784 -5.270317
p 250 160 80.14764 -3.061245
p 249 159 80.82702 -8.525715
p 248 158 82.09089 -0.19664764
p 249 157 82.78815 -4.298992
p 250 156 83.541336 -4.521019
p 249 155 84.276634 2.708393
p 250 154 84.94523 2.353962
p 249 153 85.840126 -9.606815
p 248 152 86.85608 -13.329296
p 247 151 88.06324 -11.402412
p 246 150 89.29241 -9.914871
p 245 149 90.35978 -9.377769
p 244 148 93.23378 -5.924057
p 243 147 94.41752 -5.2508545
p 242 146 96.655106 -5.047367
p 241 145 99.552574 -0.75141144
p 241 144 100.999344 -1.485424
p 242 143 102.83721 -0.30700302
p 242 142 103.857414 -0.55654526
p 243 141 104.537155 -0.38780594

c 90 0.8006325
p 222 206 46.3261 0.012529373
p 223 207 46.2132 -0.109752655
p 222 208 46.18293 -0.08481979
p 222 209 46.11598 -0.13179016
p 223 210 46.106655 -0.019348145
p 224 211 45.995567 -0.03376198
p 224 212 45.958046 -0.14505386
p 224 213 45.958046 -0.06604004
p 224 214 45.90824 -0.113925934
p 224 215 45.89697 -0.074640274
p 223 216 45.843307 0.0037193298
p 224 217 45.797554 0.009443283
p 224 218 45.761368 0.042394638
p 225 219 45.761368 -0.073431015
p 226 220 45.693386 -0.1269741
p 227 221 45.66772 0.040786743
p 228 221 45.64333 -0.044410706
p 229 222 45.64333 0.0010414124
p 228 223 45.59141 -0.057411194
p 227 224 45.59141 -0.07629967
p 226 224 45.5592 -0.10964775
p 225 225 45.5592 0.024507523
p 226 226 45.525467 -0.014701843
p 227 226 45.525467 -0.020124435

c 91 16.395988
p 222 206 46.3261 0.08208847
p 223 205 46.432068 -0.037647247
p 224 204 46.534115 -0.12581444
p 225 203 46.689896 -0.10102844
p 226 202 46.851658 -0.07408714
p 227 201 46.93093 -0.032606125
p 228 200 47.019238 -0.053215027
p 229 199 47.111538 -0.011960983
p 230 198 47.20759 -0.014760971
p 229 197 47.35755 0.14766312
p 230 196 47.37823 -0.09739876
p 230 195 47.695744 0.08279419
p 231 194 47.95136 0.29322052
p 230 193 48.399265 6.45912
p 229 192 48.914272 6.023136
p 228 191 49.48965 1.2665043
p 229 190 50.142284 -2.7957897
p 228 189 50.918224 -3.0699692
p 229 188 51.885742 -3.058876
p 228 187 52.843834 -0.9719467
p 229 186 54.946953 1.7382278
p 228 185 58.357243 -18.392933
p 227 184 62.722088 -18.64344

c 92 30.123962
p 223 152 101.22648 0.43925095
p 224 151 99.31396 1.0382805
p 225 152 97.87917 1.4807472
p 226 153 97.27152 1.9295273
p 227 154 96.55035 2.131424
p 228 155 95.81361 0.04459381
p 229 154 96.04544 1.1554375
p 230 155 95.43068 1.3086433
p 231 156 94.99645 1.1665077
p 232 157 94.62286 -1.5385246
p 231 158 94.1861 0.67959976
p 232 159 93.59179 0.050754547
p 233 160 92.39881 -2.5387955
p 234 160 91.45744 -0.24325562
p 235 161 89.49614 -0.70316315
p 236 162 88.83993 -0.78240585
p 237 163 88.265434 -0.98947525
p 238 164 87.37622 1.9249725
p 239 165 86.52603 -1.2002335
p 240 164 85.625275 0.7788086
p 241 165 84.781296 0.30215454
p 242 166 83.82485 -0.93504715
p 243 167 82.91576 -2.8141556
p 242 168 82.01331 2.314785
p 243 169 81.09199 -1.9182472
p 244 170 80.296104 -1.6179962
p 245 171 79.16779 -5.5981255
p 246 172 78.06561 -6.0583267
p 247 173 76.622826 -3.190918
p 248 174 75.17002 -2.432724
p 249 175 73.70823 -5.483509
p 250 174 72.28544 1.2150574
p 251 175 71.102516 -3.2565231

c 93 0.31017685
p 229 20 45.37658 -0.056324005
p 230 21 45.37658 0.019245148
p 230 22 45.41545 -7.991791E-4
p 230 23 45.43615 -0.0068950653
p 231 24 45.441933 -0.009023666
p 231 25 45.441933 -0.045648575
p 232 26 45.44631 -0.009370804
p 232 27 45.49857 -0.061063766
p 233 28 45.51583 -0.1595192
p 233 29 45.541325 0.022983551
p 234 30 45.541325 0.053865433
p 233 31 45.56316 -0.06447983
p 232 32 45.591927 -0.083257675
p 231 33 45.591927 -0.004053116
p 230 34 45.6255 -0.0515213
p 230 35 45.641605 -0.073934555
p 229 36 45.675022 -0.0060424805
p 229 37 45.686756 -0.0053920746

c 94 1.1882935
p 230 200 47.07826 -5.8174133E-4
p 231 201 46.990517 -0.10042763
p 230 202 46.882145 -0.014389038
p 231 203 46.73032 -0.10155487
p 232 204 46.563408 -0.069150925
p 232 205 46.425682 -0.026050568
p 231 206 46.371605 -0.062202454
p 230 207 46.305233 -0.05646515
p 231 208 46.193905 -0.06848335
p 231 209 46.141266 -0.12354088
p 231 210 46.101162 -0.05332756
p 231 211 46.07685 -0.030057907
p 232 212 45.980324 0.03627968
p 231 213 45.947056 -0.12318802
p 231 214 45.889965 -0.025932312
p 231 215 45.889965 -0.12563705

c 95 0.4375038
p 231 43 45.9626 0.025533676
p 232 42 45.889164 -0.024597168
p 233 41 45.888004 -0.013008118
p 234 40 45.774147 -0.18475342
p 235 39 45.758224 -0.079833984
p 234 38 45.758224 0.010908127
p 234 37 45.722332 -0.1005764
p 234 36 45.680916 -0.034154892
p 234 35 45.65083 -0.11504555
p 234 34 45.65083 -0.12989807
p 235 33 45.557564 0.048265457
p 235 32 45.543648 0.001745224
p 236 31 45.534134 0.009511948
p 236 30 45.525097 -0.02031517
p 237 30 45.525097 -0.06100273

c 96 1.9081879
p 233 59 47.72634 -0.10972977
p 234 58 47.67517 -0.013513565
p 235 57 47.483894 0.012458801
p 235 56 47.483894 -0.043201447
p 235 55 47.272346 0.07565498
p 235 54 47.124775 -0.066381454
p 235 53 47.102753 -0.016965866
p 235 52 47.00367 -0.033237457
p 235 51 46.88998 0.019859314
p 236 50 46.715477 -0.051769257
p 237 49 46.556736 -0.0034427643
p 236 48 46.414894 -0.009483337
p 236 47 46.260204 -0.006925583
p 237 46 46.212555 -0.16115189
p 238 45 46.11436 -0.0857296
p 238 44 46.03543 -0.06577492
p 237 43 45.946785 0.008342743
p 237 42 45.923145 -0.005584717
p 236 41 45.876366 0.02717781
p 235 40 45.818153 -0.05516243

c 97 27.554893
p 236 96 74.45935 -5.903919
p 237 97 75.668594 -13.4406395
p 238 98 77.75545 -12.6118355
p 239 99 88.938484 -0.89985657
p 240 100 90.03108 -0.78676605
p 241 101 90.78783 -0.9389763
p 242 102 91.45099 -1.3625488
p 243 103 92.35691 -0.91383743
p 244 104 93.60404 -1.668026
p 245 105 95.31763 -3.2651024
p 246 106 97.34001 -1.5677834
p 246 107 100.12614 -0.22267532
p 247 108 100.840614 -0.32715607
p 248 109 101.21681 -0.52775574
p 249 110 102.014244 -0.73581314

c 98 0.6850128
p 240 209 46.153946 -0.031547546
p 241 210 46.153946 0.038988113
p 242 211 46.089928 -0.1252594
p 243 211 46.089928 -0.096839905
p 244 212 46.089108 -0.13804054
p 245 213 45.95915 -0.08880997
p 244 214 45.891617 -0.0031261444
p 245 215 45.88493 -0.029958725
p 245 216 45.88493 -0.09994888
p 246 217 45.78904 0.027118683
p 246 218 45.78904 -0.041885376
p 247 219 45.76599 -0.08678055
p 246 220 45.71092 -0.03992462
p 246 221 45.654564 0.011098862
p 247 222 45.617596 -0.010526657
p 247 223 45.59786 -0.016523361
p 248 224 45.572853 -0.03876686
p 249 225 45.53807 0.07325363
p 249 226 45.53807 -0.039661407
p 248 227 45.526833 -0.06614876
p 247 228 45.49449 -0.075294495
p 246 229 45.48786 0.028541565
p 245 229 45.468933 -0.038490295
p 246 230 45.468933 -0.04283333

c 99 19.398315
p 243 87 67.845146 -8.470703
p 244 88 69.75916 -15.653946
p 245 89 71.961815 -2.884327
p 245 90 82.29484 0.13708115
p 246 91 83.14767 2.5777588
p 247 92 83.578766 0.48074722
p 248 93 83.91228 -2.128048
p 249 94 84.26165 -2.0188293
p 250 95 84.47986 -2.647499
p 249 96 84.66703 -2.906269
p 248 97 85.1225 -8.316399
p 247 98 85.88972 -8.999294
p 246 99 87.24346 -4.8410378

c 100 0.66895294
p 246 30 45.520393 0.005302429
p 246 31 45.520393 -0.010442734
p 247 31 45.535168 0.06303406
p 248 31 45.535168 -0.05098915
p 249 32 45.61457 -0.034849167
p 250 33 45.63581 -0.033708572
p 249 34 45.67082 0.0238266
p 248 35 45.702686 -0.054063797
p 247 36 45.76567 0.04273224
p 248 37 45.76567 -0.06185913
p 248 38 45.779842 -0.09970474
p 249 39 45.82772 0.005832672
p 249 40 45.915524 0.02639389
p 250 41 45.931 -0.06711006
p 251 42 45.931 -0.08956528
p 251 43 46.044212 -0.033161163
p 250 44 46.044212 -0.17029953
p 249 45 46.132664 0.04318428
p 248 46 46.189346 0.048685074

c 101 1.1146584
p 253 201 47.124165 -0.119651794
p 254 202 46.938778 -0.16227722
p 255 203 46.776855 0.023464203
p 254 204 46.647827 0.06562424
p 254 205 46.530357 -0.09923172
p 255 206 46.457466 -0.035427094
p 254 207 46.351166 0.018886566
p 254 208 46.21857 0.05224228
p 253 209 46.130318 -0.020217896
p 254 210 46.08669 -0.10549545
p 255 211 46.009506 -0.033554077
p 254 212 46.009506 -0.09440994

avg 19.201641
end