//fileLoc: inputData/gradient13.png
//fluxMulti: 3.0 channelCutOff: 10
//wk_fmin: 0.0 wk_fmax: 0.5
//total_mass_shift: 2283.0
//colorstage1: 2 colorstage2: 3
# 89
avgCurve 1.5677804

c 0 0.6892853
p 0 44 50.923164 -0.097408295
p 1 43 50.916092 -0.07618332
p 1 42 50.862087 -0.1006012
p 1 41 50.78436 -0.19419098
p 2 40 50.71864 -0.08652496
p 2 39 50.71864 -0.06321716
p 3 38 50.7069 -0.06282997
p 3 37 50.618855 -0.06869888
p 2 36 50.55372 0.018688202
p 1 35 50.481297 -0.007286072
p 2 34 50.46754 -0.055833817
p 3 33 50.38375 -0.09058952
p 4 33 50.349804 -0.11289215
p 5 32 50.309902 -0.025251389
p 5 31 50.23388 -0.119524
p 6 30 50.23388 -0.15332985

c 1 11.033409
p 0 187 61.27384 0.0038337708
p 1 188 60.58124 -4.0466576
p 0 189 59.891647 5.7856293
p 1 190 59.204132 6.2570114
p 2 191 58.523758 2.7957897
p 3 191 57.846413 -1.0274677
p 4 192 57.20232 2.0385094
p 5 192 56.51308 3.4164371
p 6 193 56.057217 -0.24769402
p 7 194 55.68454 -0.23411179
p 8 195 55.279682 -0.25598335
p 9 196 54.800472 -0.044441223
p 10 197 54.558807 0.08936882
p 11 198 54.143433 -0.012863159
p 12 199 53.68007 -0.034246445
p 13 200 53.30388 0.0909996
p 14 201 53.0036 -0.016866684
p 15 202 52.653778 -0.043216705
p 15 203 52.388245 -0.08111191
p 16 204 52.069794 -0.11007881
p 16 205 51.880436 0.02544403
p 17 206 51.704514 -0.21562004
p 17 207 51.61889 -0.015964508
p 18 208 51.480255 -0.0059280396
p 18 209 51.42526 -0.06375885
p 17 210 51.27004 -0.20233536
p 16 210 51.251507 -0.14642525
p 15 211 51.208508 0.08678055
p 16 212 51.134808 -0.027513504
p 15 213 51.12465 -0.049562454
p 15 214 51.042023 -0.07502937
p 15 215 50.933838 -0.052417755
p 15 216 50.79209 -0.0796566
p 14 217 50.74381 0.035865784
p 15 218 50.688175 -0.01930809
p 14 219 50.688175 0.030179977
p 13 220 50.594593 -0.17256737
p 12 221 50.54286 0.050912857
p 12 222 50.49921 -0.019395828
p 13 223 50.395405 -0.15982628
p 14 224 50.39412 0.04588318
p 13 225 50.346893 -0.009397507
p 12 226 50.250645 -0.009967804
p 11 225 50.240433 -0.2749424
p 10 225 50.240433 -0.01726532

c 2 41.78508
p 0 187 61.27384 4.8658066
p 1 186 61.97214 4.420986
p 2 185 62.674274 -0.1728859
p 3 184 63.42967 4.3532867
p 4 183 64.19295 -0.6460266
p 3 182 64.94484 2.6662712
p 4 181 65.67994 4.996834
p 3 180 66.4038 1.4480591
p 4 179 67.18287 6.163208
p 5 178 67.913185 6.225212
p 6 177 68.62146 5.67585
p 7 176 69.35362 -2.49506
p 6 175 70.10944 5.307266
p 7 174 70.87099 1.9121552
p 6 173 71.63762 5.287056
p 7 172 72.44142 -3.096222
p 8 171 73.23526 -2.2001572
p 9 170 74.019356 0.6050186
p 10 169 74.76648 2.6221275
p 11 168 75.52055 3.0356407
p 12 167 76.546036 -0.96551514
p 13 166 77.13399 -2.771103
p 14 165 77.877914 -0.59316254
p 15 164 78.710815 -9.64645
p 16 163 79.90461 -9.800259
p 17 162 81.01649 -10.04623
p 18 161 82.114204 -9.034153
p 19 160 83.21961 -8.107449
p 20 159 84.618744 -6.7433968
p 21 158 85.8909 -8.363678
p 22 157 87.13525 -8.945244
p 23 156 88.61356 -5.5748367
p 22 155 90.90868 3.2594147
p 23 154 93.25461 -6.5463104
p 24 153 95.44555 -5.2646675
p 25 152 96.84745 -4.5293427
p 26 151 98.433945 -3.110878
p 27 150 100.98964 -3.9466438
p 28 149 103.05892 -2.6587334

c 3 0.34973526
p 2 232 50.114227 -0.060934067
p 3 231 50.114227 -0.016191483
p 4 231 50.149033 0.054956436
p 5 230 50.15495 -0.012355804
p 5 229 50.15495 -0.03532219
p 4 228 50.16299 -0.10583496
p 3 227 50.20912 -0.008201599
p 4 226 50.260723 -0.14827347
p 4 225 50.289608 -0.06226921
p 3 224 50.335278 -0.030151367
p 3 223 50.335278 0.10279274
p 4 222 50.404305 -0.03836441
p 4 221 50.459038 -0.030780792
p 4 220 50.463963 0.0031394958

c 4 48.7784
p 3 43 50.87373 -0.046424866
p 3 44 50.897022 0.11109543
p 4 45 51.03524 -0.14735222
p 4 46 51.22492 0.05863762
p 5 47 51.34454 -0.1014061
p 6 48 51.500843 -0.03444481
p 6 49 51.56353 -0.05474472
p 7 50 51.818256 -0.23480606
p 8 51 52.033524 -0.018270493
p 9 52 52.408382 0.1687336
p 10 53 52.610317 -0.0671978
p 11 54 52.906498 -0.007165909
p 12 55 53.167194 0.0678978
p 13 56 53.6191 0.058286667
p 14 57 53.96114 -0.018989563
p 13 58 54.37103 0.042779922
p 14 59 54.91475 0.051603317
p 13 60 55.46711 -0.030302048
p 14 61 56.053642 -0.11338997
p 14 62 56.602665 0.05307007
p 14 63 57.228043 3.8124008
p 13 64 57.854828 2.361889
p 14 65 58.54524 -0.8601246
p 13 66 59.216507 1.1221733
p 12 67 59.88867 2.440567
p 11 68 60.559296 1.5598297
p 10 69 61.230568 1.1817513
p 9 70 61.91138 -0.92199326
p 8 71 62.60913 0.06533623
p 9 72 63.34593 -1.7797127
p 10 73 64.17176 -2.6133118
p 11 74 65.06183 -0.5586395
p 12 75 65.92316 -3.596508
p 11 76 66.66589 4.0850105
p 12 77 67.46248 -0.6878433
p 11 78 68.30008 -5.413826
p 10 79 69.32798 -5.759796
p 9 80 70.03382 -0.6264839
p 10 81 70.93024 -8.094276
p 11 82 71.730865 -10.015915
p 12 83 72.69588 -4.637844
p 11 84 73.53525 -10.78323
p 10 85 74.4858 -11.724449
p 9 86 75.526924 -6.6466217
p 10 87 79.40443 8.4281845
p 9 88 80.815865 -1.4226265
p 10 89 81.77808 0.83122635
p 9 90 82.58918 -7.9282722
p 8 91 83.3918 -5.3748817
p 7 92 84.32512 -8.561764
p 8 93 85.511765 2.0597305
p 7 94 86.663475 -7.2556305
p 6 95 87.73237 -7.684841
p 7 96 89.413826 -9.428997
p 8 97 90.788124 -8.523235
p 9 98 92.29558 -5.634964
p 10 99 93.180435 -5.6202545
p 11 100 94.197044 -6.73563
p 12 101 95.096756 -5.722107
p 13 102 99.05185 3.250576
p 13 103 99.65213 0.07593918

c 5 0.7225914
p 9 24 50.008682 -0.11478233
p 10 25 50.042816 -0.19739532
p 11 26 50.11719 0.053340912
p 12 27 50.123016 -0.10580444
p 13 28 50.16812 -0.10084343
p 14 29 50.234737 -0.010847092
p 15 30 50.283577 -0.05004692
p 16 31 50.3496 -0.0064258575
p 15 32 50.38108 -0.013507843
p 16 33 50.47031 0.07573509
p 15 34 50.474606 -0.06246376
p 14 35 50.509743 0.004459381
p 15 36 50.573692 -0.07102203
p 15 37 50.596123 0.006603241
p 15 38 50.596123 -0.12757301
p 16 39 50.731274 -0.035066605

c 6 21.128777
p 12 150 101.18916 -3.761551
p 13 151 99.53023 -6.3507614
p 14 152 98.74691 -5.375408
p 15 153 97.976944 -1.1439133
p 14 154 97.55654 -2.2445183
p 13 155 96.90945 -0.067741394
p 14 156 96.151886 3.6914825
p 13 157 95.36192 0.6580162
p 12 158 93.20453 -1.3452492
p 12 159 88.84159 -1.4064255
p 13 160 85.32553 -3.705082
p 12 161 84.38385 4.336769
p 13 162 83.169975 -3.5061188
p 12 163 81.69137 -0.61312103
p 13 164 80.06039 -5.1592484

c 7 6.205467
p 17 63 56.696735 0.2387371
p 18 62 56.459805 -0.02097702
p 19 61 55.990856 -0.027887344
p 20 60 55.411762 0.089567184
p 21 59 54.958298 0.08513641
p 21 58 54.487244 0.008602142
p 20 57 54.03503 -0.005016327
p 21 56 53.65218 0.07979202
p 22 55 53.339138 0.012750626
p 23 54 52.960976 -0.103097916
p 22 53 52.621784 0.093387604
p 22 52 52.494884 -0.013635635
p 22 51 52.282055 -0.09284592
p 21 50 52.05784 -0.019765854
p 22 49 51.881264 0.01181221
p 21 48 51.63985 -0.012086868
p 22 47 51.496727 -0.0885582
p 23 46 51.357994 0.081142426
p 22 45 51.09823 -0.06529999
p 22 44 51.09477 -0.06997681
p 22 43 51.008995 -0.096616745
p 21 42 50.9512 -0.014606476
p 21 41 50.859486 -0.09880638
p 22 40 50.768032 -0.015850067
p 22 39 50.736393 -0.12821007
p 22 38 50.680077 -0.07466698
p 21 37 50.680077 -0.019533157
p 21 36 50.532597 0.027612686
p 21 35 50.49529 -0.05205536
p 20 34 50.49127 -0.0045375824
p 19 35 50.49127 -0.007232666

c 8 13.0033
p 17 63 56.696735 -0.31770897
p 18 64 56.941525 -1.4856949
p 19 64 57.508076 2.8582172
p 20 65 58.119064 2.3132915
p 19 66 58.74531 0.40782356
p 18 67 59.394295 -3.4622803
p 19 68 60.03149 -1.2349854
p 20 69 60.68944 -3.2606544
p 21 70 61.78631 -0.48050117
p 20 71 62.688316 -1.5956383
p 19 72 63.178406 -2.750618
p 18 73 63.7596 -3.1019096
p 17 74 64.32247 -2.968933
p 18 75 64.90106 2.8251114
p 17 76 65.49937 1.0042877
p 18 77 66.1156 1.6758957
p 19 78 66.75693 -2.4674911
p 18 79 67.40621 -1.7455635
p 17 80 68.21231 -6.722912
p 18 81 68.95072 -6.8424225
p 19 82 69.700035 -10.497295

c 9 14.54454
p 18 179 64.91597 -1.5803871
p 19 180 64.550804 -1.8548164
p 20 181 63.333645 -3.047142
p 21 182 62.593754 -1.0644493
p 22 183 62.148685 0.2582016
p 23 184 61.703762 1.4166527
p 24 185 60.874172 -2.6251392
p 23 186 60.3058 2.6595993
p 24 187 59.714954 1.8845329
p 23 188 59.065205 6.3802547
p 24 189 58.419453 5.3971195
p 23 190 57.90065 5.8822155
p 24 191 57.319855 7.03446
p 25 192 56.72889 -0.028453827
p 25 193 56.184868 -0.07717705
p 25 194 55.663048 -0.28829956
p 26 195 55.18492 -0.016302109
p 26 196 54.77621 -0.19907951
p 25 197 54.378017 -0.12543678
p 24 198 53.91565 -0.105529785
p 25 199 53.58926 0.035692215
p 26 200 53.232365 -0.051404953
p 25 201 52.887447 -0.12015915
p 26 202 52.653934 0.08852196
p 25 203 52.33437 -0.049549103
p 24 204 52.097404 0.08552742
p 23 205 51.94555 0.116594315
p 22 206 51.788322 0.012145996
p 22 207 51.64573 -0.012571335
p 21 208 51.50516 -0.06291008
p 21 209 51.422737 -0.05258751
p 22 210 51.317993 -0.03925705
p 21 211 51.278408 0.113277435
p 22 212 51.193382 -0.071977615
p 23 213 51.117336 0.004501343
p 22 214 51.05974 0.015911102
p 23 215 50.93015 -0.07477951
p 23 216 50.92228 0.006948471
p 24 217 50.878284 5.168915E-4
p 24 218 50.82957 0.013097763
p 23 219 50.751167 -0.11018753
p 23 220 50.565567 -0.1034832
p 24 221 50.541893 -0.048980713
p 25 222 50.532333 0.023557663
p 25 223 50.40675 -0.11664963
p 26 224 50.37143 -0.037799835
p 27 224 50.37143 0.026088715

c 10 3.130684
p 23 45 51.177044 -0.092933655
p 24 46 51.33887 0.056800842
p 23 47 51.482773 0.009807587
p 23 48 51.66056 0.0027446747
p 24 49 51.898018 -0.024084091
p 25 50 52.071438 -0.19948578
p 24 51 52.32147 -0.030836105
p 25 52 52.59822 -0.25105095
p 26 53 52.830643 -0.05621338
p 27 54 53.0903 -0.12681961
p 27 55 53.350376 -0.11115074
p 28 56 53.71824 0.051088333
p 29 57 54.09179 0.12679863
p 30 58 54.307728 -0.22898102

c 11 20.449821
p 24 183 62.093018 1.349453
p 25 182 62.930084 -0.54359436
p 26 181 63.399563 -1.3816986
p 27 180 64.22124 -3.1639671
p 26 179 64.81096 5.309723
p 27 178 65.597824 2.222599
p 28 177 66.459435 -3.2390747
p 29 176 67.303246 -3.9864273
p 30 175 76.22899 4.0319366
p 31 174 76.22899 2.2056808
p 31 173 76.48668 -1.26857
p 30 172 76.95274 -1.5726929
p 31 171 77.4545 -3.1039085
p 32 170 78.19434 -4.917919
p 31 169 78.83907 -5.732338
p 30 168 82.54284 5.1139984

c 12 32.640976
p 30 96 82.63045 -7.3199387
p 31 95 81.133644 -11.182297
p 32 94 80.09607 -8.883568
p 33 93 79.163055 -4.567768
p 34 92 78.25964 -4.5262604
p 35 91 77.288734 -5.77462
p 36 90 76.64171 -4.43906
p 37 89 76.04356 -3.7044945
p 38 88 75.2173 -3.9771004
p 39 87 74.50942 -4.4747734
p 40 86 73.780045 -4.7449875
p 41 85 73.16272 -3.564949
p 42 84 72.41811 -1.7854614
p 43 83 71.800514 -3.0370674
p 42 82 71.08672 2.8590279
p 43 81 70.37467 -3.3933716
p 44 80 69.63644 -8.696777
p 45 79 68.89726 -11.135094
p 46 78 68.18263 -6.4831314
p 47 77 67.460594 6.8932266
p 46 76 66.75225 5.0801506
p 45 75 66.00469 5.534252
p 44 74 65.283356 -3.4443054
p 45 73 64.565384 3.9488297
p 44 72 63.8584 6.7677956
p 43 71 63.178974 3.7501717
p 42 70 62.55402 -0.26226044
p 43 69 61.927372 -0.72414017
p 44 68 61.30123 -2.0896587
p 43 67 60.670822 3.5344963
p 44 66 60.044506 3.0282078
p 43 65 59.43347 3.6358738
p 44 64 58.829323 2.4059582
p 43 63 58.184845 2.877905
p 42 62 57.553947 0.7500591
p 41 61 57.005127 -0.52388763
p 40 60 56.44353 -0.4071312
p 39 59 55.90265 0.014862061
p 40 58 55.390285 0.056293488
p 41 57 54.843906 -0.04320526
p 40 56 54.374817 0.05983734
p 39 55 53.846577 -0.06430435
p 40 54 53.44973 -0.002111435
p 41 53 53.05692 -0.060861588
p 40 52 52.67945 0.009420395
p 40 51 52.342014 -0.16456223
p 41 50 52.136242 0.06686783
p 42 49 51.902653 -0.10407066
p 43 48 51.71913 -0.023622513
p 43 47 51.510853 0.010604858
p 43 46 51.365772 -0.055631638
p 42 45 51.29456 0.07683182
p 41 44 51.157387 0.010454178
p 40 43 51.043198 -0.021280289
p 41 42 51.002754 -0.041395187
p 40 41 50.935734 -0.027378082
p 39 40 50.85762 -0.012302399
p 38 39 50.770557 -0.058252335
p 38 38 50.70156 -0.12106705
p 39 37 50.67303 -0.02583313
p 39 36 50.671642 -0.04742813
p 38 35 50.567863 -0.13241386
p 39 34 50.48808 -0.104782104
p 40 33 50.456486 -0.046401978
p 39 32 50.432938 -0.020544052
p 39 31 50.39386 -0.09980011
p 38 30 50.38376 0.0049152374
p 38 29 50.3436 3.7193298E-4
p 39 28 50.292885 -0.009983063
p 38 27 50.27597 -0.04640007
p 39 26 50.216873 -0.07684517
p 40 25 50.208942 0.029413223
p 40 24 50.194763 -0.07917404
p 40 23 50.194763 0.027412415
p 41 22 50.079746 0.031354904
p 40 21 49.98947 -0.020189285
p 41 21 49.98947 -0.06284714

c 13 7.0554543
p 30 189 57.91223 0.83348083
p 31 190 57.351772 3.519678
p 32 191 56.784832 4.210783
p 33 192 56.218746 -0.09429932
p 33 193 55.79317 -0.060922623
p 33 194 55.410427 -0.16750336
p 34 195 55.03754 0.033424377
p 34 196 54.47399 0.03869629
p 34 197 54.191025 -0.08804512
p 34 198 53.81371 0.0037441254
p 33 199 53.45942 0.034254074
p 33 200 53.09314 0.018486023
p 32 201 52.87696 0.02358818
p 31 202 52.587 -0.17002869
p 32 203 52.392822 0.12841415
p 31 204 52.181282 0.025173187
p 30 205 51.9579 -0.024381638
p 30 206 51.81038 -0.012058258
p 31 207 51.606632 -0.01589775
p 32 208 51.499165 -0.009946823
p 32 209 51.359207 -7.5149536E-4
p 32 210 51.31667 0.04188156
p 31 211 51.189808 -0.1284771
p 32 212 51.142147 -0.05540657
p 32 213 51.064777 -0.11919212
p 33 214 51.02116 -0.039455414
p 33 215 50.950787 -0.05002594
p 32 216 50.892376 -0.13047028
p 31 217 50.856777 -0.12949944
p 30 216 50.856777 -0.051063538

c 14 32.037422
p 40 160 82.08853 -6.585697
p 41 161 81.02008 -6.514805
p 42 162 79.97596 -5.590481
p 43 163 79.01715 -5.6777687
p 44 164 78.06622 -5.382309
p 45 165 77.2346 -2.3734245
p 46 166 76.40112 -1.8860626
p 45 167 75.532646 1.7363358
p 46 168 74.86104 -3.8073044
p 47 169 74.20033 -6.7609406
p 48 170 73.50508 -7.86837
p 49 171 72.81988 -6.5093307
p 50 172 72.13863 -5.4054832
p 49 173 71.455826 0.27484512
p 50 174 70.78196 -7.1479607
p 51 175 70.152145 -6.8515816
p 52 176 69.57326 5.9882774
p 52 177 69.10704 1.1612892
p 51 178 68.37447 5.449375
p 50 179 67.73215 -0.028621674
p 51 180 66.79997 2.4573746
p 50 181 66.10422 2.9803314
p 49 182 65.274025 4.1465225
p 48 183 63.653984 3.2840958
p 47 184 62.843777 1.4956665
p 46 185 62.00957 0.66013336
p 45 186 61.2091 0.7825966
p 44 187 60.54384 -2.0129642
p 45 188 59.805412 0.26516342
p 44 189 59.099277 0.98083115
p 45 190 58.404053 5.0132446
p 44 191 57.72109 4.7465134
p 43 192 57.074276 0.039243698
p 44 193 56.461136 0.47123718
p 43 194 55.898903 -0.41246605
p 42 195 55.350296 -0.39401817
p 41 196 54.839104 -0.10219383
p 41 197 54.237976 -0.13642883
p 41 198 53.970325 0.026140213
p 40 199 53.541893 -0.14740181
p 40 200 53.176144 -0.007204056
p 41 201 52.831886 1.18255615E-4
p 42 202 52.56546 -0.21023178
p 43 203 52.378403 0.021846771
p 42 204 52.15782 0.034496307
p 43 205 51.97977 -0.07637787
p 44 206 51.838215 -0.03507042
p 43 207 51.76462 -0.009864807
p 43 208 51.565655 -0.115953445
p 44 209 51.475464 -0.041397095
p 44 210 51.413536 -0.03968048
p 45 211 51.325 0.06387138
p 46 212 51.16713 0.009935379
p 47 213 51.029724 -0.2258873
p 48 214 50.981903 0.08239555
p 48 215 50.897655 -0.020160675
p 49 216 50.88135 0.039100647
p 50 217 50.74915 -0.10205841
p 49 218 50.74915 -0.016050339
p 49 219 50.672226 0.08033371
p 49 220 50.649193 0.11658287
p 48 221 50.555542 -0.04509735
p 47 222 50.545807 -0.014482498
p 47 223 50.485695 -0.036741257
p 46 224 50.452496 -0.04011917
p 45 225 50.404682 -0.07358551
p 46 226 50.386135 -0.014343262
p 47 227 50.368248 -0.046300888
p 46 228 50.322716 -0.04061699
p 45 229 50.22312 -0.26610565
p 44 230 50.196888 -0.019378662
p 45 231 50.153194 -0.023200989
p 45 232 50.14285 0.023515701
p 44 233 50.122913 -0.016233444
p 44 234 50.117165 -0.05586815
p 44 235 50.117165 -0.07034302
p 43 236 50.090412 0.017486572
p 42 235 50.05111 -0.035762787
p 42 234 50.05111 -0.123939514

c 15 0.75857925
p 43 38 50.73078 0.033887863
p 44 37 50.6747 -0.039030075
p 44 36 50.632668 -0.16144943
p 45 35 50.628975 0.059223175
p 45 34 50.547554 -0.013786316
p 45 33 50.523968 -0.08532715
p 46 32 50.40367 -0.07303429
p 45 31 50.33844 -0.055660248
p 45 30 50.327015 -0.05552864
p 45 29 50.257908 -0.06646538
p 46 28 50.257908 0.0357399
p 45 27 50.25473 -0.019088745
p 45 26 50.224754 -0.03580475
p 45 25 50.18607 -0.073215485
p 46 24 50.18607 -0.05161476
p 46 23 50.11876 -0.03630066
p 46 22 50.050186 -0.042922974
p 45 21 50.02217 -0.023071289
p 44 21 49.972202 -0.07779884
p 44 20 49.972202 -0.076236725

c 16 23.689148
p 47 100 91.823494 -1.0626564
p 48 99 91.10543 -3.4729347
p 49 98 90.41296 -0.05762863
p 48 97 89.51715 2.924797
p 49 96 88.6606 3.816883
p 50 95 87.3455 -2.827858
p 49 94 84.57999 2.885357
p 49 93 81.33626 -5.296341
p 50 92 79.227234 -12.089077
p 51 91 78.26288 -9.2329445
p 52 90 77.12714 -1.9584236
p 51 89 76.34941 -6.8422394
p 52 88 75.69834 -1.6581116
p 51 87 75.00218 -5.831875
p 50 86 74.282875 -3.8036842
p 49 85 73.47454 -0.6680832
p 50 84 72.85876 -3.5690727
p 49 83 72.12217 -3.200264
p 48 82 71.43211 -9.035103
p 49 81 70.70712 -2.9511833
p 50 80 69.88958 3.1968002
p 49 79 68.87095 2.8690453
p 48 78 68.134346 3.472477

c 17 21.456451
p 49 155 91.26319 4.550091
p 49 156 87.35178 -3.5757065
p 50 157 85.75368 -5.19191
p 51 158 84.67873 -6.5253754
p 52 159 83.53779 -6.27512
p 53 160 82.605896 -4.6703377
p 54 161 81.61178 -3.4596825
p 55 162 80.81668 -1.827465
p 54 163 80.05482 0.9082947
p 55 164 79.27286 -2.9741364
p 56 165 78.50562 -6.021797
p 55 166 77.75377 -6.9307823
p 54 167 77.02821 -5.694275
p 53 168 76.34089 -6.297638
p 54 169 75.490425 -6.920841
p 55 170 74.65787 -5.366085
p 56 171 73.75059 2.7057762
p 55 172 73.07074 -0.8130493
p 56 173 72.288124 0.13909149
p 55 174 71.18113 -3.909031
p 54 175 70.49303 -4.6573677
p 53 176 69.80674 -2.5761871

c 18 1.1234474
p 51 210 51.265682 -0.092422485
p 52 211 51.15151 -0.15081596
p 53 211 51.118374 -0.08364296
p 53 212 51.118374 -0.009315491
p 53 213 51.042053 -0.07342529
p 53 214 50.976513 -0.15146446
p 54 215 50.96199 0.054389954
p 55 216 50.855415 -0.13110733
p 56 216 50.855415 -0.14041328
p 57 217 50.840725 -0.00892067
p 58 218 50.78836 -0.0043296814
p 59 219 50.71283 -0.03792
p 60 220 50.59807 -0.045991898
p 60 221 50.58823 -0.045892715
p 60 222 50.54097 0.073093414
p 61 223 50.39811 -0.021802902
p 62 224 50.382195 -0.09852028
p 62 225 50.382195 0.012348175
p 63 226 50.28779 -0.018327713
p 63 227 50.28779 0.0015029907
p 62 228 50.251717 -5.054474E-4
p 63 229 50.202316 0.0063095093
p 64 230 50.160007 -0.045217514
p 65 229 50.142235 0.0061969757
p 66 230 50.142235 -0.07933235

c 19 8.93486
p 57 68 58.940525 -3.5063744
p 58 67 58.157516 -0.928215
p 59 66 57.569702 2.9599152
p 60 65 57.050068 0.01927948
p 59 64 56.516975 2.4019241
p 58 63 55.95882 -0.0928421
p 59 62 55.77459 0.21788216
p 60 61 55.34108 0.016094208
p 61 60 54.956795 -0.0487175
p 61 59 54.646854 0.017812729
p 61 58 54.392715 -0.011972427
p 62 57 53.963497 -0.10059929
p 63 56 53.76745 0.03292656
p 64 55 53.52323 0.010284424
p 64 54 53.16942 -0.081596375
p 63 53 52.946835 0.07521629
p 64 52 52.639908 0.06823921
p 64 51 52.35476 -0.026332855
p 65 50 52.1141 -0.17912674
p 66 49 51.910362 0.020635605
p 67 48 51.772625 -0.01325798
p 67 47 51.558147 0.007762909
p 67 46 51.4187 0.024932861
p 67 45 51.278706 -0.11356163
p 66 44 51.167393 -0.02627945
p 66 43 51.100334 0.025497437
p 65 42 51.03561 -0.06918526
p 66 41 50.94759 0.020021439
p 66 40 50.927505 -0.04496765
p 67 39 50.861214 0.009599686
p 68 38 50.740086 -0.06024742
p 68 37 50.740086 -0.0701828
p 67 36 50.70069 -0.03328514
p 67 35 50.65954 -0.013710022
p 68 34 50.584827 0.022262573
p 67 33 50.551163 0.020202637
p 67 32 50.50331 -0.14276886
p 67 31 50.464996 -0.1378231
p 68 30 50.44835 0.025262833
p 67 29 50.41261 0.022611618
p 66 28 50.326046 0.011117935
p 65 27 50.30614 0.016288757
p 66 26 50.29725 0.06714058
p 65 25 50.230907 -0.11418533
p 66 24 50.21033 -0.028455734
p 67 23 50.182987 -0.023073196
p 68 22 50.14368 -0.071121216
p 69 21 50.122066 0.073251724
p 68 20 50.046963 -0.151474
p 67 20 50.046963 -0.14498901
p 66 19 50.038578 0.010972977
p 66 18 50.024437 -0.080085754
p 66 17 50.005665 -0.09086037
p 65 16 50.005665 -0.07089996

c 20 0.324337
p 58 27 50.262478 0.027324677
p 59 27 50.262478 -0.035856247
p 59 28 50.35231 0.0023899078
p 60 29 50.35231 -0.04319763
p 60 30 50.411156 -0.028100967
p 59 31 50.47899 0.034877777
p 60 32 50.483585 -0.0011730194
p 61 33 50.486713 -0.02760315
p 60 34 50.55876 -0.0379467
p 59 35 50.581707 -0.11780357
p 59 36 50.586815 -0.013458252

c 21 2.777893
p 58 198 53.68857 -0.11776543
p 59 199 53.436005 -0.062423706
p 59 200 53.13865 0.08481979
p 60 201 52.74285 -0.10557747
p 59 202 52.555695 0.03145027
p 60 203 52.323368 -0.12761688
p 61 204 52.204624 0.08117485
p 62 205 51.933514 -0.0695591
p 63 206 51.87854 -0.06699753
p 63 207 51.749718 -0.10185814
p 62 208 51.5859 -0.12276459
p 61 209 51.535843 0.09313965
p 62 210 51.325302 -0.14969254
p 61 211 51.325302 0.09888458
p 60 212 51.080826 0.037586212
p 60 213 51.07035 0.078956604
p 59 214 51.010307 0.020381927
p 59 215 50.970463 0.038087845
p 58 216 50.910675 0.073869705

c 22 7.83683
p 58 198 53.68857 0.03235054
p 59 197 53.969746 -0.020721436
p 60 196 54.19186 -0.17601967
p 59 195 54.727352 -0.07033348
p 59 194 55.130905 -0.15756989
p 59 193 55.43473 0.49542427
p 60 192 55.94598 0.7680721
p 61 191 56.436966 -0.09967804
p 61 190 57.011497 4.6627483
p 60 189 57.605213 1.9177608
p 61 188 58.240623 -3.8147297
p 60 187 58.86006 -3.1533356
p 59 186 59.55857 -0.44384003
p 60 185 60.27005 6.0392838
p 61 184 60.944275 4.0014
p 62 183 61.5254 4.292614

c 23 47.523052
p 60 150 98.09811 -6.056118
p 61 151 95.749626 -8.131493
p 62 152 92.89837 -9.546764
p 63 153 90.87619 -7.9684486
p 64 154 89.96022 -2.7081108
p 63 155 88.437706 -1.4659119
p 64 156 87.20928 -8.733059
p 65 157 86.31709 -9.427761
p 66 158 85.16947 -9.09507
p 67 159 84.09575 -8.865105
p 68 160 83.2045 -7.0517845
p 69 161 82.09543 -3.7445145
p 68 162 80.90502 -2.1765862
p 69 163 79.99998 0.43717194
p 68 164 78.671 -5.2621117
p 67 165 77.82088 4.021721
p 68 166 76.926926 1.0572433
p 69 167 76.19964 0.8723335
p 70 168 75.595024 0.89653397
p 71 169 74.60402 4.2423286
p 72 170 73.97515 2.8851738
p 73 171 73.064644 -2.5398293
p 72 172 72.27909 6.051155
p 73 173 71.536674 1.4623299
p 74 174 70.90837 -1.5704727
p 75 175 70.05692 -0.5931244
p 76 176 69.4092 4.604248
p 77 177 68.779945 5.025276
p 78 178 68.1339 -1.5121956
p 77 179 67.3697 2.3790245
p 78 180 66.64379 -0.008842468
p 79 181 65.902016 4.0017395
p 80 182 65.20565 6.3971596
p 81 183 64.528946 6.6844482
p 82 184 63.872272 1.904892
p 83 185 63.242565 1.4557991
p 84 186 62.623394 0.7691555
p 83 187 61.461662 -5.8143654
p 84 188 60.795612 -1.1416779
p 85 189 60.13823 -3.231758
p 84 190 59.485783 1.8101368
p 84 191 58.8309 3.6055546
p 85 192 58.247692 -0.36088562
p 85 193 57.577797 -0.14518356
p 84 194 56.969826 0.02637291
p 85 195 56.370327 -0.19230652
p 85 196 55.788628 0.07280731
p 85 197 55.246056 -0.0175457
p 84 198 54.826927 0.03148842
p 83 199 54.343052 0.009502411
p 82 200 53.90194 -0.036455154
p 81 201 53.48396 -0.047706604
p 81 202 53.11244 0.16553497
p 80 203 52.705597 -0.019424438
p 81 204 52.47849 0.027420044
p 80 205 52.13681 -0.19609642
p 79 206 52.013306 -0.08276367
p 78 207 51.785656 -0.014518738
p 78 208 51.550747 -0.13031197
p 77 209 51.52089 0.12085533
p 76 210 51.43151 -0.05859375
p 76 211 51.35367 -0.06280899
p 77 212 51.303875 -0.033107758
p 77 213 51.19108 -0.14436722
p 78 214 51.123615 0.074531555
p 77 215 50.896187 -0.09932709
p 76 216 50.812378 0.015529633
p 75 217 50.749546 -0.010406494
p 76 218 50.689274 0.04578209
p 76 219 50.65378 -0.044128418
p 75 220 50.59872 -0.21777344
p 74 221 50.575054 -0.06386566
p 74 220 50.575054 0.012922287

c 24 0.6934471
p 61 41 51.03996 -0.0044174194
p 62 40 50.85844 -0.0027656555
p 62 39 50.79416 0.042009354
p 63 38 50.748863 -0.050361633
p 64 37 50.71125 -0.17113686
p 65 36 50.708805 -0.022706985
p 65 35 50.685444 -0.20776176
p 66 34 50.61752 0.03881836
p 65 33 50.500935 -0.006467819
p 65 32 50.485447 -0.004655838
p 66 31 50.466137 -0.0039901733
p 65 30 50.397034 -0.010818481
p 65 29 50.34651 -0.0070228577

c 25 43.031216
p 62 101 93.81732 1.6200104
p 63 100 93.2336 0.69856644
p 64 99 91.911224 -0.4926567
p 65 98 90.451675 -2.1779175
p 66 97 89.06852 -0.3532753
p 67 96 88.21235 1.5294685
p 68 95 87.09547 -1.0009804
p 67 94 85.68963 3.5798607
p 68 93 84.41128 1.8200607
p 69 92 83.297035 -3.4562302
p 70 91 82.45891 -2.3131142
p 71 90 82.03414 2.9729233
p 70 89 81.85662 3.3402672
p 70 88 81.85662 1.7514114
p 69 87 73.66492 -4.195263
p 68 86 72.93181 -1.8844147
p 69 85 71.730064 3.776867
p 68 84 70.95263 -3.4269905
p 67 83 70.07385 -3.1248856
p 66 82 69.23933 -2.8488846
p 67 81 68.50173 -1.504303
p 68 80 67.86484 -4.51355
p 67 79 67.103935 -2.5485535
p 66 78 66.43304 -3.3027077
p 67 77 65.76156 -0.4979744
p 68 76 64.881325 -0.7665863
p 69 75 64.34791 5.7789917
p 70 74 63.72508 -1.1930199
p 69 73 62.81349 3.6518097
p 70 72 62.151028 1.4759827
p 71 71 61.585854 -2.0120354
p 72 70 60.945255 -3.3202057
p 73 69 60.32979 -5.369232
p 74 68 59.69582 -6.2669125
p 73 67 59.054745 7.210003
p 74 66 58.549553 2.4356117
p 73 65 57.957596 2.9506664
p 72 64 57.389652 -0.005060196
p 73 63 56.824646 2.043047
p 74 62 56.27019 0.575964
p 75 61 55.81173 0.1054039
p 74 60 55.331104 -0.0069274902
p 73 59 54.858227 0.039045334
p 74 58 54.410255 -0.05094719
p 75 57 54.087597 -0.0840168
p 75 56 53.722214 -0.02784729
p 74 55 53.296276 -0.09604454
p 73 54 53.05153 0.05154419
p 74 53 52.801422 0.065223694
p 75 52 52.548725 -0.033514023
p 74 51 52.286697 -0.10883522
p 75 50 52.03304 0.10930252
p 74 49 51.80112 -0.09700203
p 74 48 51.72724 -0.12392616
p 75 47 51.64401 -0.06613159
p 76 46 51.560738 -0.076438904
p 76 45 51.390026 -0.03348732
p 75 44 51.256424 -0.03327942
p 74 43 51.19717 0.044807434
p 73 42 51.086643 -0.08332062
p 72 41 50.98219 -0.051576614
p 73 40 50.95412 -0.052633286
p 74 39 50.840694 -0.082437515
p 75 39 50.786106 -0.12235832
p 76 38 50.786106 -0.10060692

c 26 28.479416
p 66 149 99.171646 0.2618332
p 67 150 98.251465 -0.5537224
p 68 151 97.02453 -0.17694855
p 69 152 96.12556 -0.010921478
p 70 153 93.099075 -2.7372627
p 71 154 91.751526 -1.8298454
p 72 155 90.77442 -0.6983528
p 73 156 89.60653 -2.1182632
p 74 157 88.47384 -2.4271812
p 75 158 87.22191 -3.6299324
p 76 159 86.223206 1.3224258
p 76 160 85.5012 -1.2241211
p 75 161 81.12063 -2.3778763
p 76 162 80.20527 -2.5238686
p 77 163 79.41798 -4.00288
p 78 164 78.93881 -3.35672
p 79 165 78.44982 -1.0273476
p 80 166 77.86759 -2.4322624
p 79 167 75.88585 -0.9313698
p 80 168 75.14985 -1.1191788
p 79 169 74.403694 1.8252716
p 80 170 73.619675 11.4114
p 79 171 72.781075 3.0648613
p 78 172 72.033295 0.8276253
p 77 173 71.343445 -2.2728043
p 76 174 70.69223 -1.5714073

c 27 11.733013
p 77 72 62.126072 -2.6479874
p 78 71 61.53335 -5.43594
p 79 70 60.845306 -2.5901337
p 80 69 59.955185 1.7257195
p 81 68 59.417976 -2.4274063
p 80 67 58.800564 5.7519665
p 81 66 58.206696 6.2394733
p 80 65 57.62083 4.3106956
p 79 64 57.051086 0.064891815
p 80 63 56.51312 -0.12121582
p 81 62 56.10932 1.1798763
p 82 61 55.712406 -0.025039673
p 82 60 55.194702 -0.20038223
p 81 59 54.85995 0.15431213
p 80 58 54.243114 -0.067873
p 80 57 53.961296 0.001543045
p 81 56 53.682713 0.038612366
p 80 55 53.298294 -0.17067146
p 79 54 53.048817 0.08055878
p 80 53 52.735348 0.11602974
p 79 52 52.461224 0.014543533
p 80 51 52.28503 0.024297714
p 81 50 52.088665 0.002784729
p 80 49 51.83179 0.03609848
p 81 48 51.71854 0.04352951
p 80 47 51.56846 0.011983871
p 81 46 51.416046 0.011297226
p 80 45 51.330532 0.011041641
p 81 44 51.28048 0.010389328
p 81 43 51.20261 -0.08999634
p 81 42 51.14386 -0.02353859
p 80 41 51.026024 -0.08150101
p 81 40 50.942875 -0.052598953
p 82 39 50.871586 -0.032268524
p 81 38 50.754692 -0.094818115
p 80 37 50.699444 -0.062000275
p 79 36 50.684135 0.010297775
p 80 35 50.64854 -0.15636826
p 80 34 50.548416 -0.11322403
p 81 33 50.50655 -0.12356377
p 82 32 50.454205 -0.00938797
p 81 31 50.39306 -0.06194687
p 82 30 50.39306 -0.034439087

c 28 18.131477
p 77 159 86.40357 -0.05202484
p 78 158 87.179596 -1.7988892
p 79 157 88.55462 -1.5348854
p 80 156 90.86362 -0.760273
p 81 155 92.033 -2.2366486
p 82 154 93.03738 -2.783287
p 83 153 93.80847 -3.100277
p 84 152 94.51975 -1.7925568
p 85 151 95.17681 -2.7293434
p 86 150 95.83266 0.32888412
p 85 149 96.726425 -1.6058044
p 84 148 98.56883 -0.40480423
p 83 147 99.316986 -0.6331253
p 82 146 100.24777 -3.495491
p 81 145 101.22848 -3.5048676
p 80 144 103.048035 0.16875839
p 81 143 104.53505 -0.61935806

c 29 36.71447
p 79 98 86.663475 -3.3247147
p 80 97 85.46524 -6.8015556
p 81 96 84.62995 -4.7040215
p 82 95 83.904465 -1.7680054
p 83 94 83.031006 -2.3827934
p 84 93 82.371475 -2.4807549
p 85 92 81.65247 -2.2458153
p 86 91 80.93681 -3.1962585
p 85 90 80.20058 4.012478
p 86 89 79.658325 0.30387878
p 87 88 79.08896 0.38646698
p 88 87 78.46853 1.0538216
p 89 86 77.761215 0.40737915
p 90 85 77.02665 0.68400955
p 91 84 76.464966 -0.18148804
p 92 83 75.70757 -0.6211357
p 93 82 75.026855 -0.21370316
p 94 81 74.34518 2.7299004
p 95 80 73.58996 7.8530197
p 96 79 72.38885 6.313095
p 97 78 71.31555 3.9533272
p 98 77 70.26807 3.7428474
p 99 76 69.242615 3.0283737
p 100 75 68.39188 1.2465706
p 101 74 67.587105 -0.6101074
p 102 75 66.81646 7.963974
p 103 74 66.13003 4.4416504
p 104 73 65.4072 2.2634277
p 105 72 64.67549 2.2898064
p 106 71 63.977043 1.1261559
p 107 70 63.14459 0.3941307
p 108 69 62.410923 1.488018
p 109 68 61.72443 -1.6483822
p 108 67 61.044437 -0.23039246
p 109 66 60.358204 2.3518028
p 110 65 59.665215 0.015722275
p 109 64 58.988987 2.7323284
p 108 63 58.37146 1.9102383
p 107 62 57.740597 -0.017850876
p 108 61 57.078583 -0.06672096
p 109 60 56.544052 -0.086330414
p 108 59 56.04251 0.017333984
p 109 58 55.527554 0.061979294
p 108 57 54.951813 -0.012872696
p 107 56 54.43429 -0.03220749
p 106 55 53.985844 -0.008342743
p 105 54 53.56335 0.0020999908
p 106 53 53.163433 0.03791809
p 107 52 52.76548 -0.05632782
p 106 51 52.5833 -0.08295822
p 106 50 52.312366 -0.04274559
p 105 49 52.01768 0.16719246
p 104 48 51.84722 -0.08812904
p 104 47 51.696915 -0.12921333
p 104 46 51.52907 -0.15327263
p 103 45 51.5084 -0.02590561
p 103 44 51.346024 -0.03287697
p 102 43 51.301697 0.0080833435
p 101 42 51.174088 0.100795746
p 100 41 51.04695 -0.031332016
p 99 40 50.993134 -0.040729523
p 98 39 50.889263 -0.038568497
p 97 38 50.829212 -0.10481644
p 96 37 50.704994 -0.12609482
p 95 36 50.68101 0.009929657
p 95 35 50.665195 -0.12451935
p 95 34 50.616787 -0.09681702
p 94 33 50.568752 -0.10969162
p 93 32 50.541023 0.001253128
p 93 31 50.444256 -0.07619095
p 93 30 50.444256 -0.06739044
p 93 29 50.397564 -0.13442802
p 92 28 50.37443 0.005926132
p 93 27 50.37443 0.018405914
p 92 26 50.282104 -0.034324646
p 93 25 50.202713 0.02434349
p 93 24 50.15349 -0.06841278
p 92 23 50.1301 -0.07116318
p 91 22 50.1301 -0.033720016
p 92 21 50.125607 -0.18442154
p 93 20 50.120052 -0.16096497
p 94 19 50.08401 -0.10108757
p 95 18 50.08401 0.009483337
p 95 17 50.008167 -0.12451172
p 95 16 49.99786 -0.077604294
p 95 15 49.98143 -0.039173126
p 95 14 49.962376 -0.07986641
p 96 13 49.962376 0.015342712
p 95 12 49.949005 -0.07282066
p 94 12 49.949005 -0.052282333

c 30 12.29409
p 80 165 80.255325 -0.7905655
p 81 164 82.07602 -4.4741592
p 82 163 83.60805 -4.5253487
p 83 162 85.134834 -0.7837219
p 84 161 86.215546 -3.006878
p 83 160 87.07348 -0.8307495
p 84 159 87.910736 -4.077114
p 85 158 88.837875 -3.7196884
p 86 157 89.81074 -3.3037605
p 87 156 90.84231 -5.174534
p 88 155 92.549416 -3.8727608

c 31 6.077572
p 83 40 50.945953 -0.026187897
p 84 41 51.033703 -0.046056747
p 85 42 51.10637 -0.088602066
p 84 43 51.194733 -0.012113571
p 85 44 51.253803 -9.860992E-4
p 85 45 51.35182 -0.0011978149
p 86 46 51.47446 -0.11044121
p 86 47 51.63134 -0.05380249
p 86 48 51.80313 0.08111954
p 85 49 51.986393 -0.15027237
p 85 50 52.11081 -0.113054276
p 84 51 52.36645 0.09165764
p 85 52 52.67913 -0.10167122
p 86 53 52.94455 -0.034433365
p 87 54 53.354065 0.011087418
p 88 55 53.557095 -0.07017708
p 89 56 53.77766 -0.020893097
p 90 57 54.12019 0.04079628
p 91 58 54.345745 -0.14574814
p 91 59 54.62909 -0.06586647
p 90 60 54.900208 -0.12031937
p 90 61 55.197456 0.028865814
p 89 62 55.491524 0.13787079
p 90 63 55.889343 4.2998505
p 91 64 56.407047 6.661268
p 92 65 57.023525 5.6509876

c 32 36.20421
p 86 110 103.78841 -1.2476997
p 87 109 102.832825 -0.49915314
p 88 108 102.01096 -0.09532547
p 88 107 99.25898 -4.494156
p 89 106 92.72085 -11.199837
p 90 105 91.688835 -11.458164
p 91 104 90.874535 -11.094162
p 92 103 90.037575 -10.478748
p 93 102 89.46055 -9.112003
p 94 101 88.87685 -7.360737
p 95 100 88.19605 -3.1202087
p 94 99 87.61635 0.32095718
p 95 98 87.11095 -6.3026695
p 96 97 86.55392 -7.105839
p 97 96 85.853775 -7.5438576
p 98 95 85.32295 -3.7985687
p 99 94 84.791145 -3.91362
p 100 93 84.20899 -2.6399117
p 101 92 83.35916 -2.1796112
p 102 91 82.76972 -2.4006882
p 103 90 82.27996 -2.833538
p 104 89 81.75486 -0.64494705
p 105 88 81.357666 3.1710777
p 105 87 80.995186 0.53240204
p 104 86 80.61066 2.7106094
p 103 85 80.10933 3.081253
p 103 84 79.27324 6.87236
p 104 83 75.18768 2.34766
p 105 82 74.25243 2.8715477
p 106 81 72.84238 2.7932434
p 107 80 71.1422 -2.343254
p 106 79 70.26524 -0.055072784
p 105 78 69.39424 -3.939476
p 104 77 68.45668 -4.079792
p 103 76 67.5842 -3.2227669

c 33 0.81536865
p 88 44 51.22925 -0.11508751
p 89 43 51.217636 0.009822845
p 90 42 51.118687 0.024511337
p 91 41 51.024452 0.0050582886
p 90 40 50.949215 -0.03745842
p 90 39 50.87295 -0.14646912
p 91 38 50.84496 -0.058368683
p 91 37 50.775955 0.020896912
p 90 36 50.672085 -0.21348
p 89 35 50.634926 -0.016363144
p 90 34 50.616497 0.056444168
p 89 33 50.53655 -0.0441494
p 89 32 50.511703 -0.011203766
p 90 31 50.511703 0.010444641
p 90 30 50.424164 -0.0069465637
p 91 29 50.413883 -0.03224373

c 34 49.178524
p 90 232 50.03606 -0.009996414
p 90 233 50.03606 0.03674698
p 91 233 50.072292 -0.017900467
p 92 232 50.072292 -0.00875473
p 93 232 50.11443 -0.05662346
p 94 231 50.143528 -0.027965546
p 95 230 50.160114 0.039876938
p 96 229 50.160114 -0.083955765
p 97 229 50.161247 -0.10442734
p 98 228 50.24701 -0.099033356
p 99 228 50.24701 -0.27918243
p 100 229 50.250443 -0.06333351
p 101 228 50.25847 -0.17861557
p 102 227 50.281498 -0.08576584
p 103 228 50.281498 -0.021308899
p 104 227 50.33019 -0.09929085
p 104 226 50.38849 -0.034593582
p 104 225 50.403976 -0.032339096
p 104 224 50.42531 -0.14953804
p 103 223 50.5165 0.12457657
p 104 222 50.5165 -0.12303352
p 103 221 50.68026 -0.020065308
p 103 220 50.69376 -0.3231125
p 102 219 50.74571 -0.15501404
p 101 218 50.750885 -0.10516167
p 102 217 50.84301 0.14335632
p 101 216 50.84301 -0.061296463
p 100 215 50.866264 -0.068660736
p 101 214 50.96366 0.13045883
p 100 213 51.052116 -0.10611725
p 100 212 51.19346 0.01704216
p 101 211 51.287037 0.024547577
p 100 210 51.414883 0.1627121
p 101 209 51.50081 -0.06716728
p 102 208 51.722977 0.073366165
p 101 207 51.833485 -0.08182335
p 101 206 51.987972 -0.026069641
p 100 205 52.262394 -0.029943466
p 100 204 52.53939 0.07762909
p 99 203 52.80898 -0.13603973
p 99 202 53.069378 0.008142471
p 99 201 53.530094 0.01067543
p 100 200 53.94462 -0.06858063
p 99 199 54.49413 0.08369446
p 100 198 54.94513 -0.12340927
p 100 197 55.35095 -0.053028107
p 100 196 55.871662 0.003944397
p 101 195 56.468002 -0.01815033
p 102 194 57.031017 0.026035309
p 101 193 57.582306 -0.07673073
p 100 192 58.190777 2.3811245
p 101 191 58.81824 3.2958546
p 102 190 59.4476 3.068182
p 103 189 60.083035 1.9795971
p 102 188 60.729065 0.6424713
p 101 187 61.38027 -4.2490025
p 102 186 62.056183 3.8654099
p 101 185 62.78317 1.1866341
p 102 184 63.488052 3.9580421
p 103 183 64.19458 -5.5280533
p 104 184 64.88527 3.1310272
p 105 183 65.53209 2.5280914
p 106 182 66.140976 -0.32956314
p 105 181 66.75656 3.3204956
p 106 180 67.41769 3.7132416
p 107 179 68.48866 3.9219322
p 108 178 69.02377 2.7952614
p 109 177 69.75339 3.0110207
p 110 176 70.45432 2.481308
p 111 175 71.087944 5.8088264
p 112 174 71.70952 0.74909973
p 113 173 72.35215 0.21417236
p 114 172 72.97819 0.1536789
p 113 171 73.83784 -1.2693138
p 112 170 74.51754 0.09689331
p 113 169 75.26632 -1.2623138
p 114 168 75.741425 -4.4313736
p 113 167 77.496185 5.9066963
p 114 166 78.71917 -2.0948906
p 115 165 79.52578 -6.0617065
p 116 164 80.27423 -4.3787727
p 117 163 80.88088 -5.5852356
p 118 162 82.41427 2.2292519
p 118 161 83.080734 0.96331024
p 119 160 83.74882 1.3230209
p 120 159 84.33609 0.94716644
p 121 158 86.84964 1.5219116
p 120 157 87.80878 3.488369
p 121 156 88.691124 -0.26852036
p 120 155 89.83682 -1.6738052
p 121 154 90.53476 -6.0727425
p 122 153 91.39018 -8.1966095
p 123 152 92.16722 -3.0910912
p 122 151 93.08589 -6.477577
p 121 150 93.92875 -6.152027
p 120 149 95.52912 -4.8013
p 119 148 99.214584 -2.153717

c 35 4.883808
p 91 220 50.579163 0.023658752
p 92 219 50.735703 -0.107816696
p 92 218 50.743004 0.010149002
p 92 217 50.750435 -0.109651566
p 93 216 50.87762 -0.098033905
p 93 215 50.87762 0.021356583
p 93 214 50.975636 -0.1572094
p 93 213 51.16804 -0.08222771
p 93 212 51.168533 -0.060020447
p 93 211 51.340485 0.0779686
p 94 210 51.349968 -0.10113716
p 94 209 51.502472 -0.07197952
p 95 208 51.74066 -0.034561157
p 95 207 51.86738 -0.06367874
p 96 206 52.085938 0.038661957
p 95 205 52.36221 0.04242325
p 96 204 52.59135 0.03885269
p 97 203 52.776592 -0.22545242
p 97 202 53.16329 -0.037511826
p 96 201 53.529316 -7.1907043E-4
p 95 200 53.949116 -0.03332138
p 95 199 54.496758 0.08705139
p 94 198 54.847572 -0.19739151
p 93 197 55.242172 0.011915207
p 93 196 55.46297 -0.056541443

c 36 1.2242355
p 93 37 50.725273 -0.14665031
p 93 38 50.834026 0.021043777
p 94 39 50.931774 -0.17139626
p 94 40 50.948975 -0.06069374
p 94 41 51.039757 -0.09856415
p 93 42 51.110947 0.023593903
p 94 43 51.20552 -0.044948578
p 94 44 51.358173 0.07229042
p 94 45 51.436855 -0.015953064
p 95 46 51.616833 0.07630539
p 96 47 51.72611 -0.15044594
p 97 48 51.85041 -0.046182632
p 97 49 51.94951 -0.021659851

c 37 12.855904
p 93 108 97.66293 -6.4682274
p 94 107 95.94689 -4.6993523
p 95 106 92.392586 -7.489887
p 96 105 91.49466 -6.350189
p 97 104 90.68853 -5.585434
p 98 103 90.10678 -5.247673
p 99 102 89.571144 -5.0324516
p 100 101 89.0437 -4.13097
p 101 100 88.503944 -3.4003983
p 102 99 87.90957 -1.474762
p 103 98 87.266304 -2.0477486
p 102 97 86.67293 -0.23146057
p 103 96 86.09674 1.3657646
p 102 95 85.49798 -1.4556427
p 101 94 84.80703 -1.1411514

c 38 20.324371
p 106 88 81.42725 0.0112838745
p 107 89 81.91814 -1.1816216
p 108 90 82.41164 -0.6303711
p 109 91 82.89821 1.795414
p 110 92 83.39943 0.715271
p 111 93 83.944534 -1.0057945
p 112 94 84.565636 -1.1916885
p 113 95 85.25069 -0.20414352
p 114 96 85.99115 -0.42481232
p 113 97 86.72828 -0.7575302
p 112 98 87.47356 -1.1025658
p 113 99 88.27413 -1.4232407
p 114 100 89.07915 -5.3302383
p 115 101 89.596535 -4.294445
p 116 102 91.88467 1.4623871
p 116 103 92.67202 1.0703354
p 117 103 92.80702 2.3853493
p 117 104 93.44568 1.6892204
p 118 104 93.56613 -2.6214638
p 119 105 93.89867 -5.7652283
p 120 106 94.25775 -4.954689
p 121 107 94.82917 -3.7599602
p 122 108 95.064476 -3.2292824
p 123 109 96.030594 -3.474331
p 124 110 96.755325 -4.7143517
p 125 111 97.64231 -5.312454
p 126 112 98.588646 -5.917515
p 127 113 101.751625 -0.5619774

c 39 0.69608307
p 107 233 50.17155 0.05047226
p 108 232 50.237045 -0.014375687
p 109 231 50.237045 -0.078603745
p 110 230 50.296257 -0.008693695
p 110 229 50.31791 -0.053403854
p 110 228 50.33663 -0.060806274
p 110 227 50.33663 -0.15989685
p 109 226 50.35432 -0.05775261
p 108 226 50.35432 0.020290375
p 108 225 50.403294 -0.0066490173
p 109 224 50.450928 -0.102962494
p 108 223 50.53634 0.15740395
p 109 222 50.53634 -0.085386276
p 110 221 50.57055 -0.085718155
p 111 220 50.700733 -0.058994293
p 111 219 50.700733 -0.07817459
p 110 219 50.727024 -0.09379768
p 109 218 50.727024 -0.10520363
p 110 217 50.77303 -0.14805031
p 111 216 50.867634 -0.050283432

c 40 3.7569885
p 110 23 50.139057 0.023714066
p 111 24 50.195385 -0.031499863
p 112 25 50.247704 -0.09449768
p 113 26 50.287586 -0.025712967
p 113 27 50.34202 -0.1150856
p 114 28 50.35157 -0.0394001
p 113 29 50.36086 -0.061368942
p 113 30 50.400814 -0.029680252
p 113 31 50.4066 -0.09775543
p 113 32 50.491226 -0.01994133
p 113 33 50.51524 -0.11976051
p 114 34 50.636 0.017892838
p 115 35 50.736797 0.009128571
p 116 36 50.753777 -0.06204796
p 117 37 50.78748 -0.055818558
p 117 38 50.84769 -0.09306717
p 118 39 50.934334 0.01341629
p 119 40 50.9417 -0.038713455
p 119 41 51.084484 0.05150032
p 120 42 51.16668 -0.0039539337
p 121 43 51.274258 -0.014320374
p 120 44 51.332367 -0.12098694
p 119 45 51.356087 -0.116500854
p 118 46 51.49747 0.048322678
p 119 47 51.663506 0.021324158
p 120 48 51.87111 0.049581528
p 119 49 52.025475 0.004682541
p 120 50 52.346325 -0.023452759
p 121 51 52.593468 -0.099472046
p 122 52 52.93529 0.088315964
p 121 53 53.22799 0.17931938
p 122 54 53.591885 0.086221695
p 123 55 53.896046 0.0039958954

c 41 14.40313
p 111 149 97.47236 1.7436409
p 112 150 92.98823 -2.4130783
p 111 151 91.74352 2.0644417
p 112 152 88.699036 -5.277382
p 113 153 87.758835 -3.6675262
p 114 154 86.909874 -4.051605
p 113 155 85.950134 -3.2551918
p 112 156 85.38317 -2.7978287
p 113 157 84.93478 -2.6275826
p 114 158 84.54402 -3.9552193
p 115 159 84.21751 -3.052353
p 116 160 83.74103 -3.7433052
p 117 161 83.06923 -4.4679527

c 42 0.70758057
p 113 219 50.655556 -0.033273697
p 113 220 50.653595 -0.06539345
p 113 221 50.61751 -0.098293304
p 113 222 50.56419 -0.033672333
p 114 223 50.486874 0.014074326
p 113 224 50.43836 0.07416344
p 114 225 50.40329 -0.10658836
p 114 226 50.39225 -0.047517776
p 115 227 50.35385 -0.027198792
p 114 228 50.35385 -0.015352249
p 113 229 50.314228 -0.04765892
p 114 230 50.28378 0.03072548
p 113 231 50.235886 0.0105896
p 114 232 50.20611 -0.018095016
p 115 233 50.204636 -0.008031845
p 114 234 50.190105 -0.033649445
p 115 235 50.129818 -0.18732071
p 116 235 50.11821 -0.09192276
p 117 236 50.087772 -0.08728027
p 118 237 50.057564 -0.047693253
p 119 238 50.02546 -0.09170532
p 119 239 50.02395 -0.06618118
p 118 240 50.02395 0.019016266
p 119 241 50.01508 -0.003818512
p 118 242 49.947975 -0.023637772
p 118 243 49.947975 -0.10604668

c 43 1.0198479
p 113 219 50.655556 -0.046588898
p 114 218 50.76339 3.7765503E-4
p 115 217 50.8387 -0.08346748
p 116 216 50.905243 0.0069065094
p 115 215 50.995937 0.016597748
p 114 214 51.050106 -0.018875122
p 115 213 51.09681 -0.039915085
p 116 212 51.19751 -0.085559845
p 117 211 51.409798 -0.047626495
p 117 210 51.426342 -0.039037704
p 118 209 51.500496 -0.058279037
p 119 208 51.675404 0.03090477

c 44 17.664795
p 115 173 73.64792 -0.27567673
p 116 172 74.45545 -6.2039795
p 117 171 75.168655 -9.039608
p 118 170 75.837654 -7.6292076
p 119 169 76.50068 -5.878483
p 120 168 77.24964 -6.5502434
p 121 167 78.37305 -4.6047287
p 120 166 79.65577 -1.0127487
p 121 165 81.08527 -9.901142
p 122 164 82.02967 -10.043606
p 123 163 83.43093 -9.670265
p 124 162 85.52864 -9.184959
p 125 161 87.091896 -8.961128
p 126 160 88.59399 -8.783344
p 127 159 91.31271 -5.8128853

c 45 3.0739937
p 119 199 53.77353 0.01659584
p 120 200 53.533684 0.046920776
p 119 201 53.214165 -0.059539795
p 120 202 52.94336 -0.123514175
p 121 203 52.74134 -0.080078125
p 122 204 52.450405 -0.1121254
p 123 205 52.21576 0.035886765
p 123 206 51.968796 0.030370712
p 122 207 51.76827 -0.02627945
p 123 208 51.604683 -0.025560379
p 122 209 51.55781 0.08036423
p 123 210 51.43095 -0.11242485
p 124 211 51.382553 -0.0071468353
p 123 212 51.242332 -0.17887497
p 122 213 51.187897 -0.0049552917
p 122 214 51.0557 0.1545372
p 121 215 50.949154 -0.051452637
p 121 216 50.949154 -0.050563812
p 121 217 50.81217 -0.09241295
p 120 218 50.75726 -0.023452759
p 121 219 50.699535 -0.023513794
p 120 220 50.699535 -0.13769913

c 46 19.445911
p 122 81 69.604744 7.477192
p 123 80 69.13807 3.306202
p 124 79 68.59724 6.478855
p 125 78 68.1286 4.7589684
p 126 77 67.68469 7.8146133
p 127 76 67.15568 7.0904846
p 128 75 66.48205 -0.44454575
p 127 74 65.93112 6.735855
p 128 73 64.36211 12.9031105
p 129 72 63.65626 4.138752
p 129 71 62.828274 2.9819145
p 130 70 61.169033 3.670803
p 131 69 60.42737 3.7321625
p 132 68 59.689407 1.7178249
p 131 67 58.895885 0.08609772
p 132 66 58.189117 4.5606766
p 131 65 57.56758 2.1916485
p 132 64 56.994503 3.0417786
p 131 63 56.45452 2.5231152
p 130 62 55.9595 -0.3268776
p 129 61 55.690826 0.11130905
p 130 60 55.2604 -0.0358181
p 129 59 54.955452 0.033607483
p 129 58 54.74959 -0.06732559
p 130 57 54.543644 -0.332716
p 131 56 54.250046 -0.050539017
p 130 55 53.68407 -0.097961426
p 130 54 53.409424 0.0063228607
p 129 53 53.18599 -0.10566521
p 130 52 52.924995 -0.067201614
p 129 51 52.578526 -0.048069
p 129 50 52.249516 -0.03862381
p 128 49 52.058434 -0.07196236
p 127 48 51.88437 0.0386734
p 128 47 51.678497 -0.11635971
p 128 46 51.463196 -0.058343887
p 128 45 51.4355 0.06155014
p 129 44 51.334816 -0.18366623
p 130 43 51.273872 0.049804688
p 131 43 51.17453 -0.08297157
p 132 42 51.095123 -0.083005905
p 133 41 51.017723 -0.080755234
p 133 40 50.95938 -0.11434364
p 133 39 50.908684 -0.13693428
p 134 38 50.86125 0.06663132
p 135 37 50.721275 0.0389843
p 135 36 50.62963 -0.0068416595
p 136 35 50.62963 -0.04647255
p 137 34 50.49415 -0.035158157
p 137 33 50.4458 -0.08303833
p 136 32 50.412994 0.03227997
p 137 31 50.349518 -0.048822403
p 137 30 50.335423 -0.027168274
p 136 29 50.335423 0.07326889
p 137 28 50.25029 -0.028615952
p 136 27 50.197247 -0.09223747
p 137 26 50.19016 0.03388977
p 138 25 50.158833 -0.034557343
p 139 26 50.158833 0.035779953

c 47 16.89563
p 122 158 87.78446 -4.3478394
p 123 157 88.89424 -7.163128
p 124 156 89.67715 -9.810272
p 125 155 90.64229 -9.938061
p 126 154 91.4991 -8.875195
p 127 153 94.72236 0.03313446
p 127 152 95.938286 -1.9835739
p 128 151 97.26668 -1.1829758
p 129 150 98.507576 -1.0424805
p 130 149 99.653984 -2.9218178
p 131 148 100.55872 -4.392414
p 132 147 102.23098 -2.817501
p 133 146 104.68009 -0.5342369

c 48 1.0523949
p 123 42 51.156487 -0.04104042
p 124 41 51.02793 -0.01158905
p 124 40 50.955902 0.03376198
p 125 39 50.931004 -0.16663551
p 125 38 50.86089 -0.100055695
p 124 37 50.803192 -0.10344696
p 125 36 50.787395 -0.037456512
p 125 35 50.689606 -0.08345413
p 124 34 50.599625 -0.087228775
p 124 33 50.46654 -0.087955475
p 125 32 50.46374 0.001707077
p 125 31 50.42065 -0.009344101
p 126 30 50.358894 -0.0039863586
p 126 29 50.358894 -0.123241425
p 126 28 50.350952 -0.15149498
p 126 27 50.34163 -0.113428116
p 127 26 50.26426 -0.08466911
p 127 25 50.179855 -0.026363373
p 128 24 50.10736 -0.087366104
p 129 23 50.10736 -0.07582092
p 130 23 50.10409 0.02210617
p 131 22 50.10409 -0.0627861

c 49 27.771618
p 127 170 78.6051 1.921524
p 128 171 77.76365 5.8504906
p 127 172 77.034325 1.9026108
p 128 173 76.22632 3.2167969
p 129 174 75.23634 -0.56747437
p 128 175 74.31523 8.144272
p 129 176 73.07097 1.9806862
p 128 177 71.748055 7.9408913
p 129 178 70.47512 8.164898
p 130 179 69.30527 1.184063
p 131 180 68.70024 -0.7863922
p 132 181 68.28131 1.3488808
p 133 182 67.85139 7.8263206
p 134 183 67.281715 2.6855316
p 134 184 65.818344 2.004921
p 135 185 63.365074 -1.1676941
p 136 186 62.478992 -2.0190964
p 137 187 61.903297 -1.5283165
p 138 188 60.968105 3.7622795
p 138 189 60.34417 -0.774498
p 139 190 59.47551 2.2659836
p 138 191 58.80878 4.41214
p 137 192 58.129864 3.6207523
p 136 193 57.489952 0.933527
p 135 194 56.880882 0.15887451
p 134 195 56.2419 -0.0016155243
p 133 196 55.756947 0.15618515
p 132 197 55.225025 -0.008359909
p 133 198 54.6815 0.04391098
p 134 199 54.188126 0.041858673
p 135 200 53.78005 0.12870789
p 136 201 53.349964 -0.03813362
p 137 202 53.00649 0.19306183
p 138 203 52.61605 -0.072280884
p 137 204 52.365265 0.11129761
p 138 205 52.133564 0.041322708
p 137 206 51.880856 -0.17228508
p 136 207 51.76901 -0.037612915
p 135 208 51.540318 0.06794548
p 134 209 51.47091 -0.026796341
p 133 210 51.339966 0.007762909
p 132 211 51.313343 0.045095444
p 131 212 51.167458 -0.1007576
p 132 213 51.123493 0.033678055
p 132 214 51.047153 -0.046588898
p 133 215 50.934692 0.020336151
p 132 216 50.909065 0.00904274
p 132 217 50.833485 -0.022575378
p 131 217 50.833485 -0.019556046

c 50 17.173698
p 130 100 88.84425 -0.15160751
p 131 99 87.37303 -1.6123428
p 132 98 86.951454 -0.89413834
p 132 97 86.63332 1.8666649
p 133 96 86.6197 4.3767166
p 133 95 86.450676 2.5349617
p 134 94 83.24359 -5.5126076
p 133 93 82.73934 1.8696213
p 134 92 81.53262 -0.97348404
p 135 91 80.76481 2.752842
p 135 90 80.44592 -0.40838242
p 136 89 79.50049 -1.5398788
p 135 88 78.81539 3.6574402
p 136 87 78.02583 5.792282
p 137 86 77.08884 2.290123
p 138 85 75.90095 -0.9452286
p 137 84 74.46873 1.5332146
p 136 83 72.92652 -3.9951859
p 137 82 71.989265 -1.6387978
p 138 82 71.670555 -5.655876
p 137 81 71.670555 -1.1121674

c 51 14.857582
p 130 100 88.84425 -1.2262001
p 131 101 89.220764 -3.2387238
p 132 102 89.60836 -4.05785
p 131 103 91.307465 1.3659706
p 131 104 91.40501 2.8822098
p 132 105 93.13361 0.9528961
p 133 106 94.42054 -0.16510391
p 134 107 95.377625 -2.0209274
p 135 108 96.328026 -2.1191406
p 136 109 97.67393 -0.97584534
p 137 110 98.92487 -3.9999084
p 138 111 100.05608 -4.9311066
p 139 112 101.46874 -5.6776924
p 140 113 103.701836 -3.9569473

c 52 1.8372192
p 133 50 52.341805 -0.027885437
p 134 49 52.04568 -0.036512375
p 135 48 51.858913 0.0227108
p 135 47 51.688866 0.0052394867
p 135 46 51.55267 -0.0061836243
p 136 45 51.45539 -0.035970688
p 137 44 51.285297 0.03499794
p 136 43 51.146194 0.0131931305
p 136 42 51.132454 0.09464264
p 135 41 50.968605 -0.18356133
p 136 40 50.968605 0.062124252
p 137 39 50.776108 -0.17902374
p 138 38 50.71743 -0.044311523
p 139 37 50.686153 -0.024614334
p 140 36 50.605778 0.0075244904
p 141 35 50.504585 -0.10490608
p 142 35 50.504585 -0.112976074
p 143 36 50.69894 -0.090631485
p 143 37 50.72711 -0.030900955
p 143 38 50.78549 -0.022310257
p 144 39 50.84546 -0.11647034
p 143 40 50.93712 -0.045137405
p 144 41 51.00996 -0.04183197
p 143 42 51.019505 -0.04155922
p 144 43 51.138195 -0.05744934
p 144 44 51.200287 0.0019741058
p 145 45 51.267044 -0.0052337646
p 146 46 51.484886 -0.10764122
p 146 47 51.668785 -0.059589386

c 53 14.551193
p 136 91 80.878624 -1.5490303
p 137 92 81.54498 -5.242962
p 138 93 82.335434 -5.960663
p 139 94 83.149414 -6.493107
p 140 95 83.95907 -6.0342255
p 141 96 84.707085 -5.4714622
p 142 97 85.50565 -5.5309906
p 143 98 86.24061 -4.2179146
p 144 99 86.92497 -1.9553223
p 143 100 87.699936 1.9678993
p 144 101 88.48203 -2.5439186
p 145 102 89.11731 -4.8927803
p 146 103 89.780205 -6.313198
p 147 104 90.50498 1.869709
p 148 105 95.42982 0.7749214

c 54 16.676708
p 139 38 50.73157 0.1271019
p 140 39 50.81198 -0.07909012
p 141 40 50.90945 -0.11804581
p 141 41 50.98351 -0.15216827
p 141 42 51.071175 -0.03564644
p 141 43 51.186535 -0.07756615
p 141 44 51.24118 -0.10536003
p 140 45 51.341267 0.09026909
p 141 46 51.495487 0.09360695
p 140 47 51.699043 -0.116485596
p 140 48 51.864227 -0.025203705
p 140 49 52.1038 -0.14080238
p 141 50 52.40903 -0.004945755
p 142 51 52.524208 -0.088871
p 143 52 52.829422 -0.00983429
p 142 53 53.25555 0.03718567
p 141 54 53.58911 -0.10365486
p 142 55 53.896503 -0.124435425
p 143 56 54.406746 0.052310944
p 142 57 54.779984 -0.054304123
p 142 58 55.293312 -0.04912758
p 141 59 55.81482 -0.09378624
p 140 60 56.287994 0.34796524
p 141 61 56.813652 0.27344322
p 142 62 57.376595 0.1898613
p 143 63 57.954494 2.9975548
p 144 64 58.4872 3.4174576
p 145 65 59.190483 5.1764374
p 146 66 59.750973 0.91745186
p 145 67 60.440292 2.084362
p 146 68 61.21452 -0.2124176
p 145 69 61.79884 -1.9275589
p 146 70 62.367367 -0.13147736
p 147 71 63.28027 0.15628242
p 146 72 63.822197 1.3887558
p 145 73 64.40888 1.0708199
p 144 74 65.19945 3.778099
p 143 75 66.00935 3.3130798
p 142 76 66.58964 2.719532
p 141 77 67.40828 0.64203644

c 55 43.20927
p 139 188 60.910442 -0.26755524
p 140 187 61.488377 -1.5605888
p 141 186 62.160316 -2.0513802
p 142 185 62.937347 0.20905685
p 143 184 63.556885 2.8632622
p 144 183 64.28097 4.9241943
p 145 182 65.023415 3.86335
p 146 181 65.815994 1.0078087
p 147 180 66.53252 -0.05903244
p 148 179 67.19375 -2.3340454
p 149 178 67.86338 -3.4690475
p 150 177 68.531166 -3.338829
p 149 176 69.20178 9.701756
p 150 175 69.87295 5.5823936
p 151 174 70.53486 -2.215229
p 152 173 71.224205 -3.4851952
p 153 172 72.87275 -1.1026497
p 154 171 73.52561 0.790123
p 155 170 74.004265 -1.4235191
p 156 169 74.66946 -1.8260078
p 157 168 75.362656 -0.9768715
p 158 167 76.01913 -1.6297722
p 159 166 76.65071 0.06760788
p 158 165 77.29836 -2.6958084
p 157 164 77.97477 -3.444172
p 156 163 78.69214 -1.9055634
p 155 162 79.39941 -0.6810341
p 154 161 80.11984 -5.1054306
p 153 160 80.83315 -6.9186134
p 152 159 81.56102 -6.9909515
p 151 158 82.35457 -6.795601
p 152 157 83.22251 -9.645256
p 153 156 91.41587 -2.7861786
p 154 155 92.55843 -2.9700432
p 155 154 93.923546 -4.9168243
p 156 153 95.33351 -1.0202179
p 157 152 96.63532 -2.4894524
p 158 151 98.072845 -1.9219322
p 159 150 100.61673 0.19257736
p 158 149 102.16379 0.99376297
p 159 148 104.11971 0.27920914

c 56 0.89509964
p 148 18 49.976494 -0.009454727
p 149 19 49.976494 -0.04619026
p 148 20 50.070496 -0.1163044
p 148 21 50.074738 -0.22502708
p 149 22 50.12907 -0.14799309
p 150 23 50.153275 -0.031755447
p 151 24 50.153275 -0.0013751984
p 152 25 50.206657 -0.04286003
p 153 26 50.237988 -0.08686447
p 154 26 50.281696 -0.05571747
p 155 27 50.345215 -0.09059715
p 154 28 50.37613 -0.01424408
p 154 29 50.417583 -0.20725441
p 155 30 50.43393 -0.0767231
p 156 31 50.468113 -0.026319504
p 157 32 50.490158 -0.097818375
p 157 33 50.564377 0.044548035
p 158 34 50.580463 0.049240112
p 159 35 50.668198 0.034017563
p 160 36 50.684334 -0.01014328
p 159 37 50.75954 -0.094774246
p 158 38 50.871593 0.03595352
p 157 39 50.871593 -0.17999458

c 57 5.177994
p 151 193 55.45095 0.1058445
p 151 194 55.132336 -0.090646744
p 151 195 54.75139 0.004957199
p 152 196 54.433468 0.15035057
p 153 197 54.132153 -0.057170868
p 153 198 54.02368 -0.095645905
p 153 199 53.633835 -0.04179001
p 153 200 53.456886 -0.057174683
p 153 201 53.11125 -0.052877426
p 153 202 52.860165 -0.04496956
p 153 203 52.652515 -0.16799164
p 154 204 52.421383 -0.08499336
p 154 205 52.16662 -0.042491913
p 153 206 52.030525 0.09507179
p 153 207 51.782787 -0.016227722
p 154 208 51.622166 -0.16225624
p 153 209 51.586346 0.16453743
p 152 210 51.3254 -0.21680641
p 153 211 51.32156 0.017562866
p 153 212 51.208378 -0.1102829
p 153 213 51.144787 -0.054243088
p 154 214 51.051575 -0.09293175
p 155 215 50.977325 -0.026947021
p 155 216 50.91833 -0.04476738
p 154 217 50.855896 0.018241882
p 155 218 50.78465 -6.3705444E-4
p 156 219 50.78465 0.12247276
p 157 220 50.69488 0.034339905
p 158 221 50.6244 -0.053525925
p 157 222 50.61092 -0.06688118
p 156 223 50.56469 -0.041358948
p 155 224 50.497414 -0.13706589
p 154 224 50.497414 -0.064941406
p 153 225 50.481358 0.09931564
p 154 226 50.41632 -0.041021347
p 153 227 50.39243 -0.006254196
p 152 228 50.363506 -0.07445526
p 151 229 50.272957 -0.048858643

c 58 27.62643
p 156 91 78.11876 -3.2561302
p 157 90 77.14537 -2.5058975
p 158 89 76.53772 -2.1807976
p 157 88 75.73217 4.5053368
p 158 87 75.04788 2.1433754
p 157 86 74.400696 0.2159729
p 158 85 73.84666 -2.5583267
p 159 84 73.14281 -1.2787437
p 160 83 72.44957 -3.691101
p 159 82 71.72128 -1.6856079
p 158 81 71.09042 -3.054863
p 159 80 70.4316 0.7095108
p 160 79 69.62301 0.33480072
p 161 78 68.92138 0.5124893
p 162 77 68.285225 -4.5867233
p 161 76 67.67318 5.152149
p 162 75 66.925125 -1.243515
p 163 74 66.36185 1.7511902
p 164 73 65.770645 -0.38293076
p 165 72 65.12364 1.5828094
p 166 71 64.47761 -0.7734184
p 167 70 63.843475 1.9715729
p 168 69 63.204273 3.1714401
p 167 68 62.555958 1.7720299
p 166 67 61.905594 -0.36839104
p 167 66 61.25257 7.843464
p 166 65 60.597996 1.6785164
p 167 64 59.96704 4.6905746
p 168 63 59.360535 4.1408825
p 169 62 58.71338 0.6311188
p 170 61 58.08557 -0.0736599
p 171 60 57.467064 -0.18349266
p 171 59 56.86733 -0.42391586
p 172 58 56.421185 -0.17272186
p 172 57 55.786293 -0.4896717
p 173 56 55.260246 -0.113817215
p 173 55 54.682003 -0.22605705
p 172 54 54.24529 -0.007633209
p 172 53 53.862858 -0.021827698
p 173 52 53.408085 0.03265381
p 172 51 52.980057 -0.072473526
p 171 50 52.604923 0.092264175
p 172 49 52.268646 -0.03599167
p 171 48 51.97104 0.09691429
p 170 47 51.735245 -0.030172348
p 169 46 51.61179 -0.18298912
p 168 45 51.440235 -0.0864563
p 168 44 51.318523 -0.1941433
p 167 43 51.140457 -0.025522232
p 167 42 51.11818 -0.0061130524
p 168 41 51.03891 -0.09537315
p 167 40 50.90936 0.08631325
p 167 39 50.872902 0.005367279
p 168 38 50.795372 0.0078372955
p 167 37 50.72805 0.009813309
p 166 36 50.700886 -0.12557602
p 166 35 50.696106 -0.10623741
p 165 34 50.68298 0.02542305
p 164 33 50.49233 -0.20746422
p 163 32 50.49233 -0.14739418

c 59 8.4820595
p 158 219 50.718163 -0.04105568
p 159 218 50.773327 0.04376602
p 160 217 50.78712 -0.05750656
p 160 216 50.93201 -0.036777496
p 161 215 51.00721 -0.08230591
p 161 214 51.00721 -0.036140442
p 162 213 51.129852 -0.062423706
p 162 212 51.185177 -0.122715
p 163 211 51.316444 0.0013065338
p 162 210 51.41807 -0.019241333
p 163 209 51.44249 0.124261856
p 162 208 51.59397 -0.14925766
p 161 207 51.752544 0.055261612
p 162 206 51.92501 -0.024484634
p 161 205 52.066273 -0.042402267
p 161 204 52.226246 -0.24945068
p 162 203 52.51993 -0.011619568
p 162 202 52.729492 -0.09490585
p 163 201 53.06872 0.019929886
p 163 200 53.427425 -0.079359055
p 162 199 53.60597 -0.17166519
p 163 198 53.75051 -0.032318115
p 162 197 53.96976 -0.12145805
p 161 196 54.193455 -0.011884689
p 161 195 54.55346 0.10990524
p 162 194 54.787575 0.020902634
p 162 193 55.145046 1.7795773
p 163 192 55.45697 -0.13388252
p 163 191 55.89451 4.4133606
p 162 190 56.542126 1.4775085
p 163 189 57.119057 -4.072668
p 162 188 57.975258 -1.2122917
p 163 187 59.200222 -4.706772

c 60 39.689526
p 159 107 103.50735 0.35230255
p 160 106 101.9876 -0.10998535
p 161 105 100.80029 1.0764465
p 160 104 99.41585 1.1783333
p 161 103 97.408966 3.5675926
p 161 102 95.84434 0.5097847
p 162 101 92.39792 -4.3955116
p 163 100 90.3763 -4.3017845
p 164 99 87.869705 -3.2125893
p 165 98 86.62626 -3.7068825
p 166 97 84.98135 -8.313091
p 167 96 83.98562 -8.920704
p 168 95 83.06685 -10.529003
p 169 94 82.05771 -10.330856
p 170 93 81.212524 -7.0443344
p 171 92 80.40783 -3.928421
p 172 91 79.73663 -3.12368
p 173 90 79.07057 -4.4505424
p 174 89 78.362274 -5.6262817
p 175 88 77.66712 -6.301178
p 176 87 76.87687 -3.4586258
p 177 86 76.10899 -5.335865
p 176 85 75.389206 -5.78347
p 175 84 74.6891 -3.698532
p 174 83 74.044525 1.870079
p 175 82 73.364365 0.37026596
p 176 81 72.76834 -0.8397026
p 177 80 72.13733 -0.32994843
p 178 79 71.43344 2.3702621
p 177 78 70.49652 2.8134727
p 176 77 69.8547 4.101673
p 175 76 69.18572 5.0627213
p 174 75 68.497734 5.7241516
p 173 74 67.86996 4.8852806
p 172 73 67.12628 -3.9933968
p 173 72 66.45002 6.461445
p 172 71 65.77794 0.79950714
p 171 70 65.12733 -0.0886116
p 170 69 64.47049 -2.8778076
p 169 70 63.81782 -2.1728382

c 61 0.49557877
p 164 221 50.58309 -0.075050354
p 165 222 50.541924 -0.068338394
p 166 223 50.51915 0.0025405884
p 166 224 50.473408 -0.03832245
p 167 225 50.473408 0.043525696
p 166 226 50.36784 -0.1133461
p 167 227 50.354362 0.05317688
p 167 228 50.274254 -0.064941406
p 168 229 50.259377 -0.08717537
p 167 230 50.218407 -0.11393356
p 168 231 50.1638 -0.057001114
p 167 232 50.14122 0.03201866
p 168 233 50.124725 -0.055757523
p 168 234 50.124725 -0.13763046
p 168 235 50.087513 0.008552551
p 169 235 50.087513 -0.17102051

c 62 3.615902
p 167 197 53.991302 0.061315536
p 168 198 53.760532 -0.23690987
p 169 199 53.690414 -0.047920227
p 170 200 53.443954 -0.0137729645
p 169 201 53.140717 0.07151413
p 170 202 52.853935 0.038877487
p 171 203 52.54397 -0.077653885
p 171 204 52.222286 -0.09101868
p 172 205 52.02079 0.09429932
p 173 206 51.82059 -0.019199371
p 172 207 51.68517 0.060552597
p 171 208 51.538036 -0.0116176605
p 170 209 51.443382 0.012281418
p 171 210 51.395027 -0.1083107
p 172 211 51.3782 -0.014556885
p 172 212 51.304985 -0.06536102
p 171 213 51.21111 -0.17113113
p 170 214 51.13342 0.07151413
p 170 215 51.001087 -0.1309166
p 169 216 50.938446 0.03418541
p 170 217 50.783382 -0.24816895
p 171 218 50.767483 -0.009418488
p 171 219 50.701344 -0.22071266
p 171 220 50.690205 -0.14245605
p 171 221 50.690205 -0.10425186
p 170 222 50.583645 0.0015468597
p 170 223 50.53703 -0.08189392
p 169 224 50.483593 -0.06472397
p 169 225 50.445114 -0.055700302
p 169 226 50.402363 -0.08402252
p 168 227 50.3754 0.0019569397

c 63 27.912292
p 170 148 105.68412 0.9017296
p 170 149 104.23626 -1.1362648
p 171 150 102.65002 -2.1271553
p 172 151 101.72906 1.3287544
p 173 151 98.67775 -3.9458466
p 174 152 90.91562 -6.2285385
p 175 153 89.91387 -9.233891
p 176 154 88.9473 -8.513004
p 177 155 88.04591 -9.145721
p 178 156 87.23451 -5.9708977
p 179 157 86.28378 0.87861633
p 180 158 85.2793 -1.181427
p 181 159 84.127396 -3.0749283
p 182 160 82.895744 -1.8960686
p 183 161 81.82003 -2.922001
p 184 162 80.6764 -4.3765755
p 185 163 79.96856 -1.1837311
p 186 164 79.37286 1.4989967
p 185 165 78.71339 2.5662537
p 184 166 78.29523 -2.4293098
p 184 167 77.916626 -2.623066
p 185 168 77.77183 1.9674606
p 184 168 77.77183 0.5241585

c 64 16.069622
p 174 197 54.46274 0.05807495
p 175 196 54.703224 -0.08353615
p 176 195 54.980686 -0.2221508
p 177 194 55.25616 0.048416138
p 178 194 55.73245 -0.19554329
p 179 194 56.258022 0.08411598
p 180 193 56.792713 0.8425064
p 181 192 57.36164 3.962803
p 182 191 57.94674 6.1215477
p 183 190 58.636887 3.7463913
p 182 189 59.09417 -0.734684
p 183 188 59.723286 0.14498901
p 182 187 60.36884 -1.0331764
p 183 186 61.061523 8.08556
p 182 185 61.730984 3.400406
p 181 184 62.36879 5.086235
p 180 183 63.10445 5.4763603
p 179 182 63.666687 -3.8846245
p 180 181 64.284515 -2.9639664
p 181 180 65.04672 0.10912323
p 180 179 65.84045 -0.4817505
p 179 178 66.60362 -2.812828
p 178 177 67.10563 -2.5456734
p 177 176 67.68282 0.15900803
p 178 175 68.28629 -0.7953644
p 179 174 69.15175 -3.0593681
p 180 173 69.89498 -3.5889015
p 181 172 70.532364 -1.7671089

c 65 17.358734
p 178 87 76.96457 -4.823471
p 179 88 77.61947 -5.2457924
p 180 89 78.26602 -4.5615196
p 181 90 78.89886 -5.1958427
p 182 91 79.619514 -4.331352
p 183 92 80.20833 -2.5618439
p 182 93 81.06996 -2.5376968
p 181 94 82.18115 -1.8658752
p 182 95 82.89755 -1.65551
p 183 96 83.78624 -2.7637024
p 184 97 84.511536 -2.9433174
p 185 98 85.46797 -1.1844864
p 186 99 87.21115 0.10280228
p 187 100 89.511765 0.7878685
p 188 100 92.24155 2.5877037
p 189 101 93.91743 -0.70759964
p 188 102 94.3233 -2.219368

c 66 14.362274
p 182 44 51.449234 0.08337784
p 183 45 51.53121 -0.20121574
p 184 45 51.650997 -0.07432175
p 185 46 51.82189 0.11404419
p 186 47 51.90746 -0.005373001
p 187 48 52.036446 0.2321682
p 188 49 52.24705 -0.025396347
p 189 50 52.487087 -0.12416458
p 190 51 52.72897 -0.08959389
p 189 52 52.978622 -0.12916374
p 188 53 53.246857 0.027978897
p 187 54 53.474598 -0.038532257
p 186 55 53.72365 -0.006044388
p 185 56 54.075325 0.024536133
p 184 57 54.127716 -0.1611042
p 185 58 54.367874 0.20910454
p 184 59 54.60663 -0.12915993
p 184 60 54.9509 -0.07011986
p 185 61 55.33549 0.08384323
p 184 62 55.80092 2.089203
p 185 63 56.28444 1.4018383
p 184 64 56.812088 1.062561
p 185 65 57.38487 3.3152752
p 186 66 58.008877 -2.5445938
p 185 67 58.63207 -0.37415695
p 186 68 59.604923 1.4107361
p 187 69 60.129547 1.4933167
p 188 70 60.6983 3.0772247
p 189 71 61.343395 1.9140472
p 190 72 62.09066 1.2835846
p 191 73 62.87001 -0.2712574
p 190 74 63.46707 -6.02124
p 189 75 64.27944 -7.464451
p 188 76 65.06523 -4.1881447
p 189 77 65.81151 -2.9143448

c 67 39.425453
p 186 149 90.059525 -9.472729
p 187 150 88.9508 -13.088768
p 188 151 87.985634 -11.803894
p 189 152 87.05465 -10.987904
p 190 153 86.082275 -11.659893
p 191 154 85.216064 -8.956615
p 192 155 84.32033 -7.357025
p 191 156 83.45546 -9.221989
p 190 157 82.627174 -5.652485
p 191 158 81.81687 -6.500046
p 192 159 81.034386 -3.3835983
p 193 160 80.23508 -4.675659
p 194 161 79.31232 -6.280529
p 193 162 78.58357 2.61734
p 194 163 77.904724 -1.2907639
p 195 164 77.24035 1.0058823
p 196 165 76.483536 -4.4410095
p 197 166 75.732254 -2.1199913
p 198 167 75.06542 -2.105648
p 197 168 74.28632 1.241539
p 198 169 73.611885 -0.3575287
p 199 170 72.95007 -2.4697227
p 200 171 72.3152 -1.9399986
p 201 172 71.67809 -0.20624542
p 202 173 71.010414 -0.05273819
p 203 174 70.30823 -2.3879318
p 204 175 69.63916 -1.6127663
p 205 176 69.01818 -1.7396202
p 206 177 68.31238 -0.30848694
p 207 178 67.67686 -4.176281
p 208 179 67.00792 -5.6886177
p 209 180 66.38987 -4.0841827
p 210 181 65.682915 -0.8186531
p 211 182 65.05279 -4.4804916
p 210 183 64.40859 6.485279
p 211 184 63.738422 -0.24935532
p 210 185 63.029865 9.923813
p 211 186 62.32434 5.2139053
p 212 187 61.70302 0.2443142
p 211 188 61.095486 -3.1930904
p 210 189 60.46818 -0.1306591
p 211 190 59.841442 1.0414448
p 212 191 59.213974 0.0062007904
p 211 192 58.603954 0.025676727
p 210 193 58.008297 -0.051021576
p 209 194 57.366432 -0.24608612
p 208 195 56.773155 0.1130867
p 209 196 56.155388 -0.26542854
p 210 197 55.75884 0.13547516
p 209 198 55.20606 -0.06711388
p 208 199 54.721584 0.0055713654
p 209 200 54.269604 -0.09247017
p 210 201 53.890957 -0.010635376
p 211 202 53.393417 -0.02810669
p 210 203 53.03605 0.0026073456
p 209 204 52.727478 0.04663086
p 210 205 52.458477 -0.108953476
p 210 206 52.24025 -0.020456314
p 210 207 52.048176 -0.17838478
p 209 208 51.914024 0.019126892
p 208 209 51.71665 -0.17744064
p 207 210 51.62919 0.010919571
p 208 211 51.539017 0.005033493
p 208 212 51.350822 0.020301819
p 207 213 51.216393 -0.14151001
p 206 213 51.175453 -0.13642693
p 205 214 51.161507 0.062202454
p 204 215 50.98979 -0.087688446
p 203 216 50.95438 -0.21378708
p 203 217 50.854458 -0.08142662
p 203 218 50.789307 -0.081790924
p 204 219 50.72194 0.006177902
p 205 220 50.646603 -0.028682709
p 204 221 50.63407 -0.09699249
p 203 221 50.63407 -0.05806732

c 68 2.7000237
p 190 202 53.04098 -0.03629303
p 190 203 52.838524 -0.10905647
p 190 204 52.642303 -0.015861511
p 191 205 52.399704 -0.019010544
p 192 206 52.12598 0.08717346
p 193 207 51.874886 -0.13770676
p 194 207 51.823593 -0.07692909
p 195 208 51.748844 -0.09270096
p 196 209 51.635685 -0.079977036
p 197 210 51.481102 -0.019498825
p 198 211 51.481102 9.880066E-4
p 197 212 51.42178 -0.092990875
p 196 213 51.25803 -0.017446518
p 196 214 51.124363 -0.1353035
p 196 215 50.957726 0.0012340546
p 196 216 50.941097 0.101451874
p 195 217 50.83053 -0.11254692
p 196 218 50.742542 -0.08492851
p 195 219 50.742542 -0.028551102
p 195 220 50.582733 -0.095249176
p 195 221 50.582733 -0.019792557
p 194 222 50.531815 -0.050209045
p 193 223 50.531155 0.048261642
p 194 224 50.494316 -0.12802696
p 194 225 50.494316 -0.07195282
p 195 226 50.431404 -0.1164093
p 196 227 50.431404 -0.077337265
p 197 228 50.3943 0.052225113
p 198 229 50.340958 -0.017908096
p 197 230 50.340958 -0.03602028

c 69 9.480324
p 195 24 50.1983 0.010038376
p 196 25 50.2308 -0.023611069
p 197 26 50.249344 0.026578903
p 198 27 50.28594 -0.039640427
p 199 27 50.28594 -0.044179916
p 200 28 50.30387 0.10400009
p 199 29 50.360336 -0.03504944
p 199 30 50.380795 0.078365326
p 198 31 50.465252 -0.15243912
p 198 32 50.49714 -0.03970909
p 198 33 50.555664 -0.18241501
p 198 34 50.629696 -0.07518959
p 198 35 50.717064 0.012462616
p 199 36 50.823902 0.004837036
p 200 37 50.898754 -0.08761978
p 201 38 51.06648 -0.16341591
p 202 39 51.12548 -0.12812996
p 203 40 51.24024 0.07187462
p 204 41 51.330997 -0.05525589
p 204 42 51.40885 -0.14965248
p 203 43 51.472313 0.043369293
p 202 44 51.636974 -0.13747597
p 202 45 51.697735 -0.035297394
p 202 46 51.9209 -0.06365585
p 201 47 52.11006 -0.0572567
p 202 48 52.23746 -0.07400513
p 203 49 52.4321 -0.060129166
p 203 50 52.524467 -0.043279648
p 203 51 52.770153 -0.010850906
p 204 52 53.002533 -0.13289261
p 203 53 53.17882 -0.07533264
p 202 54 53.42179 -0.007789612
p 203 55 53.5618 -0.078071594
p 203 56 53.5797 -0.009178162
p 203 57 53.758163 0.022809982
p 203 58 53.899567 0.09226227
p 204 59 54.0058 -0.089128494
p 203 60 54.31275 0.2719345
p 204 61 54.4565 -0.13151169
p 204 62 54.828403 2.4080563
p 203 63 55.27705 -0.19543457
p 203 64 55.654644 0.5020714
p 203 65 56.284122 4.961792
p 202 66 56.96265 0.22018433
p 203 67 57.638435 -0.9220085
p 202 68 59.678623 0.9740219

c 70 1.2685623
p 196 47 52.014137 -0.017642975
p 197 46 51.868256 0.0435009
p 198 45 51.674423 -0.107847214
p 199 44 51.53332 -0.067380905
p 200 43 51.40953 -0.10203934
p 199 42 51.40953 0.08804321
p 199 41 51.190674 -0.0876503
p 200 40 51.123417 -0.026985168
p 199 39 51.084743 -0.0799942
p 199 38 50.996128 -0.0036468506
p 199 37 50.883076 -0.077121735
p 198 36 50.745575 -0.04987526

c 71 0.74970245
p 198 16 50.008583 -0.054309845
p 198 17 50.008583 -0.03822136
p 199 18 50.025356 -0.095012665
p 200 19 50.079826 -0.13876915
p 201 20 50.141953 -0.01351738
p 202 21 50.141953 -0.0706501
p 203 22 50.18577 0.023389816
p 204 23 50.187828 0.008255005
p 205 22 50.18918 -0.062482834
p 206 21 50.18918 -0.062353134
p 207 22 50.19949 -0.010005951
p 207 23 50.234715 3.604889E-4
p 208 24 50.2454 -0.12275696
p 209 24 50.267628 -0.023160934
p 210 25 50.29058 -0.0332489
p 210 26 50.457546 0.13710022
p 211 27 50.457546 0.0043182373
p 212 28 50.47763 -0.0086193085
p 211 29 50.51166 0.035165787
p 210 30 50.542946 -0.1479721
p 209 31 50.651245 0.026521683
p 210 32 50.651928 -0.07881546
p 209 33 50.758286 -0.043727875
p 209 34 50.758286 -0.08456421

c 72 49.485893
p 199 106 99.81864 -1.4108505
p 200 105 97.16733 -0.7997551
p 201 104 96.13911 0.16890717
p 202 103 94.189384 -0.03274536
p 202 102 90.156075 -5.2431717
p 203 101 86.18214 -7.7159424
p 204 100 84.816216 -6.887905
p 205 99 83.33762 -6.568016
p 206 98 82.07809 -6.5872917
p 207 97 81.11516 -6.842495
p 208 96 80.27826 -5.9958878
p 209 95 79.646935 -6.4133453
p 210 94 78.79312 -8.409718
p 211 93 78.217926 -7.594368
p 212 92 77.42679 -4.265709
p 213 91 76.720474 -2.1344795
p 214 90 75.90861 -3.066391
p 215 89 75.443565 -5.7924004
p 214 88 74.69733 5.2074203
p 215 87 73.912346 -2.0362167
p 216 86 73.29549 2.458538
p 217 85 72.59893 2.1546173
p 218 84 71.76046 0.5646324
p 219 83 71.14156 -3.4509697
p 220 82 70.55577 -5.1282425
p 221 81 69.80066 -2.3115883
p 222 80 69.10906 1.2836609
p 221 79 68.47313 3.6170235
p 220 78 67.77989 1.2369003
p 219 77 67.12531 -3.6300201
p 220 76 66.44615 -1.9022064
p 221 75 65.74543 -3.334301
p 220 74 65.0217 1.8843765
p 221 73 64.305786 -1.0928421
p 222 72 63.634834 -3.640194
p 221 71 62.988132 7.4714584
p 222 70 62.262897 4.8191566
p 223 69 61.956627 -0.08568382
p 222 68 61.726208 1.0237617
p 223 67 60.20467 -0.7781143
p 222 66 59.580704 3.0653305
p 223 65 58.925045 2.764656
p 222 64 58.279152 0.8570156
p 223 63 57.71291 0.33974075
p 222 62 57.13767 -0.20712852
p 222 61 56.579807 -0.054267883
p 222 60 56.11451 -0.07138443
p 222 59 55.60766 -0.03517723
p 222 58 55.24088 0.04476738
p 221 57 54.833996 -0.0139045715
p 221 56 54.40481 -0.072387695
p 222 55 54.11708 0.0073928833
p 221 54 53.930645 0.095026016
p 222 53 53.6391 -0.095788956
p 222 52 53.57499 -0.11714172
p 222 51 53.31009 -0.10045242
p 221 50 53.03089 -0.040607452
p 220 49 52.868855 0.14957237
p 219 48 52.6523 0.17383575
p 218 47 52.325054 -0.0033855438
p 217 46 52.14772 0.084198
p 216 45 52.027164 -0.04619217
p 216 44 51.886528 -0.14348984
p 217 43 51.846394 -0.10097504
p 217 42 51.635967 -0.15473175
p 216 41 51.47387 0.07906151
p 217 40 51.319973 -0.1514473
p 218 39 51.30898 0.121032715
p 217 38 51.173454 -0.08642769
p 216 37 51.06203 -0.008863449
p 215 36 50.96843 -0.01231575
p 216 35 50.92823 0.08839035
p 217 34 50.829613 -0.114681244
p 218 33 50.72304 -0.023536682
p 217 32 50.67267 0.0017528534
p 218 31 50.65915 0.013080597
p 219 30 50.57357 -0.03086853
p 218 29 50.46723 -0.062238693
p 217 28 50.427673 -0.064468384
p 217 27 50.42171 -0.14732552
p 217 26 50.33275 -0.1373558
p 218 25 50.33275 -0.06734276

c 73 14.321548
p 204 85 76.34298 -0.76610947
p 205 84 75.32301 -0.3779335
p 206 83 74.322975 -0.9574013
p 207 82 73.77341 -0.8134651
p 208 81 72.73682 -0.051753998
p 209 80 72.19056 -0.4789009
p 210 79 71.39023 -1.3898926
p 211 78 70.65617 -1.370327
p 212 77 70.013145 -1.9410286
p 213 76 69.41958 -1.9449615
p 214 75 68.82665 -0.851635
p 215 74 68.14739 0.5682907
p 216 73 67.34343 -5.9256935
p 215 72 66.68868 7.3278275
p 216 71 66.114006 -1.5826111
p 217 70 65.56177 -3.431446
p 218 69 64.920494 -5.0443993
p 219 70 64.10695 8.912651
p 220 69 63.197803 1.213253
p 221 70 62.514996 8.458839
p 222 69 62.02143 5.988903

c 74 49.988647
p 204 116 100.339066 -2.028141
p 205 115 98.823296 -3.8033943
p 206 114 98.1073 -1.7958069
p 207 113 97.457596 0.72283554
p 208 112 96.62077 0.46256638
p 209 111 95.95386 -0.16558838
p 210 110 95.01063 -0.62251663
p 211 109 94.39648 -0.3184662
p 212 109 94.261 -0.7572479
p 213 108 91.31902 -1.6509781
p 214 107 90.74978 -1.2130966
p 215 106 90.06254 -1.0586815
p 216 105 89.45165 0.5169029
p 217 104 88.74944 2.0957413
p 218 103 88.07876 3.1211662
p 219 102 87.288 2.4301186
p 220 101 86.538765 1.2361908
p 221 100 85.754135 2.5949898
p 222 99 85.0854 1.8947716
p 223 98 84.527664 -0.2970848
p 224 97 83.96761 0.98467636
p 225 96 83.2936 2.5528107
p 226 95 82.5829 5.2339478
p 227 94 81.956154 1.0095482
p 228 95 81.31149 -2.4821434
p 229 94 80.59156 0.67969894
p 230 93 80.03498 -0.15713501
p 231 92 79.48613 -0.19353867
p 232 91 78.93177 0.55983734
p 233 90 78.434395 1.9114914
p 234 89 77.80964 3.09935
p 235 88 76.982086 3.0085258
p 236 87 76.33376 3.2675247
p 237 86 75.71039 2.8718796
p 238 85 75.17522 3.5647926
p 239 84 74.60878 1.1397705
p 240 85 73.99924 1.7918587
p 241 84 73.36482 3.8553772
p 242 83 72.76256 5.1986732
p 243 82 72.160255 3.9633636
p 244 81 71.55647 2.1430779
p 245 80 70.95116 3.4575615
p 246 79 70.347176 2.196991
p 247 78 69.750984 1.778717
p 248 77 69.168594 0.6432495
p 249 76 68.59047 3.0858192
p 250 75 67.990166 3.2305794
p 251 74 67.38223 4.9012146
p 252 73 66.779594 3.2076797
p 251 72 66.1867 10.5729065
p 252 71 65.59866 13.474045
p 253 70 65.00991 12.449455
p 252 69 64.422035 1.9183083
p 253 68 63.838142 11.930443
p 254 67 63.25765 0.0033988953
p 253 66 62.679234 16.26764
p 252 65 62.10136 2.60993
p 251 64 61.522945 3.2865791
p 250 63 60.94409 3.3635578
p 249 62 60.37005 0.015199661
p 248 61 59.80671 0.011167526
p 247 60 59.237114 -0.020009995
p 246 59 58.688248 -0.018901825
p 247 58 58.196095 -0.61650276
p 246 57 57.632786 -0.08461571
p 247 56 57.080704 0.05663681
p 246 55 56.57915 -0.04657936
p 245 54 56.081055 0.06474686
p 244 53 55.60777 0.035785675
p 243 52 55.127262 -0.0027427673
p 244 51 54.65055 -0.16469955
p 244 50 54.262547 -0.0855999
p 244 49 53.816917 -0.13084602
p 244 48 53.38403 -0.019109726
p 244 47 53.11359 -0.16635513
p 244 46 52.772358 -0.08021927
p 243 45 52.35468 -0.14106941
p 242 44 52.06259 0.06281471
p 243 43 51.911987 -0.017158508
p 244 42 51.748985 -0.05055237
p 243 41 51.58916 -0.07842827
p 243 40 51.39434 -0.13330841
p 244 39 51.322083 0.046089172
p 243 38 51.189213 -0.106616974
p 244 37 51.088093 -0.08355141
p 245 36 51.020504 -0.17267036
p 245 35 50.902058 -0.24022865
p 246 34 50.866497 -0.120759964
p 247 33 50.864586 -0.020879745
p 248 32 50.787052 -0.020057678
p 249 31 50.68845 -0.02793312
p 248 30 50.642937 0.041524887
p 248 29 50.558716 -0.08106804
p 247 28 50.54796 0.013177872
p 248 27 50.40679 -0.09378815
p 249 26 50.350418 -0.07190895
p 249 25 50.350418 -0.019231796

c 75 27.786583
p 207 125 102.44517 0.0415802
p 208 124 101.254684 0.45091248
p 209 123 100.443344 0.551033
p 210 122 99.605255 0.13858032
p 211 121 98.92259 0.6746445
p 212 120 98.14175 1.447403
p 213 119 97.433495 1.1915016
p 214 118 96.69368 1.5913391
p 215 117 96.02633 1.8439598
p 216 116 95.40067 1.5513992
p 217 115 94.80788 2.6981773
p 218 114 94.218666 1.1559105
p 219 113 93.72643 1.439476
p 220 112 93.25612 1.6020927
p 221 111 92.605804 0.5160942
p 222 110 91.7523 0.3760414
p 223 109 91.20809 -0.9419594
p 223 108 90.860634 0.4806862
p 224 107 89.731064 0.34975815
p 225 106 89.01719 1.6786575
p 226 105 88.47012 0.3249359
p 226 104 88.022545 0.5124092
p 227 103 87.322205 0.35987854
p 228 102 86.68685 1.4137993
p 229 102 86.094315 1.2709274
p 230 101 85.41094 1.6155434
p 231 100 84.68078 0.97014236
p 232 99 84.1042 3.060997
p 233 98 83.32717 1.7915993
p 234 97 82.55789 0.75992584
p 235 96 81.87277 -0.96187973
p 236 97 81.279434 1.5743866
p 237 96 80.71189 -0.4257965
p 238 95 80.14621 0.38706207
p 239 94 79.56147 2.4365654
p 240 93 78.94861 -0.1607399
p 239 92 78.31999 0.11153793
p 240 91 77.698364 3.393509
p 241 90 77.09603 1.0168839
p 242 89 76.518265 0.034217834
p 243 88 75.94518 2.9974022
p 242 87 75.327484 2.7589302
p 241 86 74.658585 1.8871994

c 76 41.73793
p 212 154 92.0186 1.8178368
p 213 155 90.88123 -1.8840332
p 214 156 90.33904 -1.8745003
p 215 157 89.59592 -1.5534058
p 216 158 89.13001 0.012542725
p 217 159 88.49755 0.62877655
p 218 160 87.7397 1.1400223
p 219 161 87.126045 1.7226715
p 220 162 86.50602 0.35902786
p 221 163 85.90192 0.45614243
p 222 164 85.33387 -0.18317032
p 223 165 84.81836 0.2578659
p 224 166 84.28712 1.906517
p 225 167 83.64597 4.402439
p 226 168 83.074425 3.7401924
p 227 169 82.48352 3.7972984
p 228 170 81.87861 4.188244
p 229 171 81.23472 0.5756149
p 228 172 80.52454 5.187443
p 229 173 79.92022 6.8241463
p 230 174 79.30703 4.981579
p 231 175 78.69445 3.3768272
p 232 176 78.09323 2.5979538
p 233 177 77.48032 1.665432
p 234 178 76.81404 4.316723
p 235 179 76.101616 -0.9171219
p 236 178 75.45176 0.77752686
p 237 177 74.89594 1.1276283
p 238 178 74.265434 3.4917717
p 239 179 73.56466 4.8214874
p 240 180 72.793655 4.4352417
p 241 181 71.97571 5.2666664
p 242 182 71.30543 4.861374
p 243 183 70.4887 8.250675
p 244 184 69.93884 7.530632
p 245 185 69.46867 5.9537888
p 246 186 69.01341 1.9889984
p 247 185 68.50197 3.501854
p 248 184 67.939995 2.24572
p 249 183 67.35704 0.033737183
p 250 184 66.7967 1.5925407
p 251 184 66.56245 3.249588
p 252 185 65.96178 7.713722
p 253 186 63.519623 8.910694
p 254 187 62.56503 2.1836128
p 255 188 61.676144 0.06570816
p 254 189 61.041042 4.366253
p 253 190 60.399227 2.769493
p 252 191 59.75381 -0.093624115
p 253 192 59.226036 3.1534653
p 252 193 58.592163 0.77186394
p 251 194 58.09799 -0.3432331
p 250 195 57.53193 -0.24131012
p 249 196 56.792465 -0.40736198
p 248 197 56.26797 -0.41229248
p 247 198 55.89041 0.098106384
p 247 199 55.36495 -0.013162613
p 248 200 54.759758 -0.23747826
p 248 201 54.37366 -0.12138176
p 247 202 54.02671 0.15333939
p 248 203 53.657475 -0.056358337
p 249 204 53.33126 -0.10175705
p 248 205 52.906734 -0.12505722
p 249 206 52.608936 -0.025651932
p 248 207 52.39434 0.053560257
p 248 208 52.066856 0.016059875
p 247 209 51.890266 -0.038864136
p 246 210 51.714256 -0.042589188
p 247 211 51.554173 0.100336075
p 246 212 51.367764 8.659363E-4
p 245 213 51.248837 -0.053785324
p 246 214 51.173553 -0.09483719
p 247 215 51.173553 0.0658226
p 247 216 51.034546 -0.11233139
p 248 217 50.89618 -0.021657944
p 247 218 50.7924 -0.14635658
p 246 218 50.787395 -0.07654381
p 245 219 50.782238 0.081645966
p 246 220 50.67177 -0.08292198
p 247 221 50.66238 -0.089710236
p 248 221 50.643124 -0.13897705
p 249 222 50.557827 0.0037078857
p 248 223 50.51389 -0.1586647
p 247 224 50.452557 -0.034978867
p 246 225 50.408253 0.0068416595
p 246 226 50.408253 0.022319794
p 247 227 50.373596 -0.044937134
p 248 228 50.354607 -0.053331375
p 249 229 50.28067 0.047136307
p 248 229 50.28067 -0.053798676
p 249 228 50.320175 -0.017593384
p 249 227 50.39903 -0.039888382
p 250 226 50.422962 -0.13091278
p 250 225 50.454456 -0.077409744

c 77 1.7061691
p 213 229 50.292793 -0.1722908
p 214 228 50.323715 -0.03665352
p 215 228 50.386143 -0.031967163
p 216 227 50.402435 -0.1451416
p 216 226 50.437492 -0.13599968
p 216 225 50.487083 -0.059661865
p 216 224 50.57718 -0.026075363
p 216 223 50.58457 0.005689621
p 216 222 50.614204 -0.008338928
p 217 221 50.68944 -0.0033874512
p 218 220 50.801872 0.014028549
p 219 219 50.91637 -0.012126923
p 220 218 50.968124 0.027162552
p 219 217 51.04279 -0.015047073
p 219 216 51.063805 -0.11505318
p 220 215 51.205055 -0.14806747
p 221 214 51.307964 -0.01862526
p 220 213 51.353313 -0.10654068
p 221 212 51.56025 -0.030597687
p 222 211 51.685856 0.0075950623
p 223 212 51.540257 -0.10782242
p 224 213 51.339603 -0.0057029724
p 223 214 51.249893 -0.08890343
p 223 215 51.18538 -0.087120056
p 224 216 51.13524 -0.05580902
p 225 217 51.060596 -0.10228729
p 224 218 50.979916 -0.0019569397
p 224 219 50.920338 0.028568268
p 225 220 50.795284 -0.14761925
p 225 221 50.678993 -0.29011536
p 226 222 50.60318 -0.16718483
p 227 223 50.5614 0.057764053
p 227 224 50.526226 -0.0036239624
p 227 225 50.526226 -0.032871246
p 228 226 50.516575 -0.0655365
p 227 227 50.509537 0.007963181
p 226 228 50.43459 -0.0803318
p 225 228 50.386467 0.0020217896
p 225 229 50.386467 0.0073108673
p 226 230 50.365414 0.0029678345
p 226 231 50.349487 -0.04942894
p 226 232 50.349487 -0.04209709
p 227 233 50.254356 -0.038913727
p 226 234 50.221817 0.024839401
p 226 235 50.190132 0.0055179596
p 226 236 50.19004 0.016813278
p 227 237 50.11155 -0.04682541
p 228 238 50.1044 0.056085587
p 227 239 50.055637 -0.020694733
p 226 240 50.03936 -0.043382645
p 227 241 50.03936 0.0053367615
p 228 242 49.979687 -0.12843895
p 229 242 49.979687 -0.06982422

c 78 30.61451
p 215 139 97.70278 0.08749008
p 216 140 97.04507 -2.455017
p 217 141 96.4053 -2.465065
p 218 142 95.751755 -1.5367699
p 219 143 95.14666 -0.90218353
p 220 144 94.49022 1.3749352
p 220 145 93.88468 1.5078506
p 221 146 93.223625 0.60014343
p 222 147 92.60413 -0.31966782
p 223 148 92.038025 0.108486176
p 224 149 91.46614 0.9793358
p 225 150 90.818405 -0.38578033
p 224 151 90.25075 1.4683113
p 225 152 89.69951 2.1130028
p 226 153 89.14788 2.16354
p 227 154 88.62424 0.98096466
p 228 155 88.09078 1.2979813
p 229 156 87.355934 1.5665283
p 230 157 86.73141 3.5950966
p 231 158 85.879906 3.7314758
p 232 159 85.12059 1.0616417
p 233 160 84.4913 -0.06562042
p 234 161 83.87047 0.9804802
p 235 162 83.225945 2.5630302
p 236 163 82.573845 5.0148315
p 237 164 81.94093 4.4265213
p 238 165 81.14675 2.9348564
p 239 166 80.48705 1.7858963
p 240 167 79.88049 -0.36110306
p 241 168 78.9884 -0.5693779
p 242 169 78.4337 -0.11092758
p 243 170 77.91467 0.50006485
p 244 171 77.40934 2.614029
p 245 172 76.87212 2.8684235
p 246 173 76.31427 4.7771263
p 247 174 75.763626 2.1210823
p 248 173 75.15786 -1.348774
p 249 174 74.38134 1.6876411
p 250 175 73.60212 -0.7470665
p 251 174 72.24992 2.3145332
p 252 175 71.48052 3.807541
p 253 176 70.842735 13.218185
p 254 177 70.33013 0.1251831
p 253 178 69.856346 9.002808
p 254 179 69.34141 2.3675613
p 253 180 68.85018 9.790413
p 252 181 68.3021 8.728031
p 251 182 67.70602 0.23313141
p 252 183 67.08827 1.9641762

c 79 1.247078
p 219 31 50.61125 -0.097034454
p 220 32 50.69671 -0.020111084
p 220 33 50.817734 0.097797394
p 221 34 50.89186 -0.09624481
p 221 35 50.895638 -0.10079765
p 222 36 50.954487 -0.089286804
p 222 37 51.149723 -0.11135483
p 223 38 51.20397 -0.16967392
p 222 39 51.307236 -0.107027054
p 222 40 51.382133 -0.06866646
p 222 41 51.429626 -0.001707077
p 222 42 51.679253 0.0898056
p 223 43 51.85833 -0.047294617

c 80 6.3653984
p 223 209 51.924683 0.07401657
p 224 208 51.996147 0.021814346
p 224 207 52.26955 -0.01486969
p 225 206 52.569504 0.015066147
p 226 205 52.834167 -0.031799316
p 227 204 53.085217 -0.10714531
p 227 203 53.278156 -0.030628204
p 228 202 53.48183 -0.13736916
p 227 201 53.788933 0.21409798
p 228 200 53.91752 -0.20035934
p 229 199 54.157833 0.10632324
p 228 198 54.498505 -0.09461784
p 228 197 54.740288 0.028024673
p 227 196 54.93127 -0.0068073273
p 228 195 55.17071 0.0637722
p 227 194 55.36454 -0.15799713
p 228 193 55.705654 0.04685211
p 227 192 56.08487 3.149971
p 228 191 56.54077 5.840475
p 229 190 57.07528 4.963146
p 228 189 57.625748 1.1973705
p 229 188 58.29008 4.5663757

c 81 7.283684
p 225 113 94.04268 0.10280609
p 226 112 93.50921 2.0769997
p 227 111 92.917625 1.60532
p 228 110 91.958916 -1.3808479
p 228 109 90.55809 -0.55595016
p 229 108 89.947105 -1.0632019
p 230 107 89.414406 -0.2106247
p 231 106 88.70278 -1.4024353
p 230 105 88.057915 -0.3508072
p 231 104 87.43667 0.2920494
p 230 103 86.758995 -0.51029205

c 82 7.9151
p 229 154 88.292656 0.31474686
p 230 155 87.67782 1.2330856
p 231 156 87.07767 0.35535812
p 231 157 86.55089 3.1298904
p 232 158 85.51721 2.2445374
p 233 159 84.87869 2.3861046
p 234 160 84.28028 1.3287773
p 235 161 83.6364 1.2677498
p 236 162 83.01522 2.243248
p 237 163 82.37559 4.3040466
p 238 164 81.72836 4.056587
p 239 165 81.06983 1.8437004
p 240 166 80.377556 3.443161

c 83 0.82050323
p 231 216 51.067616 -0.08324623
p 231 217 50.96951 -0.07262802
p 232 217 50.96951 -0.06710625
p 233 218 50.919884 -0.059675217
p 234 219 50.8256 0.0062618256
p 234 220 50.76843 0.053028107
p 235 221 50.678856 0.02474022
p 236 222 50.644978 -0.17240143
p 235 223 50.63225 -0.027721405
p 236 224 50.60753 -0.13889122
p 237 225 50.550278 -0.063064575
p 238 226 50.470734 -0.07088089
p 238 227 50.443268 -0.08623505
p 238 228 50.409466 -0.061100006
p 237 229 50.36035 -0.16229248
p 236 230 50.325024 0.0125694275
p 236 231 50.276104 -0.1817131
p 236 232 50.26072 -0.048274994
p 235 233 50.254345 -0.12364006
p 236 234 50.247112 -0.13989449
p 237 234 50.247112 -0.034021378

c 84 1.8281822
p 231 216 51.067616 -0.039813995
p 232 215 51.222572 0.024936676
p 233 214 51.253506 -0.10931778
p 233 213 51.358093 -0.06272125
p 233 212 51.475094 0.13283157
p 234 211 51.482845 -0.1008358
p 234 210 51.686157 0.046512604
p 235 209 51.89609 0.053440094
p 234 208 52.05111 0.0100803375
p 233 207 52.301544 0.06925583
p 234 206 52.528835 -0.07117653
p 233 205 52.895798 -0.011722565

c 85 22.61161
p 236 140 95.682335 -2.95187
p 237 141 94.27539 -3.2254791
p 238 142 93.5846 -2.5197868
p 239 143 92.81705 -3.760765
p 240 144 92.24705 -3.0843277
p 241 145 91.67125 -9.536743E-4
p 242 144 91.96635 1.6915436
p 243 145 91.17439 2.1484032
p 244 146 90.752594 2.4169884
p 245 147 90.30572 2.808754
p 246 148 89.578636 1.163578
p 246 149 88.90289 1.2406807
p 247 150 88.22724 0.037216187
p 248 151 87.70873 -2.0226822
p 249 152 87.13855 -0.77576065
p 250 153 86.49715 1.6410141
p 249 154 85.76141 -0.45565033
p 250 155 84.91699 -0.86494446
p 249 156 84.13982 -1.0490379
p 248 157 83.345695 -0.57909393
p 249 158 82.64599 -0.29058456
p 250 159 81.97518 1.1101685
p 249 160 81.45697 1.9893341
p 248 161 80.727974 0.60972595
p 247 162 80.1453 1.095005
p 248 163 79.57491 1.8842812
p 249 164 79.020805 5.406357
p 250 165 78.484085 4.499653
p 251 166 77.95012 3.326954
p 252 167 77.38923 3.2328033
p 253 168 76.83488 2.9878006
p 252 169 76.3107 3.8073387
p 253 170 75.70909 3.0499992
p 254 171 74.999466 -0.10801697
p 253 172 74.139366 10.038059
p 252 173 73.070724 0.5914993

c 86 8.985512
p 237 98 81.87895 -1.3644638
p 238 99 82.469795 1.4204559
p 239 100 83.07589 2.105297
p 240 101 83.85024 3.0884132
p 241 102 84.62539 1.0065384
p 242 103 85.20446 1.2747612
p 243 104 85.814766 -0.22643661
p 244 105 86.55924 0.1309967
p 245 106 87.18432 -0.8369217
p 246 107 87.85953 -3.0834923
p 247 108 88.534294 -2.3998222
p 248 109 89.31932 -1.7848282
p 249 110 90.10303 -1.123951
p 250 111 90.86446 0.32336807

c 87 0.6463165
p 246 37 51.02418 0.0078105927
p 247 36 50.99219 0.065719604
p 248 35 50.921852 0.08748627
p 249 34 50.84522 -0.18870926
p 248 33 50.796688 -0.014829636
p 249 32 50.77747 -0.15360641
p 250 31 50.663757 -0.044477463
p 250 30 50.64878 0.044116974
p 249 29 50.56515 -0.06562042
p 248 28 50.553627 0.11755943
p 249 27 50.377865 -0.0922184

c 88 0.38453674
p 251 24 50.3279 -0.0035114288
p 251 25 50.3279 -0.04132843
p 251 26 50.37582 0.13881683
p 252 27 50.434498 0.08100891
p 253 28 50.438084 -0.061372757
p 254 29 50.527767 -0.07401276
p 255 30 50.527767 -0.08968353
p 254 31 50.556053 -0.16298866
p 253 31 50.564575 -0.21199608
p 252 31 50.652943 -0.123428345
p 251 32 50.712437 0.008588791

avg 15.218575
end