//fileLoc: inputData/gradient13.png
//fluxMulti: 3.0 channelCutOff: 10
//wk_fmin: 0.0 wk_fmax: 0.5
//total_mass_shift: 2179.0
//colorstage1: 2 colorstage2: 3
# 92
avgCurve 1.1045234

c 0 12.006832
p 0 187 63.973553 -0.023586273
p 1 188 63.28097 1.5780678
p 0 189 62.60684 2.0317802
p 1 190 61.946938 8.872955
p 2 191 61.291252 4.1989307
p 3 192 60.645565 0.018152237
p 2 193 60.01089 -0.4853115
p 3 194 59.43129 -0.6518688
p 4 195 58.854702 0.014942169
p 3 196 58.24099 0.008533478
p 4 197 57.6813 -0.01824379
p 5 198 57.19424 0.025426865
p 6 199 56.69195 -7.019043E-4
p 5 200 56.22454 0.09449959
p 4 201 55.762623 -0.04084587
p 3 202 55.3836 0.078416824
p 2 203 55.013393 0.010240555
p 1 204 54.596077 0.07416153
p 0 205 54.3086 -0.22065735
p 0 206 54.04743 -0.18059921
p 1 207 53.899487 0.09737396
p 0 208 53.610558 -0.08771896
p 0 209 53.503117 -0.21949768
p 0 210 53.350784 -0.13066483
p 0 211 53.12648 -0.1526146
p 1 212 52.920033 0.0855484
p 0 213 52.83216 0.12858582
p 1 214 52.758087 -0.0042495728
p 2 215 52.752502 -0.09406471
p 3 216 52.607 0.07249832
p 3 217 52.45055 -0.028129578
p 2 218 52.40829 -0.07137108
p 2 219 52.292046 -0.063755035
p 1 220 52.28818 -0.03432846
p 1 221 52.239418 -0.0630188
p 0 222 52.153362 0.11242676
p 0 223 52.08314 -0.015071869
p 0 224 52.08314 0.10561371
p 1 225 51.994858 0.09125519
p 2 226 51.994858 -0.06350899
p 2 227 51.96672 -0.08591461
p 1 228 51.96672 -0.05361557

c 1 38.98872
p 0 187 63.973553 0.33325958
p 1 186 64.66733 5.4628754
p 2 185 65.33752 4.6740303
p 3 184 65.99704 10.160942
p 4 183 66.64929 2.1178932
p 3 182 67.30525 1.2916679
p 4 181 68.1043 3.6324577
p 3 180 68.68584 1.3014145
p 4 179 69.35102 8.854218
p 5 178 70.027016 10.220497
p 6 177 70.70021 8.180008
p 7 176 71.528885 0.07619476
p 6 175 72.22081 4.6197777
p 7 174 72.86505 0.49167252
p 6 173 73.56337 2.2682762
p 7 172 74.28905 2.0012932
p 8 171 75.0696 2.4447327
p 9 170 75.88667 4.311981
p 10 169 77.930244 8.669903
p 11 168 78.759766 9.072586
p 12 167 79.510025 5.4475365
p 13 166 80.260506 3.9294167
p 13 165 80.9802 5.0395584
p 14 164 81.60443 0.47843933
p 13 163 82.18791 0.63007355
p 12 162 82.7717 0.28907013
p 13 161 83.33412 1.2249184
p 12 160 83.90237 2.3098907
p 13 159 84.53576 -1.1241608
p 12 158 85.181946 0.8160858
p 13 157 85.82243 -3.500187
p 14 156 86.64522 -3.0010948
p 13 155 88.04586 2.831398
p 14 154 88.97058 -4.3633766
p 15 153 89.58203 0.26747894
p 14 152 90.42489 -8.457607
p 13 151 91.22661 -10.296574
p 12 150 92.25011 -7.128483
p 11 149 93.77374 -9.643414
p 10 148 96.21245 -9.895733
p 9 147 100.578575 -5.7029724
p 8 146 102.96227 -4.331108

c 2 1.2638626
p 2 44 52.9344 0.059436798
p 3 43 52.89348 -0.05518341
p 3 42 52.831055 -0.040302277
p 3 41 52.75424 -0.12204552
p 4 40 52.659214 -0.007892609
p 4 39 52.61341 0.088027954
p 5 38 52.448395 -0.19029236
p 6 37 52.418682 0.0668354
p 5 36 52.39237 -0.05398941
p 6 35 52.328205 -0.16982079
p 7 34 52.31249 -0.12770653
p 8 33 52.276714 0.024801254
p 7 32 52.14079 -0.071891785
p 6 31 52.12904 -0.04793358
p 5 30 52.11262 -0.026872635
p 6 29 52.057423 -0.035850525
p 6 28 52.04816 -0.04363823
p 5 27 52.00055 0.05343628
p 6 26 51.9256 -0.08637428
p 7 25 51.86493 -0.09775543
p 8 24 51.806538 -0.1051712
p 7 23 51.806538 0.035806656
p 7 22 51.72587 -0.08187866
p 8 21 51.70036 -0.19256592
p 7 20 51.670536 -0.015808105
p 8 19 51.670536 -0.22608376

c 3 1.0370216
p 3 243 51.58549 -0.016683578
p 4 242 51.58549 -0.08345604
p 5 241 51.62231 -0.06439972
p 5 240 51.666748 -0.015789032
p 6 239 51.724503 -0.0036716461
p 6 238 51.725685 -0.1007576
p 7 237 51.76418 0.017885208
p 6 236 51.805336 0.011442184
p 7 235 51.844143 0.014802933
p 8 234 51.844143 -0.15641022
p 9 233 51.87096 -0.045949936
p 10 233 51.87096 -0.023170471
p 11 232 51.91462 0.0050411224
p 10 231 51.947758 -0.027648926
p 11 230 51.95718 -0.07171059
p 11 229 51.95718 -0.033668518
p 10 228 51.967377 -0.08161545
p 9 228 52.004555 -0.020740509
p 8 227 52.011566 -0.086977005
p 8 226 52.09635 -0.081949234
p 9 225 52.110573 0.009273529
p 8 224 52.110573 -0.07230759
p 9 223 52.154037 3.8337708E-4
p 10 222 52.18877 -0.20288849
p 11 221 52.284504 -0.091371536
p 11 220 52.378838 0.011602402
p 12 219 52.44646 -0.016824722
p 12 218 52.533035 -0.048273087
p 12 217 52.56061 0.059537888
p 13 216 52.622513 -0.003446579

c 4 33.634758
p 6 94 85.29913 2.193447
p 7 93 84.63751 1.7692261
p 7 92 84.36575 1.5387383
p 8 91 84.33658 1.9216423
p 9 90 81.59677 0.36888885
p 10 89 80.70077 2.2135544
p 9 88 79.62111 3.3974724
p 10 87 78.49347 6.322674
p 10 86 77.64063 0.6647301
p 11 85 76.689896 -1.2206268
p 12 84 76.342545 1.2651443
p 11 83 76.06333 3.3060875
p 10 82 75.7383 0.6964302
p 10 81 71.665085 -0.87138367
p 9 80 70.79086 1.9127312
p 10 79 70.173325 -0.32476807
p 11 78 69.37023 -0.3849907
p 12 77 68.42566 -2.9099083
p 11 76 67.49127 4.3580894
p 12 75 66.81045 2.2710114
p 11 74 66.124115 2.1230087
p 10 73 65.5248 2.4101562
p 9 72 64.74993 0.07753372
p 8 71 64.269325 -0.6949043
p 9 70 63.712337 0.5027733
p 10 69 63.070698 3.6425667
p 11 68 62.40652 4.4490166
p 12 67 61.733906 5.2678795
p 13 66 61.035328 3.456644
p 14 65 60.343884 1.2500381
p 15 64 59.76594 -0.325037
p 16 63 59.254734 0.3351326
p 17 62 58.680542 -0.103406906
p 18 61 58.127846 -0.06567001
p 19 60 57.751328 0.19567871
p 20 59 57.22516 0.056362152
p 21 58 56.70095 -0.044977188
p 20 57 56.30762 -0.087724686
p 21 56 55.86021 0.02986908
p 20 55 55.45705 -0.019342422
p 20 54 55.068195 -0.116291046
p 20 53 54.717075 -0.087415695
p 21 52 54.37594 0.06715584
p 20 51 54.07457 -0.1037941
p 19 50 53.889496 0.06955528
p 18 49 53.673016 -0.059577942
p 18 48 53.49353 -0.084739685
p 18 47 53.267563 0.07599068
p 18 46 53.251175 0.065042496
p 19 45 53.081276 -0.034872055
p 20 44 52.9821 0.003583908
p 21 43 52.973694 -0.036323547
p 22 43 52.878258 0.0029964447
p 23 42 52.87602 0.17126083
p 22 41 52.682133 -0.15572739
p 23 40 52.68169 0.07987785
p 24 39 52.591618 -0.059797287
p 24 38 52.52021 -0.033102036
p 24 37 52.475925 -0.06018257
p 24 36 52.397346 -0.016588211
p 23 35 52.38915 -0.10617828
p 23 34 52.34119 -0.05070877
p 24 33 52.282665 -0.113657
p 23 32 52.23853 -0.09136391
p 22 31 52.121193 -0.13194466
p 21 30 52.099926 0.053876877
p 22 29 52.07148 -0.04699707
p 23 28 52.04663 -0.06509018
p 23 27 51.961952 -0.08056831
p 22 26 51.916782 -0.010246277
p 22 25 51.908455 -0.08788681
p 22 24 51.89525 0.015329361
p 21 23 51.802223 -0.14042091
p 20 22 51.797127 0.09385109
p 21 21 51.728344 -0.06170845
p 22 20 51.707634 0.034057617
p 21 19 51.68621 -0.020767212
p 22 18 51.664375 -1.5068054E-4
p 23 18 51.664375 -0.022773743

c 5 17.1717
p 6 94 85.29913 -0.40933228
p 7 95 85.981064 0.5035553
p 6 96 86.99755 -5.2462463
p 7 97 88.291794 -6.464821
p 8 98 89.682945 -2.5575294
p 9 99 90.860954 -0.5222931
p 10 100 92.71079 -2.2927055
p 11 101 95.272095 0.062828064
p 11 102 97.303925 0.07709122
p 12 103 98.334816 1.4660149
p 13 104 99.02416 1.8735275
p 14 105 99.94697 -0.3386116
p 13 106 101.06478 -1.0645752
p 14 107 101.75084 -0.7295761
p 15 108 102.47083 0.32390213

c 6 0.788887
p 9 36 52.36453 -0.092453
p 10 35 52.36453 -0.09840584
p 11 34 52.314224 -0.09898567
p 10 33 52.223812 -0.07009506
p 10 32 52.223812 -0.08083725
p 11 31 52.189667 -0.08348274
p 12 30 52.173916 0.0027103424
p 12 29 52.098045 -0.094343185
p 12 28 51.96809 -0.014253616
p 12 27 51.937576 -0.02982521
p 11 26 51.927406 -0.0065631866
p 10 25 51.84906 -0.030345917
p 10 24 51.813057 -0.11170387
p 11 23 51.811306 0.042678833
p 10 22 51.781044 -0.04026985
p 11 21 51.709965 0.0060138702
p 11 20 51.69742 0.08856392
p 11 19 51.69601 -0.055728912
p 12 18 51.69601 0.022806168
p 12 17 51.615234 -0.05095291
p 11 16 51.59557 -0.10661125
p 11 15 51.57564 -0.0062847137
p 10 15 51.57564 -0.09067726

c 7 21.362297
p 14 165 80.980774 2.1643944
p 15 164 81.670456 -0.060173035
p 16 163 82.37136 -3.1653442
p 17 162 83.019966 -3.7329865
p 18 161 83.62101 -2.457901
p 19 160 84.116455 -2.1280708
p 20 159 84.81078 -0.9189873
p 21 158 85.50806 -1.4962311
p 22 157 86.092316 -0.5905533
p 23 156 86.749435 -2.863987
p 22 155 87.46226 2.5928688
p 23 154 88.302635 -1.5054932
p 24 153 89.00163 -3.740097
p 25 152 89.93819 -4.8390617
p 26 151 90.78959 -0.061515808
p 25 150 91.87458 -4.785763
p 24 149 94.12259 -4.5897865
p 23 148 96.36096 -4.1433907
p 22 147 98.13289 -2.2552757
p 23 146 100.019554 -2.1419983
p 24 145 102.34307 0.45680237

c 8 15.288647
p 17 74 66.932816 -1.2322273
p 18 73 66.12614 0.62903976
p 19 72 65.343285 0.412426
p 20 71 64.8657 -0.67448044
p 21 70 64.30794 1.6868935
p 20 69 62.806984 -0.55025864
p 19 68 62.216583 1.0794182
p 18 67 61.635075 -3.5264626
p 19 66 60.880417 1.2756805
p 20 65 60.283543 3.3561573
p 21 64 59.73445 4.7859097
p 22 63 59.17889 4.4202404
p 23 62 58.619587 0.2719612
p 24 61 58.022163 0.06419182
p 25 60 57.563995 -0.03221512
p 24 59 57.108967 -0.07507515
p 25 58 56.63833 -0.16731453
p 26 57 56.211597 -0.053922653
p 27 56 55.790134 0.02549553
p 26 55 55.38913 -0.060045242
p 26 54 55.063286 0.018001556
p 26 53 54.75299 0.01026535
p 27 52 54.391293 -0.14528847
p 27 51 54.130093 -0.017662048
p 27 50 53.92625 -0.0069026947
p 26 49 53.75651 -0.10942268
p 25 48 53.574883 -0.009435654
p 25 47 53.402863 -0.010164261
p 25 46 53.323105 -0.041460037
p 26 45 53.14781 -0.029815674
p 26 44 53.01352 -0.11612129
p 27 43 52.93656 -0.046352386
p 28 42 52.839607 0.0033435822
p 27 41 52.710075 -0.09987831
p 27 40 52.710075 0.14488411
p 26 39 52.601692 -0.050426483
p 27 38 52.56497 -0.018341064
p 28 37 52.488716 -0.043102264
p 28 36 52.440292 -0.043949127
p 27 35 52.38565 -0.04850769
p 28 34 52.34349 0.014736176
p 27 33 52.270267 -0.06954765
p 28 32 52.183517 -0.0017261505
p 27 31 52.155293 -0.05999756
p 26 30 52.0413 -0.112895966
p 27 29 52.00703 0.07113075
p 26 28 51.97808 -0.017692566
p 26 27 51.960285 -0.10774994
p 25 26 51.93589 -0.008136749
p 24 25 51.908733 -0.11918831
p 25 24 51.90564 -0.011793137
p 26 23 51.843975 -0.0656147
p 27 22 51.80688 0.10036659
p 26 21 51.700565 -0.0340271
p 25 20 51.67456 0.028181076
p 26 19 51.67456 -0.0013751984
p 26 18 51.673183 -0.033540726
p 25 17 51.671143 -0.2167778
p 24 16 51.671143 0.02627945
p 24 15 51.64417 -0.090063095
p 25 14 51.64417 -0.10691643

c 9 15.697277
p 19 181 67.40037 3.9064636
p 20 182 66.90054 1.9555702
p 21 183 66.54903 3.294918
p 22 184 65.966446 -0.44532013
p 23 185 65.56605 6.880089
p 23 186 65.4122 6.2090187
p 23 187 62.31483 1.7604866
p 24 188 61.05769 3.4729233
p 23 189 60.35077 5.2368965
p 24 190 59.663406 5.745577
p 25 191 58.988064 0.100292206
p 24 192 58.398098 2.6611443
p 25 193 57.95977 0.15630913
p 24 194 57.550407 0.06536484
p 25 195 57.091656 -0.20084381
p 26 196 56.802742 0.14769554
p 25 197 56.190376 -0.06874466
p 25 198 55.83876 -0.020088196
p 25 199 55.582508 -0.04622841
p 25 200 55.303936 -0.07314682
p 26 201 55.07379 0.07786369
p 26 202 54.732353 0.045679092
p 26 203 54.57345 -0.019500732
p 27 204 54.32755 -0.092365265
p 28 205 54.179413 -0.1514206
p 29 206 53.992405 0.03599739
p 30 207 53.73215 -0.090883255
p 30 208 53.668983 0.028238297
p 29 209 53.422546 0.020456314
p 29 210 53.384148 0.056562424
p 28 211 53.19048 -0.041706085
p 29 212 53.091873 -0.019340515
p 29 213 52.859142 -0.14248276
p 28 214 52.859142 -0.050727844
p 27 215 52.748974 -0.0753994
p 28 216 52.58071 -0.0050640106
p 27 217 52.58071 -0.03378105
p 27 218 52.565063 0.0018482208
p 26 219 52.490307 -3.6239624E-4
p 26 220 52.414303 -0.0033397675
p 25 221 52.362564 0.027511597
p 26 222 52.282234 -0.01411438
p 27 223 52.250916 0.0028209686
p 28 224 52.21034 -0.011110306
p 27 225 52.132454 -0.095890045
p 28 226 52.099293 -0.02320671
p 28 227 52.078167 -0.08679199
p 29 228 52.039207 -0.0025100708
p 29 229 51.93786 -0.029449463
p 29 230 51.890926 -0.12135887
p 29 231 51.890926 -0.14459229
p 28 232 51.860615 0.025651932
p 27 233 51.82276 -0.07159996
p 28 234 51.812946 -0.07710457
p 29 234 51.782307 -0.105327606
p 30 235 51.74641 -0.0647316
p 30 236 51.70309 -0.0332489
p 29 236 51.70309 -0.15049362

c 10 0.89886856
p 19 215 52.77377 -0.12956047
p 20 216 52.628494 -0.06378937
p 21 217 52.57526 -0.08345413
p 22 218 52.53639 -0.08340454
p 23 219 52.455086 -0.020626068
p 24 220 52.35878 -0.0984211
p 24 221 52.358177 -0.016012192
p 24 222 52.299698 -0.01922226
p 23 223 52.207893 -0.05731201
p 22 224 52.18648 -0.2139206
p 22 225 52.102444 -0.035131454
p 22 226 52.075497 -0.060619354
p 23 227 52.047245 -0.015932083
p 22 228 51.984478 -0.009305954
p 21 229 51.945347 0.0038719177
p 22 230 51.904564 -0.021785736
p 22 231 51.879093 -0.12270355
p 22 232 51.8749 -0.04833412
p 23 232 51.8749 -0.093839645

c 11 9.514259
p 23 184 65.87905 4.6152077
p 24 183 66.29938 5.5526314
p 25 182 66.81538 4.9729767
p 26 181 67.45701 3.7632065
p 27 180 67.86103 2.9240456
p 27 179 68.54926 4.8316574
p 28 178 69.16153 1.3909721
p 29 177 69.6722 -0.18189621
p 29 176 70.28969 2.3748589
p 30 175 70.89114 1.1073837
p 31 174 71.59465 -3.031105
p 30 173 72.231 3.9929733
p 31 172 72.794044 -1.2659111
p 32 171 73.69149 -0.84225845
p 31 170 74.50518 -3.3680954
p 30 169 75.39331 -3.1960793

c 12 4.802353
p 30 18 51.69649 -0.083833694
p 31 18 51.69649 -0.017007828
p 31 19 51.722076 -0.09967995
p 31 20 51.788837 -0.023611069
p 31 21 51.799652 -0.08878517
p 32 22 51.84961 -0.00223732
p 31 23 51.85944 6.866455E-5
p 32 24 51.907738 -0.14447594
p 32 25 51.93039 0.022878647
p 33 26 51.93039 -0.12443924
p 33 27 51.998566 -0.081674576
p 34 28 52.008667 -0.07444382
p 34 29 52.07518 -0.01615715
p 35 30 52.10431 0.024253845
p 36 31 52.168312 -0.08729935
p 37 32 52.19341 -0.061548233
p 37 33 52.240265 -0.148983
p 36 34 52.317665 -0.03967285
p 37 35 52.36897 -0.050056458
p 37 36 52.40309 -0.12346077
p 36 37 52.505222 -0.00740242
p 35 38 52.60092 -0.042268753
p 34 39 52.649796 -0.12420845
p 35 40 52.803696 -0.12899971
p 35 41 52.805603 -0.22973824
p 34 42 52.86894 0.08233261
p 35 43 52.961895 0.06946564
p 36 44 53.02402 -0.025562286
p 35 45 53.167778 -0.058115005
p 35 46 53.34128 0.008453369
p 34 47 53.468746 -0.022758484
p 34 48 53.636288 -0.053171158
p 35 49 53.742764 -0.056690216
p 35 50 53.89443 -0.049814224
p 35 51 54.154224 0.14310837
p 36 52 54.364975 -0.031080246
p 36 53 54.68591 0.15490723
p 35 54 54.942814 -0.069070816
p 34 55 55.371452 0.015861511
p 33 56 55.731403 -0.01900673
p 32 57 56.01782 -0.15860558
p 31 58 56.498844 -0.08454132

c 13 33.045345
p 30 97 85.42351 -0.65639114
p 31 96 84.83603 -0.6572418
p 32 95 84.26485 -0.0038490295
p 33 94 83.492714 2.142643
p 34 93 82.89243 5.117012
p 35 92 82.36191 3.992096
p 36 91 81.67551 3.2888832
p 37 90 81.104126 4.8705673
p 38 89 80.51936 4.177788
p 39 88 79.91026 0.96101
p 39 87 79.31829 4.982746
p 40 86 78.926865 4.3784256
p 41 85 78.443924 5.148144
p 41 84 77.83037 4.3033943
p 42 83 77.028854 7.4157867
p 43 82 76.194786 6.9749565
p 44 81 75.34689 -1.9451675
p 43 80 74.151474 -0.5930252
p 44 79 72.51889 -4.4928284
p 45 78 70.87286 -4.245186
p 46 77 69.0236 -0.9408531
p 47 76 68.202 3.4627228
p 46 75 67.4895 6.6106415
p 45 74 66.771736 -1.2114868
p 46 73 66.0729 2.429287
p 45 72 65.41913 3.4061775
p 44 71 64.56998 7.2017365
p 43 70 63.90569 3.5386658
p 44 69 63.242355 -1.1723328
p 43 68 62.578876 0.48659515
p 44 67 61.918465 -0.018911362
p 45 66 61.26484 -0.46230698
p 46 65 60.61681 -0.5531082
p 47 64 59.95532 0.99832344
p 48 63 59.28798 0.43504524
p 49 62 58.67892 0.0914135
p 50 61 58.1182 -0.045013428
p 51 60 57.598022 -0.052843094
p 52 59 57.113792 0.07140541
p 53 58 56.6662 0.0057468414
p 52 57 56.165718 -0.12785149
p 51 56 55.8395 -0.020771027
p 51 55 55.294083 -0.027889252
p 51 54 55.00392 0.011880875
p 52 53 54.709396 0.0046958923
p 51 52 54.35444 -0.10785866
p 50 51 54.091137 0.16635132
p 51 50 53.84896 -0.039243698
p 52 49 53.720394 -0.109846115
p 53 48 53.631107 -0.06270599
p 52 47 53.455566 -0.11028099
p 53 46 53.3395 -0.17969894
p 54 45 53.22055 0.012233734
p 54 44 53.09076 0.012285233
p 53 43 52.99889 -0.07705116
p 52 42 52.97746 -0.088350296
p 52 41 52.887836 -0.067186356
p 51 40 52.80134 -0.10305023
p 50 39 52.757706 -0.006685257
p 49 38 52.600452 -0.057626724
p 50 37 52.514137 0.026733398
p 51 36 52.453896 -0.03738022
p 51 35 52.378162 -0.053445816
p 52 35 52.378162 -0.04630661

c 14 14.560997
p 30 97 85.42351 0.31098175
p 31 98 86.15496 -5.4200554
p 32 99 86.793434 -4.8735695
p 33 100 87.495605 -2.8621635
p 32 101 88.34602 1.6360626
p 33 102 89.36941 3.6615143
p 32 103 90.467514 -6.584572
p 31 104 91.617485 -8.109039
p 30 105 92.75041 -0.4604988
p 31 106 94.348175 -6.797764
p 32 107 99.984505 -3.343872

c 15 0.51636124
p 38 29 52.049175 -0.10489845
p 39 28 52.03621 0.015701294
p 40 27 51.963314 -0.039621353
p 40 26 51.95942 -0.0094509125
p 41 25 51.915165 -0.042884827
p 40 24 51.89883 -0.099788666
p 41 23 51.81351 -0.121572495
p 42 22 51.805336 -0.07604599
p 43 21 51.763172 -0.08698845
p 44 20 51.763172 0.040683746
p 43 19 51.707375 0.009281158
p 42 18 51.683323 0.032125473
p 43 17 51.661545 -0.09728432
p 43 16 51.661545 -0.096364975
p 43 15 51.65328 -0.07954216
p 42 14 51.635277 -0.032676697
p 43 13 51.591137 -0.07971954
p 44 13 51.532814 -0.053180695
p 45 13 51.532814 -0.07643318

c 16 0.9865036
p 38 29 52.049175 -0.116594315
p 39 30 52.134758 -0.0039787292
p 40 31 52.16744 0.09454346
p 39 32 52.199997 -0.09347153
p 39 33 52.272022 -0.079473495
p 40 34 52.308556 -0.08042908
p 39 35 52.36441 0.0633297
p 40 36 52.36441 -0.021781921
p 41 36 52.41158 -0.001613617
p 42 37 52.432636 -0.12058258
p 43 38 52.58851 -0.017694473
p 44 39 52.599895 -0.17754745
p 43 40 52.728252 -0.13274765
p 42 41 52.85671 -0.16192818
p 41 42 52.959587 -0.098358154
p 42 43 53.03568 -0.0600338

c 17 1.0705147
p 39 212 53.0289 -0.09383011
p 40 212 53.0289 -0.12153435
p 41 213 53.021927 0.004102707
p 41 214 52.930447 -0.10025406
p 40 215 52.780575 -0.19261551
p 41 216 52.68246 -0.0548172
p 42 217 52.60266 -0.08229828
p 43 217 52.544765 -0.0060043335
p 43 218 52.544765 -0.057310104
p 42 219 52.452595 -0.090904236
p 41 220 52.39978 -6.0653687E-4
p 42 221 52.323967 0.03875351
p 43 222 52.293 -0.006708145
p 42 223 52.23248 0.060123444
p 41 224 52.13099 -0.03791809
p 41 225 52.075283 -0.13464165
p 40 226 52.070408 -0.06789017
p 41 227 52.070408 -0.045583725
p 40 228 51.980885 -0.011512756
p 40 229 51.958385 0.043512344
p 41 229 51.958385 -0.042549133

c 18 39.593674
p 39 240 51.63292 0.014238358
p 40 239 51.63292 -0.05138588
p 41 238 51.71042 -0.08411598
p 41 237 51.72595 -0.017383575
p 42 236 51.72737 -0.044254303
p 42 235 51.784214 0.07252121
p 43 234 51.784214 -0.06482315
p 44 233 51.86887 -0.0045986176
p 45 232 51.869595 -0.013996124
p 45 231 51.888596 -0.0643692
p 44 230 51.957382 0.05514908
p 43 229 51.990322 -0.0642643
p 44 228 51.990322 -0.113529205
p 43 227 52.053665 -0.05063057
p 44 226 52.10112 -0.08690071
p 45 225 52.10773 0.029176712
p 46 224 52.14345 -0.06868172
p 46 223 52.19423 -0.115345
p 47 222 52.276802 0.124723434
p 48 221 52.308327 -0.067560196
p 49 220 52.422047 -0.04569435
p 49 219 52.43013 -0.098083496
p 50 218 52.524063 0.043348312
p 50 217 52.56514 -0.05550003
p 51 216 52.68771 -0.066690445
p 52 215 52.735676 -0.077093124
p 51 214 52.819595 0.030057907
p 52 213 52.99302 -0.06011963
p 53 212 53.10467 -0.16223145
p 54 211 53.213276 -0.019441605
p 53 210 53.335304 -0.14448929
p 52 209 53.505875 0.076057434
p 53 208 53.701927 -0.025468826
p 54 207 53.894875 -0.0847702
p 55 206 54.090218 0.017116547
p 56 205 54.208397 -0.052541733
p 57 204 54.415806 0.08598328
p 56 203 54.65505 -0.034837723
p 56 202 54.77913 0.11597061
p 57 201 55.075493 -0.11007118
p 58 200 55.376163 0.10252571
p 57 199 55.606842 -0.26950455
p 56 198 55.992355 -0.16812325
p 55 197 56.3173 -0.23193932
p 54 196 56.666996 -0.09703064
p 53 195 56.946697 0.005376816
p 52 194 57.272484 0.043567657
p 51 193 57.403862 -0.27855682
p 50 192 57.685104 3.1619453
p 49 192 57.972576 1.9685287
p 48 193 58.547527 0.3612728
p 47 192 59.13823 4.614603
p 46 191 59.75509 3.8316917
p 45 190 60.38317 4.279211
p 44 189 61.029312 1.0147285
p 45 188 61.876305 -0.872633
p 44 187 62.568516 1.0732117
p 45 186 63.321964 2.4265785
p 46 185 64.00559 3.3549156
p 47 184 64.78015 4.82275
p 48 183 65.34607 5.4562454
p 49 182 65.98043 -0.27436447
p 48 181 66.6626 6.1284904
p 49 180 67.529335 1.475502
p 50 179 68.27091 5.150406
p 51 178 68.966995 7.5193634
p 52 177 69.632355 4.5305557
p 53 176 70.27743 0.4483986
p 54 175 70.91456 -1.2465286
p 55 174 71.56748 -1.5566826
p 56 173 72.37191 -1.1526451
p 55 172 73.0901 4.800461
p 56 171 73.89881 2.7021675
p 55 170 74.70608 -2.0125427
p 54 169 75.43151 -3.6881142
p 53 168 76.111496 -2.609745
p 54 167 76.80004 -2.2563477
p 55 166 77.57587 -3.7041054
p 56 165 78.22259 -0.7529259
p 55 164 78.89643 1.4954948
p 54 163 79.614685 -1.8474655
p 55 162 80.32509 3.881443
p 54 161 81.02962 0.31290436
p 53 160 81.758415 -1.2863083
p 52 159 82.46333 0.29676056
p 51 158 83.105896 -1.0165749
p 50 157 83.8389 -2.0033646
p 49 156 84.56969 -1.7046814
p 48 155 85.36552 0.2957077
p 49 154 86.05859 -4.379982
p 50 153 86.97035 -0.16246033
p 49 152 88.02963 -9.471134
p 48 151 89.82514 -12.174553
p 47 150 91.22659 -12.661636

c 19 14.01889
p 41 162 82.1723 3.295456
p 42 163 81.030685 1.8333778
p 43 164 79.47455 1.6655617
p 44 165 78.67358 2.1689224
p 45 166 78.16225 4.581913
p 46 167 77.82703 5.918705
p 46 168 77.63332 3.3466415
p 47 169 75.1533 -1.2803154
p 48 170 74.52603 -2.8763885
p 49 171 73.5031 -2.898941
p 50 172 72.772224 -3.8504372
p 49 173 72.01161 0.5935898
p 50 174 71.34174 -4.5944557
p 51 175 70.64656 -3.7652893
p 52 176 69.99391 5.7658577
p 51 177 69.405075 3.6696892
p 50 178 68.80999 1.0366783
p 49 179 68.15341 -0.42222595

c 20 19.060905
p 47 100 87.95793 -0.7891121
p 48 99 86.16252 -2.833786
p 49 98 85.5089 2.1723938
p 48 97 84.81536 1.6555214
p 49 96 84.24761 1.5202293
p 50 95 83.35805 -4.894123
p 49 94 82.4086 -1.7100334
p 50 93 81.781685 -4.633106
p 51 92 80.96696 -5.4225273
p 52 91 80.21982 1.5436172
p 51 90 79.45916 -1.2127151
p 52 89 78.65092 -0.1342926
p 51 88 77.80089 0.1648407
p 50 87 76.85617 0.48020935
p 49 86 75.90016 0.20129776
p 50 85 74.799355 -4.106224
p 49 84 73.92629 3.9602203
p 50 83 73.15097 0.029270172
p 49 82 72.53493 4.170887
p 50 81 71.82573 -0.44709778
p 51 80 71.024414 0.26478577
p 50 79 70.307365 1.9189758
p 49 78 69.601715 3.184616
p 48 77 68.897026 3.1146011

c 21 1.101841
p 48 9 51.521797 -0.13019753
p 48 10 51.521797 0.0115737915
p 49 10 51.537033 -0.11841774
p 50 10 51.558617 0.013706207
p 51 11 51.597683 -0.0075359344
p 51 12 51.597683 -0.11390686
p 51 13 51.60605 -0.006504059
p 51 14 51.625404 0.054210663
p 52 15 51.641396 -0.10305023
p 52 16 51.659546 0.01744461
p 52 17 51.672085 -0.12925339
p 53 18 51.689785 -0.23430061
p 54 19 51.752537 0.0054416656
p 53 20 51.752968 -0.10718727
p 52 21 51.83435 -0.19615555
p 52 22 51.83435 -0.08675957
p 51 23 51.87059 -0.17042923
p 50 24 51.89609 0.03023529
p 50 25 51.89609 -0.035945892
p 49 26 51.91163 0.02076149
p 48 26 51.91163 -0.04767227
p 49 27 51.918255 0.018001556
p 50 28 51.987347 -0.037446976
p 50 29 52.00242 -0.05750847
p 51 30 52.02687 -0.026241302
p 52 29 52.0327 -0.072891235
p 53 29 52.03807 -0.004468918
p 54 29 52.03807 -0.01505661
p 55 29 52.04776 0.04002762
p 56 30 52.199295 -0.014957428
p 57 31 52.251583 -0.10378075
p 58 32 52.287304 0.13199043
p 58 33 52.303135 -0.010971069
p 59 34 52.39893 0.14770508
p 60 35 52.426117 0.082056046
p 61 36 52.459835 -0.17235565
p 62 37 52.570732 0.0022392273
p 63 38 52.62364 -0.052646637
p 64 37 52.513966 -0.00859642
p 64 36 52.502327 0.05683899
p 65 35 52.431187 -0.023836136
p 66 34 52.36452 -0.03114891
p 65 33 52.31137 -0.06489563
p 64 32 52.274677 0.03196335
p 65 31 52.219006 0.05908203
p 65 30 52.18675 -0.0032215118
p 66 29 52.1794 -0.043664932
p 65 28 52.103962 -0.09579086
p 65 27 52.06391 -0.09549904
p 64 26 52.00352 -0.03803444
p 64 25 51.97695 -0.037281036
p 64 24 51.97695 0.11026764
p 63 23 51.9093 -0.08657074
p 64 22 51.82017 -0.032699585
p 63 21 51.76883 -0.10963631
p 62 20 51.767303 -0.0058689117
p 62 19 51.740208 0.021604538
p 63 18 51.701218 -0.0538311
p 63 17 51.62774 -0.036836624
p 63 16 51.62774 0.045610428

c 22 4.2661514
p 55 60 56.906612 -0.070287704
p 56 59 56.705093 0.097263336
p 56 58 56.400608 -0.0043754578
p 57 57 56.062984 -0.10302353
p 57 56 55.633244 -0.028585434
p 58 55 55.26432 -0.2992592
p 59 54 55.087563 0.10134125
p 58 53 54.63753 -0.2199974
p 59 52 54.42336 0.09332657
p 58 51 54.203815 0.019472122
p 59 50 53.92495 -0.070064545
p 58 49 53.779987 0.049280167
p 59 48 53.597992 0.13409615
p 59 47 53.475815 0.012201309
p 59 46 53.276814 -0.09248543
p 58 45 53.223377 0.07481575
p 59 44 53.16006 -0.076833725
p 59 43 53.060368 -0.09226036
p 59 42 52.8805 -0.050426483
p 59 41 52.82167 0.0043125153
p 60 40 52.821484 -0.07707977
p 60 39 52.762005 0.009443283
p 61 38 52.64046 -0.27615356

c 23 0.5135536
p 58 217 52.589794 -0.101415634
p 58 218 52.58877 -0.022254944
p 59 219 52.4986 -0.15995216
p 60 220 52.434486 0.033226013
p 59 221 52.35532 -0.034500122
p 59 222 52.298912 -0.0029277802
p 60 223 52.213406 -0.07196045
p 60 224 52.207924 -0.07901573
p 61 225 52.199154 0.015586853
p 62 226 52.09787 -0.042798996
p 63 226 52.07624 -0.049930573
p 64 226 52.07624 -0.072805405

c 24 3.181076
p 58 217 52.589794 -0.120485306
p 59 216 52.730408 -0.08454895
p 60 215 52.835808 -0.014263153
p 60 214 52.950085 -5.226135E-4
p 60 213 53.03144 -0.086055756
p 61 212 53.159294 -0.05381584
p 61 211 53.25191 -0.092199326
p 60 210 53.363132 -0.042793274
p 61 209 53.528957 0.013301849
p 61 208 53.64465 -0.09341431
p 61 207 53.88959 0.070653915
p 60 206 54.061596 -0.033872604
p 60 205 54.205864 0.0026855469
p 59 204 54.5331 -0.16476822
p 59 203 54.818687 -0.107904434
p 60 202 54.9349 -0.062950134
p 61 201 55.2848 -0.14494896
p 62 200 55.536903 -0.055042267
p 63 199 55.77087 -0.026536942

c 25 5.7748413
p 59 186 61.380676 -3.393093
p 60 187 60.74678 -1.1562614
p 61 188 60.028847 0.48020744
p 60 189 59.44034 6.3603325
p 61 190 58.896896 8.1934185
p 62 191 58.37272 0.09241867
p 61 192 57.8729 0.051956177
p 60 193 57.432537 -0.079135895
p 60 194 57.040447 -0.08194351
p 61 195 56.75867 -0.034736633
p 61 196 56.558296 0.016426086
p 60 197 56.325733 0.0307827
p 59 198 55.96874 -0.08333397
p 59 199 55.605835 -0.07537651

c 26 37.037373
p 62 101 89.36484 0.016204834
p 63 100 88.80422 1.2348099
p 64 99 87.85038 0.44984436
p 65 98 85.72795 -1.9882812
p 66 97 84.73845 -0.15510559
p 67 96 83.718185 0.9005585
p 68 95 82.55537 -2.4334145
p 67 94 81.4808 2.34972
p 68 93 80.62532 0.62332916
p 69 92 80.10628 -3.9844208
p 70 91 78.89048 -4.1217194
p 71 90 78.09942 2.3813324
p 70 89 77.53332 0.73049545
p 69 88 76.73093 0.38005447
p 70 87 76.11483 2.9678688
p 69 86 75.50458 3.2951393
p 68 85 74.66068 2.2766
p 67 84 73.85246 -0.7986336
p 66 83 73.14763 2.4345589
p 67 82 72.06707 4.8044357
p 66 81 71.39595 0.16089249
p 67 80 70.70404 2.7477112
p 68 79 69.966835 -3.2104645
p 67 78 69.17488 9.771839
p 68 77 68.38851 3.882103
p 69 76 67.62816 0.018939972
p 68 75 66.85129 4.105133
p 69 74 66.24114 5.026615
p 70 73 65.35463 8.469929
p 71 72 64.657555 4.581608
p 72 71 64.02935 -0.5595741
p 73 70 63.4219 -1.2348251
p 72 69 62.887848 3.9821167
p 73 68 62.12571 -0.34556198
p 74 67 61.59232 -3.1100998
p 73 66 60.801163 6.433073
p 74 65 60.165775 3.1789246
p 75 64 59.5243 2.040823
p 76 63 58.923508 1.1714935
p 77 62 58.360054 0.18779755
p 78 61 57.76861 -0.11255455
p 77 60 57.39817 0.04346466
p 76 59 56.96608 -0.078300476
p 75 58 56.52007 0.0039749146
p 76 57 55.992207 -0.057661057
p 77 56 55.578217 0.101018906
p 76 55 55.309772 0.10353851
p 77 54 54.946007 -0.13589287
p 76 53 54.82324 -0.08687782
p 76 52 54.5671 -0.09026909
p 77 51 54.34431 -0.032791138
p 76 50 54.225143 -0.0018234253
p 75 49 53.992313 -0.020593643
p 74 48 53.73061 -0.11921501
p 73 47 53.63362 -0.2167244
p 72 46 53.53359 0.064151764
p 71 45 53.364525 -0.11831093
p 72 44 53.16292 -0.04868126
p 71 43 52.995132 0.039110184
p 71 42 52.92799 -0.018770218
p 71 41 52.884666 -0.089292526
p 71 40 52.81922 -0.09834671
p 70 39 52.691216 -0.007490158
p 70 38 52.660034 -0.023965836
p 69 37 52.607635 -0.044101715
p 68 36 52.46511 -0.058462143
p 69 35 52.40915 -0.09648514
p 70 34 52.380924 0.04708481
p 71 33 52.345272 -0.06839752
p 72 33 52.327465 -0.083452225
p 73 33 52.327465 -0.01546669

c 27 1.1362267
p 64 236 51.767323 -0.13049316
p 65 235 51.825836 -0.058086395
p 66 234 51.832447 0.021032333
p 65 233 51.854027 -0.07466507
p 66 232 51.903183 -0.008497238
p 65 231 51.930496 -0.04866028
p 66 230 51.930496 -0.060293198
p 67 229 51.933895 -0.014556885
p 67 228 52.041492 0.09348488
p 68 227 52.041492 -0.13681793
p 68 226 52.041573 -0.086265564
p 69 225 52.065037 -0.024492264
p 68 224 52.20435 0.08808899
p 69 223 52.2307 -0.13722229
p 68 222 52.338936 0.08388138
p 67 221 52.464966 0.022994995
p 66 220 52.522903 -0.033554077
p 65 219 52.582314 0.018421173
p 66 218 52.5851 -0.10340881
p 66 217 52.676422 -0.06517601
p 66 216 52.863 0.018548965
p 67 215 52.90355 0.0010948181

c 28 31.903114
p 65 157 84.1448 -7.7422104
p 66 158 83.24659 -7.398464
p 67 159 82.55689 -7.6137314
p 68 160 81.86153 -5.62405
p 69 161 81.221695 -1.2670822
p 68 162 80.50261 1.7973747
p 69 163 79.821304 -0.30892563
p 68 164 79.18585 -1.244667
p 67 165 78.50341 4.936878
p 68 166 77.85807 5.1646767
p 69 167 77.184456 4.418293
p 70 168 76.48516 5.6653137
p 71 169 75.8852 5.932617
p 72 170 75.29035 5.2933273
p 73 171 74.540474 3.171898
p 74 172 73.871765 3.2342224
p 75 173 73.21525 4.285679
p 76 174 72.611206 -0.038074493
p 75 175 72.07624 1.6041679
p 76 176 71.38521 5.80978
p 77 177 70.778336 6.646431
p 78 178 70.16892 8.330448
p 79 179 69.563705 7.502804
p 80 180 68.94654 1.7607956
p 79 181 68.28379 6.3193398
p 80 182 67.57164 10.669914
p 81 183 66.85342 8.682198
p 82 184 66.175415 4.9962463
p 83 185 65.546524 2.7703476
p 84 186 64.88675 1.4716492
p 83 187 63.825172 -3.1307182
p 84 188 63.15667 2.150154
p 85 189 62.48319 -1.0674438
p 84 190 61.952724 3.3663654
p 85 191 61.31905 2.5501747
p 86 192 60.703693 0.59292793
p 87 193 60.08734 7.4386597E-4
p 88 192 59.44542 -0.35834122
p 89 193 59.03291 -0.51813126
p 90 194 58.58873 -0.5184059
p 91 195 58.395397 -0.26157188
p 92 196 58.126217 -0.13781929
p 93 197 57.580914 -0.11148262
p 94 198 57.08702 -0.019411087
p 95 199 56.695114 0.08542633
p 96 200 56.144638 -0.09384537
p 97 201 55.66805 -0.052131653
p 98 202 55.393673 -8.087158E-4
p 99 203 54.99126 0.065006256
p 100 204 54.561764 -0.021215439
p 100 205 54.244247 -0.047138214
p 101 206 54.00684 0.123090744
p 102 207 53.801136 0.049663544
p 103 208 53.617332 0.0075321198
p 102 209 53.398228 -0.08107376
p 103 210 53.24927 -0.073638916
p 103 211 53.211365 -0.031749725
p 102 212 53.041317 0.02645111
p 102 213 52.92725 -0.057357788
p 101 214 52.862637 0.0062561035
p 101 215 52.83499 -0.055231094
p 102 216 52.81652 -0.0792675
p 103 217 52.76326 0.033618927
p 104 218 52.60379 -0.09374428
p 103 219 52.538475 -0.05157852
p 104 220 52.48811 -0.002002716
p 103 221 52.36761 -0.11347389
p 102 222 52.31512 -0.015581131
p 102 223 52.241684 -0.0024776459
p 102 224 52.241684 -0.0994606

c 29 20.323349
p 66 149 93.521126 -0.79719543
p 67 150 92.77547 -0.41444016
p 68 151 92.23101 2.3233147
p 68 152 91.9463 -2.5694885
p 69 153 88.783936 -5.367279
p 70 154 87.756874 -5.904335
p 71 155 86.91166 -5.1121216
p 72 156 86.170555 -3.7056465
p 73 157 85.62005 -3.3650093
p 74 158 85.098236 -1.905098
p 75 159 84.513596 -0.31352234
p 76 160 83.930954 0.7779312
p 75 161 83.337776 2.9364052
p 76 162 82.7548 3.548439
p 77 163 82.13191 1.6965141
p 78 164 81.542336 2.4609299
p 79 165 80.92739 -0.113349915
p 78 166 80.35166 1.0238991
p 79 167 79.862434 1.747551
p 80 168 79.36766 0.9660263
p 79 169 76.1171 1.1620064
p 79 170 75.35511 3.3934555
p 79 171 74.48633 7.6307793
p 78 172 73.83006 3.89991
p 77 173 73.19778 1.787754

c 30 1.2748566
p 72 211 53.24122 -0.036499023
p 72 212 53.15978 -0.057300568
p 73 213 53.05257 -0.0060329437
p 74 214 52.845127 0.04793167
p 75 214 52.819023 -0.0030078888
p 76 215 52.819023 -0.008686066
p 77 216 52.770866 0.03762245
p 77 217 52.69501 -0.036502838
p 78 218 52.69501 0.09797859
p 79 219 52.517754 0.066999435
p 79 220 52.424942 0.019990921
p 80 221 52.383854 -0.110551834
p 81 222 52.316437 -0.062208176
p 80 223 52.27527 0.037334442
p 80 224 52.175686 -0.02148819
p 81 225 52.146572 -0.086042404
p 80 226 52.104492 -0.021945953
p 80 227 51.973797 -0.1419468
p 80 228 51.973797 -0.04789734
p 81 229 51.966362 0.0128211975
p 80 229 51.966362 -0.04550171

c 31 10.201382
p 77 73 64.79465 -1.0161324
p 78 72 64.13019 1.0309334
p 79 71 63.448242 2.1786537
p 80 70 62.95972 5.254181
p 81 69 62.197834 -2.169464
p 80 68 61.462105 3.7716217
p 81 67 60.890957 2.102047
p 82 66 60.31381 -0.4439926
p 81 65 59.714832 3.041542
p 80 64 59.06032 -0.22385788
p 80 63 58.632633 -0.06964111
p 81 62 58.128925 0.07917404
p 82 61 57.635212 -0.2247467
p 83 60 57.158623 -0.119283676
p 83 59 56.878227 -0.1946106
p 82 58 56.44667 -0.033964157
p 81 57 56.04275 -0.045648575
p 81 56 55.62894 -0.041814804
p 80 55 55.34236 -0.055171967
p 80 54 55.11187 -0.08024597
p 79 53 54.910854 0.055130005
p 78 52 54.593266 -0.094623566

c 32 18.33039
p 77 159 84.29153 0.0021514893
p 78 158 86.08189 -0.13440704
p 79 157 88.61812 0.495533
p 80 156 89.30887 0.5726738
p 81 155 89.794136 -1.8972511
p 82 154 90.23806 0.7515526
p 82 153 90.66361 -3.4332275E-5
p 83 152 91.147964 -1.2689857
p 84 151 91.75247 -0.82600784
p 85 150 92.57089 -0.43003845
p 86 149 93.55291 -0.10084534
p 85 148 94.67417 -0.88819885
p 84 147 95.544266 -1.150383
p 83 148 96.46923 -1.4530411
p 82 147 97.12216 -2.2395287
p 81 146 97.90161 -2.2394981
p 80 145 99.83178 0.24902725
p 81 144 100.264725 0.8771324
p 80 143 100.84398 0.4267273
p 81 142 101.779465 -0.8765373
p 82 141 102.62192 -0.63986206

c 33 6.1043243
p 79 166 80.410774 0.031002045
p 80 165 81.09964 -0.035087585
p 81 164 81.75114 -2.5746307
p 82 163 82.355064 -3.4387932
p 83 162 82.93222 -1.4451103
p 84 161 83.51439 -1.923542
p 83 160 84.09817 -0.013771057
p 84 159 84.67243 -3.2302246
p 85 158 85.332 -3.800541
p 86 157 85.93733 -5.23962
p 87 156 86.5151 -6.32362

c 34 32.50356
p 82 95 84.096016 3.3563423
p 83 94 83.31228 3.1433868
p 84 93 82.26558 1.9377632
p 85 92 81.670685 3.9229774
p 86 91 80.87652 -1.6461487
p 85 90 80.13895 3.7395363
p 86 89 79.344315 2.947441
p 87 88 78.59423 3.5863342
p 88 87 77.88216 3.4895134
p 89 86 77.351746 4.1572227
p 90 85 76.74724 4.019539
p 91 84 76.008125 2.9217796
p 92 83 75.353424 2.2392883
p 93 82 74.6988 2.6685143
p 94 81 74.04476 4.1971626
p 95 80 73.404434 8.468967
p 96 79 72.87057 6.6894035
p 97 78 72.39015 6.6922607
p 98 77 71.23062 5.2954826
p 99 76 70.53257 4.820923
p 100 75 69.8119 3.2106476
p 101 74 69.148735 1.7217598
p 102 74 68.53212 3.2836037
p 103 73 67.819824 3.6274643
p 104 72 66.97931 1.4406013
p 105 71 66.32355 -2.313755
p 106 70 65.678734 -2.8028603
p 107 69 64.98531 0.5711098
p 108 68 64.34223 6.3742447
p 109 67 63.7219 2.7141266
p 110 66 63.08203 0.043325424
p 111 65 62.38039 -0.285923
p 112 64 61.75099 0.21598434
p 113 63 61.116474 0.0075569153
p 114 64 60.471325 0.7770386
p 115 63 60.045692 1.5162144
p 116 62 59.57939 -0.13805771
p 117 61 59.125156 -0.5481205
p 118 60 58.576393 -0.52054596
p 119 59 58.19123 -0.34914017
p 120 58 57.732162 -0.14345932
p 121 57 57.364902 0.011915207
p 122 56 56.974796 -0.119968414
p 123 55 56.59927 -0.03807068
p 123 54 56.030228 -0.15885735
p 122 53 55.64082 -0.029220581
p 122 52 55.190548 -0.2418766
p 123 51 54.892223 -0.05680847
p 123 50 54.59228 -0.1848507
p 122 49 54.3059 -0.038755417
p 122 48 54.09411 -0.060544968
p 122 47 53.914265 -0.09443474
p 122 46 53.68764 -0.008939743
p 122 45 53.611237 -0.022411346
p 122 44 53.477146 -0.01376915
p 123 43 53.26952 0.027246475
p 123 42 53.103672 -0.008354187
p 122 41 52.949738 -0.034215927
p 123 40 52.929726 -0.07735062
p 123 39 52.789204 0.022842407
p 122 38 52.703804 -0.017429352
p 122 37 52.64886 0.016756058
p 121 36 52.58754 -0.028810501
p 120 35 52.542225 -0.03586006
p 119 34 52.463837 -0.04442978
p 120 33 52.411114 0.028038025
p 119 32 52.353382 -0.153471
p 118 31 52.337162 -0.06012726
p 117 30 52.323563 -0.046943665
p 117 29 52.23563 -0.053337097
p 118 28 52.169193 -0.13471603
p 118 27 52.153324 -0.123672485
p 117 26 52.153324 0.07512283
p 118 25 52.034878 -0.038074493
p 117 24 51.982414 -0.09567642
p 116 23 51.982414 0.077661514
p 115 22 51.863422 -0.14613914
p 115 21 51.863422 -0.050159454
p 116 20 51.79736 -0.062200546
p 117 19 51.79736 -0.03027916
p 118 18 51.79383 -0.1133461
p 119 17 51.773018 0.019971848
p 119 16 51.74993 -0.06795311
p 120 15 51.71136 -0.04404831
p 121 14 51.676888 -0.005887985
p 121 13 51.673313 -0.037054062
p 122 12 51.617283 -0.036884308
p 122 11 51.617283 0.046360016
p 121 10 51.592457 0.008865356
p 121 9 51.592457 -0.0010471344

c 35 32.968254
p 82 114 102.156586 -0.7116051
p 83 113 99.59511 -3.5177727
p 84 112 98.3726 -3.392437
p 85 111 97.24962 -4.0356255
p 86 110 95.768684 -5.5156403
p 87 109 94.9792 -5.7086754
p 88 108 93.79795 -6.4842415
p 89 107 93.068 -7.3018074
p 90 106 92.098724 -8.056004
p 91 105 91.237305 -8.037445
p 92 104 90.24166 -3.2711601
p 91 103 89.3338 -1.4374809
p 92 102 88.4871 -7.531666
p 93 101 87.69412 -7.1312714
p 94 100 86.91222 -4.3195457
p 95 99 86.10606 -6.645607
p 96 98 85.236176 -7.348755
p 97 97 84.42633 -8.480186
p 98 96 83.575966 -7.9581833
p 99 95 82.80226 -5.2253036
p 100 94 81.91109 -0.056056976
p 101 93 81.2435 -2.7944527
p 102 92 80.65429 -1.9824905
p 103 91 80.09788 -3.3092728
p 104 90 79.42872 -3.2730904
p 105 89 78.64244 -2.7405968
p 106 88 77.9215 -3.1893616
p 105 87 77.24215 -2.6013641
p 104 86 76.58796 -1.0474434
p 103 85 75.94668 3.679657
p 104 84 75.26128 -2.7117996
p 103 83 74.50109 3.5627747
p 104 82 73.7468 0.45616913
p 105 81 73.12256 0.33306885
p 106 80 72.50932 1.1821785
p 107 79 71.83289 -6.1688385
p 106 78 71.07542 -2.3981514
p 105 77 70.444 -2.1351242
p 104 76 69.82019 0.32452774
p 103 75 69.18833 0.87939835

c 36 1.0559044
p 83 38 52.709026 -0.07299805
p 84 37 52.633434 -0.17210197
p 85 36 52.535675 -0.08433914
p 85 35 52.397984 -0.12840462
p 86 34 52.397984 -0.016267776
p 86 33 52.340103 -0.11203575
p 86 32 52.326565 -0.16886139
p 87 31 52.326565 0.0776062
p 87 30 52.28632 -0.16231728
p 86 29 52.28632 -0.08257294
p 85 28 52.17698 -0.08925438
p 84 27 52.150402 -0.09566498
p 84 26 52.038895 -0.120119095
p 85 25 52.038895 0.11467934
p 84 24 51.966496 -0.07672119
p 85 23 51.966496 0.05184555
p 85 22 51.95462 -0.08208656
p 85 21 51.894817 -0.10271263
p 86 20 51.867725 0.01637268
p 87 19 51.83273 -0.014503479
p 88 18 51.77521 -0.033937454
p 87 17 51.739788 -0.06924248
p 87 16 51.736645 -0.017726898
p 88 15 51.69254 -0.19254875
p 89 14 51.689102 0.0030879974
p 89 13 51.689102 0.10357094
p 89 12 51.653122 -0.081560135
p 89 11 51.653122 -0.028848648

c 37 4.69833
p 83 38 52.709026 -8.1062317E-4
p 83 39 52.761913 -0.03670311
p 84 40 52.906067 -0.13288498
p 84 41 52.977867 -0.0096588135
p 84 42 52.977867 0.00976181
p 84 43 53.066757 0.03422737
p 84 44 53.266876 0.106557846
p 83 45 53.39358 -0.0882225
p 83 46 53.508926 0.061820984
p 83 47 53.7915 0.07463646
p 84 48 53.94091 -0.07473183
p 83 49 54.15397 -0.024402618
p 83 50 54.411053 0.07214546
p 84 51 54.570843 0.05288315
p 85 52 54.88836 0.050336838
p 86 53 55.147507 -0.041194916
p 87 54 55.391647 -0.033136368
p 88 55 55.646748 -0.09019089
p 89 56 55.92994 -0.08928871
p 90 57 56.23811 -0.038080215
p 91 58 56.442574 0.016870499
p 90 59 56.63803 0.06567001
p 89 60 56.828777 -0.060134888
p 88 61 57.187355 -0.06842041
p 87 62 57.407356 -0.0066432953

c 38 1.0024567
p 87 34 52.446117 -0.054878235
p 88 35 52.47041 -0.012565613
p 88 36 52.474163 -0.027830124
p 89 37 52.599934 -0.001247406
p 90 38 52.622143 -0.09470177
p 89 39 52.800133 -0.100349426
p 89 40 52.848537 -0.053232193
p 89 41 52.987873 -0.089962006
p 88 42 53.016613 -0.047891617
p 88 43 53.152298 -0.11327934
p 88 44 53.283783 -0.08476639
p 89 45 53.448574 0.17258453

c 39 0.6251526
p 89 230 51.938286 0.057008743
p 90 229 51.938286 -0.013132095
p 90 228 51.97166 -0.019123077
p 91 227 52.049652 -0.09359169
p 91 226 52.049652 0.00995636
p 92 225 52.10784 -0.11623955
p 93 224 52.12461 -0.039035797
p 92 223 52.245308 -0.10364723
p 91 222 52.288544 -0.119392395
p 91 221 52.352356 -0.08061218
p 90 220 52.419502 -0.05499649
p 90 219 52.419502 0.009157181
p 90 218 52.56344 -0.051696777

c 40 0.59895706
p 91 26 52.062653 0.038129807
p 92 27 52.105247 -0.14500427
p 93 28 52.184032 -0.12381363
p 93 29 52.210632 -0.12182617
p 94 30 52.256737 -0.026784897
p 95 31 52.325928 -0.05006981
p 96 32 52.373253 0.059776306
p 95 33 52.42132 -0.07678604
p 95 34 52.43154 0.019327164
p 95 35 52.518536 0.015657425
p 96 36 52.551952 -0.02227211
p 96 37 52.626984 -0.11464119
p 95 38 52.66161 -0.07009125

c 41 10.369339
p 94 108 93.16169 1.200779
p 95 107 92.01472 -1.9660378
p 96 106 91.10323 -1.1289062
p 97 105 90.25595 -1.1569061
p 98 104 89.40787 -1.4389343
p 99 103 88.618385 -1.1385651
p 100 102 87.89246 -0.7315407
p 101 101 87.16958 -0.19371414
p 102 100 86.34852 -1.2990303
p 103 99 85.64234 -0.5782013
p 102 98 84.69705 -0.029212952
p 103 97 84.005486 1.7621269
p 102 96 83.38656 -0.6761856
p 101 95 82.79235 -2.4477005

c 42 46.21314
p 97 196 57.949375 -0.062433243
p 98 195 58.46374 -0.339283
p 99 194 59.064556 -0.44514465
p 100 193 59.721676 -0.17079735
p 101 192 60.360718 2.6880207
p 102 191 61.015064 3.3537636
p 103 190 61.67985 7.4872437
p 102 189 62.345448 5.22431
p 103 188 63.00051 -2.000412
p 102 187 63.69216 2.94664
p 101 186 64.395134 -1.3148499
p 102 185 65.11157 2.8139687
p 103 184 65.828125 4.630497
p 104 183 66.52634 4.9754715
p 105 182 67.21148 10.210453
p 106 181 67.90052 6.4442444
p 107 180 68.63208 4.8596954
p 108 179 69.728935 2.1959915
p 109 178 70.58224 3.2550354
p 110 177 71.24984 4.245579
p 111 176 71.94059 5.1853447
p 112 175 72.6362 5.3243294
p 113 174 73.30113 3.6780586
p 114 173 73.97553 1.8526802
p 115 172 74.657814 0.04365921
p 114 171 75.30231 -0.41285706
p 113 170 75.94901 1.7381783
p 112 169 76.58511 2.6334534
p 113 168 77.227936 0.11967468
p 114 167 77.88064 -1.1308098
p 113 166 78.539566 3.842968
p 114 165 79.23444 -0.67749023
p 115 164 79.95207 -2.2504349
p 116 163 80.68841 -1.5467987
p 117 162 81.46048 -0.05192566
p 118 161 82.20792 1.4422379
p 119 160 82.880806 0.52230453
p 120 159 83.56325 -0.5466118
p 121 158 84.29027 -0.70243454
p 122 157 85.06045 -1.0366936
p 123 156 86.11036 -5.10907
p 124 155 87.0037 -7.4222755
p 125 154 87.85865 -10.049385
p 126 153 88.78451 -6.7117577
p 127 152 89.677284 -6.114464
p 128 151 90.712944 -4.1371346
p 129 150 91.71187 -4.2824974
p 130 149 92.8607 -5.4072075
p 131 148 94.00397 -6.2584267
p 132 147 95.30577 -4.1956367
p 133 146 98.122116 -1.2929535
p 134 145 100.807 0.22512817
p 135 145 102.29742 -0.09885788
p 136 144 103.434494 0.3877144
p 137 143 104.16251 -0.6369171

c 43 1.1928482
p 102 21 51.814163 -0.06767845
p 103 21 51.814163 -0.13018036
p 102 22 51.846207 0.07770157
p 102 23 51.908916 0.038764954
p 103 24 51.96193 0.031236649
p 104 25 51.978012 -0.067884445
p 105 26 52.027576 -0.08934593
p 106 27 52.0517 -0.030414581
p 107 27 52.14597 -0.030187607
p 108 28 52.15774 -0.1417675
p 109 29 52.16622 0.0122356415
p 109 30 52.27013 -0.02809906
p 110 31 52.27772 5.245209E-4
p 109 32 52.288322 -0.02661705
p 110 33 52.32026 0.012861252
p 111 34 52.423706 0.014713287
p 110 35 52.441593 -0.05539131
p 110 36 52.501842 0.0064754486
p 111 37 52.59683 0.0333786
p 111 38 52.69431 0.030080795
p 110 39 52.77091 -0.19106102
p 109 40 52.946934 -0.045244217
p 108 41 53.00701 -0.038908005

c 44 1.0111961
p 104 226 52.13762 -0.14284515
p 105 226 52.13762 -0.17700005
p 106 225 52.147926 -0.012010574
p 106 224 52.199024 -0.06801033
p 107 223 52.23249 0.12978363
p 106 222 52.310314 -0.13827515
p 106 221 52.408478 -0.03331375
p 106 220 52.46126 0.025405884
p 106 219 52.49548 0.02485466
p 107 218 52.545593 0.0046520233
p 108 217 52.68447 -0.0027179718
p 108 216 52.733917 0.027303696
p 108 215 52.849213 -0.0087070465
p 109 214 52.85547 -0.040193558
p 109 213 52.960102 -0.08680344
p 108 212 53.103783 0.072956085
p 109 211 53.148815 -0.08208656

c 45 24.295097
p 107 89 78.65121 -2.8383713
p 108 90 79.30147 -2.394619
p 109 91 79.95575 -0.16174316
p 110 92 80.6175 -1.6194153
p 111 93 81.334114 -0.87153244
p 112 94 81.96078 -1.0912399
p 113 95 82.62278 -0.3670311
p 114 96 83.3374 -0.39604568
p 113 97 83.96817 -2.2791939
p 112 98 85.310265 -0.799366
p 113 99 85.88911 -2.1619377
p 114 100 86.47876 -3.7874603
p 115 101 87.06767 -3.817913
p 116 102 87.83485 -4.1938477
p 117 103 88.649216 0.048923492
p 116 104 89.39517 -1.0626984
p 115 105 90.36735 -0.7843704
p 114 106 91.35005 -0.21509552
p 115 107 94.10333 -1.9836426E-4
p 116 108 94.84605 -0.11211014
p 117 109 95.2863 0.49676514
p 116 110 96.46999 0.7058449
p 117 111 97.31904 -0.47917938
p 116 112 98.04454 -0.61120987
p 115 113 98.71631 -0.8889847
p 116 114 99.71706 -0.20141602
p 117 115 100.86753 0.75385666
p 118 116 101.62043 0.37741852
p 117 117 102.946304 -0.13203049

c 46 11.930923
p 107 161 82.3342 -0.8032074
p 108 162 81.56226 -0.12524414
p 109 163 80.89786 -0.23802567
p 110 164 80.12547 -3.4392471
p 111 165 79.49818 -2.6447563
p 112 166 78.63147 -2.6189156
p 113 167 77.93837 2.3212433
p 112 168 77.02072 1.3010406
p 111 169 76.49762 0.6463661
p 112 170 76.06457 -1.0407906
p 113 171 75.35441 0.35673904
p 114 172 74.80109 1.2467232
p 113 173 73.382385 1.5302238
p 112 174 72.800476 5.3409653
p 111 175 72.25474 9.990433
p 110 176 71.77171 6.3993607
p 109 177 71.011475 6.2937355
p 108 178 70.403275 5.570221

c 47 16.62455
p 110 145 99.47011 -0.45132828
p 111 146 96.13541 -4.970825
p 112 147 95.04038 0.25901413
p 111 148 94.17656 2.9819107
p 112 149 93.457405 2.4267159
p 111 150 92.87025 4.9257507
p 112 151 92.28133 4.5923805
p 113 152 91.63227 2.5943947
p 114 153 90.9113 1.0034142
p 113 154 90.13467 2.968277
p 112 155 89.29065 1.2752228
p 113 156 88.34304 1.2776108
p 112 157 87.46035 -2.7493515
p 113 158 86.59153 -1.2817535
p 114 159 85.57274 -1.0883446
p 115 160 84.346176 -2.210804
p 116 161 82.84556 -2.326088

c 48 1.2033424
p 117 209 53.535355 0.03344345
p 118 210 53.35455 -0.087394714
p 118 211 53.239082 -0.043352127
p 117 212 53.12692 0.0110569
p 118 213 53.050694 0.080163956
p 119 214 52.87098 -0.10245705
p 120 214 52.946037 0.020690918
p 121 215 52.865456 -0.11900711
p 122 216 52.700558 -0.06419563
p 122 217 52.623318 -0.08973694
p 123 218 52.51464 -0.020500183
p 124 219 52.467747 -0.026229858
p 125 220 52.350357 -0.032154083
p 126 220 52.332012 -0.0702095
p 125 221 52.332012 -0.0041923523

c 49 0.8182678
p 117 215 52.84204 -0.020288467
p 117 216 52.84204 -0.05476761
p 118 217 52.74501 -0.015539169
p 118 218 52.647926 -0.02083397
p 119 219 52.54037 0.045841217
p 119 220 52.45634 -0.025003433
p 119 221 52.412926 -0.017416
p 120 222 52.3687 -0.029327393
p 121 223 52.220123 -0.060422897
p 120 224 52.220123 -0.074733734
p 120 225 52.18916 -0.011640549
p 121 226 52.108116 0.03900528
p 120 227 52.023773 -0.017892838
p 119 228 52.023773 -0.144104

c 50 5.6876183
p 122 60 58.083584 -0.04972458
p 123 59 57.77656 -1.8310547E-4
p 124 58 57.439598 0.17498589
p 125 57 57.132034 -0.08557129
p 124 56 56.785347 -0.12259674
p 125 55 56.464027 -0.16701317
p 126 54 56.038708 -0.10693169
p 125 53 55.65701 -0.03510475
p 124 52 55.331917 0.13916397
p 125 51 54.877285 -0.16986084
p 126 50 54.481422 -0.23914146
p 127 49 54.29514 0.12967491
p 126 48 54.06824 -0.09332466
p 127 47 53.986103 0.041275024
p 127 46 53.770477 -0.12665558
p 127 45 53.602024 0.025522232
p 127 44 53.41834 -0.030866623
p 127 43 53.353474 -0.07526016
p 127 42 53.16486 -0.09797859
p 126 41 53.137177 -0.10647583
p 125 40 52.97311 -0.075870514
p 126 39 52.80214 -0.10892105
p 127 38 52.690865 -0.008684158
p 126 37 52.670094 0.07919884
p 125 36 52.60352 -0.051145554
p 125 35 52.512287 -0.06383133
p 126 34 52.497536 0.08360481
p 125 33 52.395966 -0.09856033
p 124 33 52.395966 -0.029413223

c 51 18.615719
p 122 80 70.6265 2.203579
p 123 79 69.79395 5.918831
p 124 78 68.98554 5.3322067
p 125 77 68.38806 5.230625
p 126 76 67.75269 3.774559
p 127 75 67.029 3.4811478
p 127 74 66.46354 6.5490456
p 128 73 65.94244 11.203537
p 129 72 65.53231 1.1611557
p 129 71 64.66878 3.1165352
p 130 70 63.75799 5.958172
p 131 69 63.05738 6.8584023
p 132 68 62.47395 6.553652
p 133 67 61.873993 -2.6018143
p 132 66 60.926186 1.8110409
p 131 65 60.41015 4.783777
p 130 64 59.85261 -0.017282486
p 131 63 59.337746 0.036836624
p 130 62 58.895508 -0.15911674
p 130 61 58.449413 -0.27879715
p 129 60 58.000412 0.093639374
p 130 59 57.652794 -0.0027008057
p 130 58 57.312214 0.013429642
p 130 57 57.090004 0.09230232
p 129 56 56.711758 0.1244297
p 129 55 56.44907 0.07508469
p 130 54 56.047016 -0.15439796
p 131 53 55.74036 -0.012022018
p 131 52 55.212326 -0.109363556
p 132 51 54.92255 0.025735855
p 132 50 54.619904 -0.023199081
p 133 49 54.34882 -0.10241127
p 132 48 54.140114 -0.06263542
p 133 47 53.97121 0.052150726
p 132 46 53.71135 0.014287949
p 133 45 53.55614 -0.0019130707
p 134 44 53.420322 -0.11877251
p 134 43 53.264713 -0.18966484
p 133 42 53.144978 0.030460358
p 134 41 53.053917 -0.12093735
p 134 40 53.02117 -0.099824905
p 133 39 52.90826 0.032396317
p 132 38 52.747467 -0.030509949
p 133 37 52.658752 -0.011436462
p 133 36 52.60423 -0.07359505
p 132 35 52.55625 -0.019123077
p 132 34 52.49377 -0.04733658
p 133 33 52.49377 -0.10175514
p 134 32 52.336933 -0.021837234
p 134 31 52.318897 -0.12037468
p 134 30 52.271698 -0.07916069
p 134 29 52.1982 -0.04967308
p 134 28 52.06803 -0.12240219
p 133 27 52.010784 -0.03204727
p 133 26 52.010784 -0.0038471222

c 52 21.461586
p 128 173 73.06705 -0.7820473
p 129 174 72.522446 -0.7811775
p 128 175 71.97597 3.466076
p 128 176 71.29162 4.413204
p 128 177 70.39465 7.0662537
p 129 178 69.70835 8.170658
p 130 179 69.08984 3.56464
p 131 180 68.56751 1.671257
p 132 181 68.182205 3.3499756
p 133 182 67.91439 7.1757164
p 134 183 67.592255 8.172741
p 135 184 65.55458 5.77145
p 136 185 64.89007 2.7935982
p 137 186 64.24924 1.2685661
p 138 187 63.691193 1.3347473
p 139 187 63.483784 -0.15797234
p 140 188 62.849327 -1.2318764
p 139 189 62.18908 -0.33255577
p 138 190 61.493572 2.9589748
p 137 191 60.86058 3.3502026
p 136 192 60.234375 4.0238724
p 135 193 59.6206 -0.1055336
p 135 194 58.93496 -0.12746048
p 136 195 58.535183 0.07085228
p 137 196 57.92286 0.07668495
p 137 197 57.40134 0.020454407
p 138 198 56.86995 0.019763947
p 137 199 56.36396 0.026233673
p 136 200 55.876854 -0.15503502
p 137 201 55.449913 0.017665863
p 136 202 55.080124 -0.11545563
p 136 203 54.688328 -0.12824821
p 137 204 54.486534 0.17572594
p 136 205 54.143066 -0.0773468
p 135 206 53.882614 0.075014114
p 135 207 53.757862 -0.0074272156
p 134 208 53.659534 0.025262833
p 135 209 53.391502 -0.13768196
p 136 210 53.3237 -0.0039749146
p 136 211 53.12116 -0.15119743
p 135 212 53.12116 0.008892059
p 135 213 52.95685 -0.0072345734
p 135 214 52.881927 0.042024612
p 134 215 52.736763 -0.10422325
p 135 216 52.664158 -0.0626564
p 135 217 52.56863 -0.05467415
p 135 218 52.500572 -0.17798996
p 135 219 52.46198 0.03419304
p 136 220 52.419323 0.05945778
p 135 221 52.382767 -0.05376053
p 136 222 52.335205 0.05340767
p 135 223 52.1963 -0.04702568
p 136 224 52.155922 0.031513214
p 136 225 52.155922 -0.22495842
p 136 226 52.1493 -0.007555008
p 135 227 52.07284 0.049203873
p 136 228 52.045425 0.008398056
p 135 229 51.9991 -0.06096649
p 135 230 51.913197 -0.058151245
p 134 231 51.90879 0.017066956
p 134 232 51.832054 -0.016462326
p 134 233 51.802174 -0.13656616
p 134 234 51.802174 -0.100112915
p 134 235 51.75966 -0.055150986
p 133 236 51.755333 0.022579193
p 132 236 51.707714 0.05265999
p 131 237 51.707714 0.022201538
p 132 238 51.701637 -0.059659958
p 132 239 51.701637 -0.049879074
p 132 240 51.684307 0.08339691
p 133 241 51.60546 -0.094192505
p 134 241 51.60546 -0.12079811

c 53 4.594406
p 129 198 56.758076 -0.032814026
p 129 199 56.276054 -0.2268982
p 130 200 55.932804 -0.011451721
p 129 201 55.50081 0.085056305
p 130 202 55.05992 0.013296127
p 131 203 54.745476 0.036331177
p 132 204 54.464737 -0.1173954
p 132 205 54.13528 -0.07757568
p 132 206 53.93931 -0.16855812
p 133 207 53.730297 -0.08016968
p 132 208 53.61842 0.07143021
p 132 209 53.410553 -0.010557175
p 132 210 53.298447 -0.01250267
p 132 211 53.15505 -0.05311203
p 132 212 53.08051 -0.007572174
p 133 213 52.952736 -0.033821106
p 132 214 52.841305 -0.0189991
p 132 215 52.797607 -0.024526596
p 131 216 52.7042 0.06687927
p 132 217 52.573116 -0.0086631775
p 131 218 52.510414 -0.010608673
p 132 219 52.510414 -0.068927765
p 133 220 52.465824 0.063186646
p 133 221 52.415554 -0.08267212
p 133 222 52.34374 -0.03686905
p 134 223 52.167053 -0.122982025
p 135 224 52.16367 0.0011672974

c 54 6.3717537
p 129 198 56.758076 -0.07114601
p 130 197 57.177307 -0.12038231
p 131 196 57.737717 -0.10782814
p 132 195 58.233284 -0.13404083
p 133 194 58.743725 -0.07473564
p 134 193 59.275433 0.045604706
p 135 192 59.825024 4.808487
p 136 191 60.405262 2.0285797
p 137 190 61.0007 0.6867447
p 138 189 62.142334 1.9099998
p 139 188 63.12983 0.556839

c 55 32.5196
p 130 99 84.36037 1.861599
p 131 98 83.67492 -0.752964
p 132 97 82.96538 -0.5106697
p 133 96 82.25648 2.1279411
p 134 95 81.57253 -4.0170326
p 133 94 80.90971 2.5790253
p 134 93 80.285 2.4614182
p 135 92 79.53447 1.882637
p 136 91 78.9127 -1.035038
p 135 90 78.31969 0.35379028
p 136 89 77.57381 -1.2051811
p 135 88 76.94172 3.2707024
p 136 87 76.328606 6.27507
p 137 86 75.72372 2.8107338
p 138 85 75.050644 -0.97063065
p 137 84 74.36195 0.48633194
p 136 83 73.739334 -2.0559921
p 137 82 73.10729 3.3760948
p 138 81 72.45776 6.4738884
p 139 80 71.80597 4.6772766
p 140 79 71.147026 4.5976295
p 141 78 70.44264 0.726635
p 140 77 69.73629 -0.6082382
p 141 76 69.14922 3.026146
p 142 75 68.53538 7.7632294
p 143 74 67.944824 11.691532
p 144 73 67.373375 9.660477
p 145 72 66.83715 5.0310783
p 146 71 66.295105 3.7386665
p 147 70 65.60157 -3.94318
p 146 69 64.73794 -0.83651733
p 145 68 64.121735 0.08207703
p 146 67 63.49237 0.5296459
p 147 66 62.858955 0.57424164
p 148 65 62.252617 0.66610146
p 149 64 61.65692 0.010770798
p 148 63 61.067574 0.007211685
p 147 62 60.498077 -0.008701324
p 146 61 59.939697 7.686615E-4
p 145 60 59.36569 -0.17069626
p 145 59 58.80777 0.049295425
p 145 58 58.331997 -0.011556625
p 146 57 57.77107 -0.20259666
p 145 56 57.271435 0.09415436
p 145 55 56.681126 -0.26893044
p 146 54 56.43173 0.0094947815
p 146 53 55.81164 -0.19257545
p 147 52 55.50525 0.20636368
p 146 51 55.084152 -0.013412476
p 147 50 54.757397 0.1318798
p 146 49 54.354733 0.01156044
p 147 48 54.158714 -0.025907516
p 148 47 53.85879 0.0029964447
p 148 46 53.63036 0.033432007
p 149 45 53.45721 -0.05914879
p 148 44 53.37664 0.04875374
p 149 43 53.279243 0.049179077
p 148 42 53.187565 0.0027008057
p 149 41 53.096962 0.016468048
p 150 40 52.867767 -0.19023514
p 151 39 52.796383 0.14003754
p 152 38 52.662838 -0.14138031
p 151 37 52.661858 0.09213638
p 150 36 52.548374 0.018753052
p 150 35 52.514366 -0.060171127
p 150 34 52.434902 -0.13035011
p 151 33 52.375763 -0.126585
p 152 32 52.284454 -0.0067157745
p 151 31 52.197147 -0.009273529
p 151 30 52.15208 -0.11382675
p 151 29 52.098515 -0.11359215
p 152 28 52.06388 -0.17743874
p 153 27 51.99902 -0.11748505
p 152 26 51.975212 -0.14894676
p 151 25 51.975212 -0.044685364
p 150 24 51.887955 -0.115745544
p 151 23 51.840767 -0.13792992
p 152 23 51.840767 -0.086214066

c 56 15.101425
p 130 99 84.36037 0.5778618
p 131 100 85.03334 2.5263367
p 130 101 85.726875 0.52259445
p 131 102 86.19097 -3.5379982
p 132 103 87.13047 -2.165657
p 131 104 87.862 5.533573
p 132 105 88.70721 -0.2349968
p 133 106 89.55084 -1.9861679
p 134 107 90.30959 -1.7228394
p 135 108 91.88735 -1.6831207
p 136 109 92.365204 -2.4820557
p 137 110 93.23268 -5.40184
p 138 111 94.01227 -5.7775
p 139 112 95.051414 -6.514286
p 140 113 95.67255 -4.894226
p 141 114 99.46179 -0.9410782

c 57 8.904549
p 137 92 79.590614 -5.1133995
p 138 93 80.33331 -6.314934
p 139 94 81.09042 -5.635479
p 140 95 81.8154 -5.303692
p 141 96 82.51486 -4.530155
p 142 97 83.21428 -3.9522514
p 143 98 83.92393 -2.690464
p 144 99 84.783844 -1.4066925
p 143 100 85.39428 2.1770477
p 144 101 86.13755 -0.40575027
p 145 102 86.875145 -1.8304482
p 146 103 87.698135 -1.7040291
p 147 104 88.49516 0.11071396

c 58 31.46782
p 140 186 64.13834 1.9814568
p 141 185 64.81617 1.1512337
p 142 184 65.498024 4.984501
p 143 183 66.20101 5.0244293
p 144 182 66.899 4.3531647
p 145 181 67.569954 6.186081
p 146 180 68.220955 4.3999367
p 147 179 68.863686 2.615017
p 148 178 69.509 3.230751
p 149 177 70.24074 3.0040703
p 150 176 70.90525 1.2990341
p 149 175 71.64541 8.570599
p 150 174 72.35941 6.386215
p 151 173 73.026085 1.2260704
p 152 172 73.680916 2.3184319
p 153 171 74.48829 4.2310257
p 154 170 75.01286 4.7629204
p 155 169 75.68337 1.6787109
p 156 168 76.439476 0.9201393
p 157 167 77.18426 1.7800369
p 158 166 77.88792 1.7473831
p 159 165 79.02221 -1.2066498
p 158 164 79.541916 -1.2786751
p 157 163 80.26021 1.1661758
p 156 162 80.97306 5.395214
p 155 161 81.67926 2.754055
p 154 160 82.33004 -0.16128159
p 153 159 83.275795 0.5389633
p 152 158 84.28431 0.50115204
p 153 157 85.2374 -3.5774345
p 154 156 85.98387 -3.4648438
p 155 155 86.74372 -6.1163483
p 156 154 87.57384 -5.403984
p 157 153 88.403 -3.682434
p 156 152 89.49268 2.8289986
p 157 151 90.21122 -3.2906876
p 158 150 90.98635 -5.0364532
p 159 149 91.71552 -3.4156532
p 158 148 92.74245 1.6079559
p 159 147 94.993996 3.9974327
p 158 146 95.60616 -6.364887

c 59 0.8379555
p 143 21 51.785828 -0.20265198
p 144 21 51.785828 -0.13936806
p 145 22 51.823517 -0.03809929
p 145 23 51.871277 -0.062662125
p 145 24 51.871277 -0.048919678
p 144 25 51.916325 0.007041931
p 145 26 51.916325 -0.052427292
p 145 27 52.006203 0.10403633
p 146 28 52.05782 0.013383865
p 147 29 52.11202 0.021902084
p 146 30 52.19083 -0.04793358
p 146 31 52.249283 -0.0028820038
p 145 32 52.30726 -0.053609848
p 145 33 52.323284 -0.015558243
p 144 34 52.447803 0.060453415
p 143 35 52.51587 -0.021894455
p 143 36 52.610638 -0.07417679
p 143 37 52.623783 -0.045764923

c 60 1.0348625
p 151 223 52.203552 -0.036026
p 152 222 52.280113 0.046064377
p 153 223 52.255665 0.056222916
p 154 222 52.35086 0.014839172
p 155 221 52.396408 -0.02524376
p 155 220 52.444637 -0.13222313
p 154 219 52.532036 -0.021842957
p 155 218 52.64964 0.080955505
p 154 217 52.715305 0.0012283325
p 155 216 52.848644 0.026456833
p 155 215 52.848644 -0.07138252
p 155 214 52.858406 -0.11729622
p 154 213 53.065758 -0.028255463
p 154 212 53.065758 -0.07630348
p 153 211 53.238415 -0.11540604

c 61 5.043461
p 155 225 52.23263 -0.015907288
p 156 224 52.23263 -0.03242874
p 157 224 52.250023 -0.03140068
p 158 223 52.320328 -0.006099701
p 158 222 52.378048 0.018333435
p 159 221 52.50185 0.08811188
p 160 220 52.54739 0.02614212
p 161 219 52.58041 -0.098041534
p 161 218 52.683243 -0.0020961761
p 160 217 52.68457 -0.20537186
p 159 216 52.83778 -0.06614113
p 158 215 52.854015 -0.011886597
p 159 214 52.924366 -0.014509201
p 160 213 53.033417 -0.05693817
p 159 212 53.128014 0.05188942
p 160 211 53.16421 -0.126894
p 161 210 53.24765 0.026031494
p 161 209 53.45142 0.1738472
p 162 208 53.564568 -0.050741196
p 163 207 53.746662 -0.1385746
p 164 206 54.00849 0.053174973
p 165 205 54.05556 -0.19874954
p 164 204 54.358402 0.20438004
p 165 203 54.576885 0.012992859
p 164 202 54.824566 -0.091091156
p 163 201 55.131203 -0.19856834
p 162 200 55.401867 -0.056711197
p 163 199 55.625767 0.12048149
p 162 198 55.791714 -0.011026382
p 161 197 56.008606 0.037195206
p 162 196 56.283554 3.8528442E-4
p 163 195 56.541405 -0.055181503
p 162 194 56.926216 -0.03557968
p 162 193 57.276093 6.046295E-4

c 62 23.94606
p 157 86 75.87166 -0.077171326
p 158 85 75.23293 1.5108604
p 159 84 74.57543 2.5699844
p 160 83 73.8834 -1.1297646
p 159 82 73.299416 -0.15565872
p 158 81 72.67485 -0.90031433
p 159 80 72.16562 3.4024277
p 160 79 71.48011 5.0438576
p 161 78 70.98646 4.99041
p 162 77 70.343254 -2.691475
p 161 76 69.52242 4.723831
p 162 75 68.696465 1.6228638
p 163 74 68.04989 0.7040558
p 164 73 67.51552 1.6781731
p 165 72 66.7123 3.0006256
p 166 71 66.13546 2.4092293
p 167 70 65.53367 4.0342674
p 168 69 64.92042 3.689312
p 167 68 64.29367 3.4399834
p 166 67 63.674576 -0.25707626
p 167 66 63.05438 0.038505554
p 168 65 62.41138 0.45747566
p 169 64 61.6533 2.673771
p 170 63 61.16249 0.114910126
p 171 64 60.569275 1.9064846
p 172 63 60.04377 3.642044
p 173 62 59.58231 -0.43312073
p 174 61 58.993683 -0.57084274
p 175 60 58.495068 -0.38799477
p 176 59 58.040386 -0.29828644
p 177 58 57.70023 -0.16488075
p 178 57 57.24383 -0.2620144
p 179 56 56.915504 -0.18281555
p 180 55 56.47176 -0.22442818
p 181 54 56.223495 -0.10331154
p 182 53 55.826668 -0.05334854
p 183 52 55.448315 -0.09231758
p 184 51 55.100418 0.004846573
p 183 50 54.735878 -0.13431168
p 184 49 54.49693 -0.0046310425
p 184 48 54.207886 0.032239914
p 183 47 53.8771 -0.13255501
p 182 46 53.715214 -0.07473564
p 181 45 53.668556 0.114011765
p 182 44 53.410793 -0.059135437
p 182 43 53.313477 -0.09597969
p 181 42 53.24732 0.020801544
p 181 41 53.10208 -0.016796112
p 182 40 52.967846 -0.025369644
p 182 39 52.885384 -0.022760391
p 182 38 52.77045 -0.15409851
p 181 37 52.72678 -0.020879745
p 181 36 52.62913 -0.043157578
p 182 35 52.54821 0.053922653
p 182 34 52.529144 -0.06452751
p 183 33 52.382263 -0.019891739
p 184 32 52.352604 -0.023328781
p 184 31 52.282036 -0.10342598
p 185 30 52.23621 -0.027881622
p 184 29 52.198307 -0.028463364
p 185 28 52.164482 -0.10598564
p 186 27 52.1229 -0.017284393
p 186 26 52.1229 -0.033733368
p 185 25 52.07717 -0.070632935
p 186 24 52.04214 -0.015417099
p 185 23 51.988987 -0.047504425
p 185 22 51.93373 -0.12858582
p 184 21 51.9256 0.002216339
p 185 21 51.9256 -0.06712341

c 63 32.307106
p 159 107 98.216606 1.080204
p 160 106 97.14139 0.03842163
p 161 105 96.339325 -0.58436584
p 160 104 95.230286 1.3351822
p 161 103 93.9838 0.44081116
p 162 102 92.85712 -2.0882492
p 163 101 91.547615 0.80332184
p 163 100 90.22119 -2.9817505
p 164 99 87.56616 -3.5155067
p 165 98 86.529366 -3.4165535
p 166 97 85.52586 -4.6466064
p 167 96 84.60707 -5.817032
p 168 95 83.836845 -5.941616
p 169 94 83.12193 -6.2034073
p 170 93 82.47898 -4.1715927
p 171 92 81.98945 -2.5221443
p 172 91 81.398796 -1.0188904
p 173 90 80.802635 -0.3924141
p 174 89 80.16797 -1.0066833
p 175 88 79.56502 -2.2444305
p 176 87 79.13435 1.5847473
p 176 86 78.772865 3.4190178
p 176 85 77.50987 -1.1767082
p 175 84 76.672356 -0.0065193176
p 174 83 76.00728 2.4676552
p 175 82 75.21147 2.2996788
p 176 81 74.42099 1.2419701
p 177 80 73.82423 3.3083076
p 178 79 73.17179 3.1596222
p 177 78 72.5267 4.259014
p 177 77 72.1476 5.08947
p 176 76 71.10001 6.6539803
p 175 75 70.44144 9.528286
p 174 74 69.791275 7.8392296
p 173 73 69.1851 5.600548
p 173 72 68.78283 6.552437
p 172 71 67.64319 2.3718338
p 171 70 66.86218 1.7508888
p 170 69 66.330376 -0.6330528
p 169 70 65.9095 0.72000885

c 64 1.678009
p 160 48 54.120308 0.025985718
p 161 47 53.878765 -0.039058685
p 162 46 53.678776 0.09083176
p 163 45 53.49559 0.032052994
p 162 44 53.28237 0.034534454
p 162 43 53.206135 -0.009155273
p 162 42 53.1721 0.03388405
p 161 41 52.998486 -0.036460876
p 162 40 52.78641 -0.102211
p 163 39 52.680004 -0.07887268
p 163 38 52.641994 -0.07642937
p 164 37 52.6069 0.03306961
p 164 36 52.55701 -0.13879585
p 163 35 52.4423 -0.086624146
p 162 34 52.4423 -0.13012695

c 65 1.044899
p 169 22 51.825527 -0.04235649
p 170 22 51.825527 -0.040187836
p 171 23 51.927 -0.0022087097
p 172 24 51.93411 -0.049232483
p 172 25 52.026756 9.689331E-4
p 173 26 52.061047 -0.06953812
p 173 27 52.061047 -0.05927849
p 174 28 52.13366 0.04656601
p 175 29 52.13451 -0.17593956
p 174 30 52.284126 0.058229446
p 173 31 52.29295 -0.06287956
p 172 32 52.373188 -0.07765198
p 172 33 52.441025 -2.784729E-4
p 171 34 52.441025 -0.0931015
p 171 35 52.547157 0.085702896
p 170 36 52.57526 -0.05284691
p 170 37 52.683914 0.03362465
p 171 38 52.724396 -0.06780243
p 170 39 52.822037 0.045806885
p 171 40 52.870426 -0.017374039

c 66 0.53230286
p 170 225 52.197758 0.0342865
p 171 226 52.18361 0.17560196
p 170 227 52.105377 -0.01861
p 170 228 52.00921 -0.05973816
p 171 229 52.00921 -0.020296097
p 171 230 51.992302 -0.0067443848
p 172 231 51.940163 -0.03473282
p 173 232 51.940163 0.016105652
p 174 231 51.96806 0.045194626
p 175 232 51.93358 -0.06562424
p 176 233 51.91 -0.12187576
p 177 234 51.87795 -0.010623932
p 176 235 51.845932 0.005252838
p 177 236 51.819454 0.0930233
p 176 237 51.777267 -0.012556076
p 176 238 51.768948 -0.06894684
p 177 239 51.739243 -0.02277565
p 177 240 51.73131 -0.037555695
p 178 241 51.73131 -0.053274155
p 179 242 51.710957 -0.025907516
p 178 243 51.665455 -0.0794754
p 177 243 51.665455 -0.015750885

c 67 17.31752
p 174 96 84.41645 3.037754
p 174 97 85.07876 2.2848587
p 175 98 85.864944 0.06849289
p 176 99 86.423 -0.31516266
p 177 100 87.27421 -0.9361267
p 178 101 88.13681 -1.7950668
p 179 102 88.89331 -1.9053612
p 178 103 89.58611 3.1410904
p 179 104 90.28867 2.2272568
p 178 105 91.07926 -6.187439
p 177 106 92.001076 -7.34523
p 176 107 93.123436 -3.6304855
p 177 108 94.17091 -0.41199112
p 176 109 95.728874 -7.069969
p 175 110 97.8216 -5.836418
p 174 111 101.73397 -1.9433746

c 68 36.77795
p 174 153 88.78392 -4.6427307
p 175 154 87.902145 -2.575386
p 176 155 86.994995 -3.2465935
p 177 156 86.14554 -2.7738533
p 178 157 85.21161 -2.2338066
p 179 158 84.369316 -0.5370674
p 180 159 83.508965 -0.15990067
p 181 160 82.651566 0.5129852
p 182 161 81.53099 -0.17398453
p 183 162 80.36294 0.43403625
p 184 163 79.47935 -0.51078415
p 185 164 78.69287 1.8961563
p 186 165 78.05293 0.0067253113
p 185 166 77.10369 1.013794
p 184 167 76.3308 -3.073452
p 185 168 75.5998 3.583519
p 184 169 74.8924 1.9517097
p 183 170 74.19765 0.24271011
p 182 171 73.513565 -0.7814522
p 181 172 72.853584 0.10923767
p 180 173 72.17826 1.2185097
p 179 174 71.44773 1.6216545
p 178 175 70.667946 1.639061
p 177 176 69.914154 -0.046962738
p 178 177 69.20472 1.1737823
p 179 178 68.545944 0.56739044
p 180 179 67.97717 1.2474403
p 181 180 67.309875 0.107673645
p 180 181 66.73807 -0.65452576
p 179 182 66.15361 0.88529587
p 180 183 65.45583 6.5651855
p 181 184 64.50079 8.364773
p 182 185 63.849358 6.362541
p 183 186 63.191467 1.984436
p 182 187 62.5102 -1.4200993
p 183 188 61.81377 0.2947197
p 182 189 61.11599 0.55610466
p 181 190 60.42501 -0.08982468
p 180 191 59.773586 -1.5195084
p 180 192 59.163826 2.5625534
p 179 193 58.631966 -0.26470757
p 178 194 58.110542 -0.383461
p 177 195 57.667065 -0.014184952
p 178 196 57.20228 -0.02842331
p 178 197 56.774025 -0.057785034
p 178 198 56.27784 -0.056617737
p 177 199 55.94462 0.07214737
p 178 200 55.590126 0.0065288544
p 179 201 55.222775 0.010341644
p 180 202 54.979977 -0.13401794
p 180 203 54.74509 -0.12558556
p 179 204 54.55572 -0.06991005
p 178 205 54.329895 -0.021606445
p 178 206 54.114445 -0.13068771
p 177 207 53.997566 -0.014072418
p 177 208 53.726437 -0.16640854
p 178 209 53.642338 0.0025234222
p 179 210 53.486523 -0.12632942
p 178 211 53.306515 0.08644676
p 179 212 53.14157 -0.09852791
p 180 213 53.062416 0.087265015
p 181 214 52.967373 0.042806625
p 182 215 52.85155 0.008388519
p 181 216 52.810074 -0.02168274
p 181 217 52.78918 -0.05593109
p 180 218 52.750206 -0.07154274
p 180 219 52.626057 -0.17235184
p 179 220 52.525658 -0.15675163
p 178 221 52.38437 0.057935715
p 177 221 52.358097 -0.10339165
p 176 222 52.358097 -0.003320694
p 175 222 52.345116 -0.07156181
p 174 223 52.345116 0.07356453
p 174 224 52.22262 -0.13251877
p 175 225 52.22262 0.0
p 176 226 52.18142 -0.059106827
p 177 227 52.065903 0.0018596649
p 177 228 52.065205 -0.037736893
p 176 229 52.03237 -0.08562279
p 175 230 52.00597 0.025320053

c 69 8.315384
p 177 87 78.976814 1.9479523
p 178 88 79.416504 0.35198212
p 179 89 79.996445 0.43440247
p 180 90 80.629295 1.5215187
p 181 91 81.29037 2.745407
p 182 92 82.22372 2.0863075
p 183 93 82.85075 -1.2032013
p 182 94 83.501495 6.1092377
p 183 95 84.213486 3.4562378
p 184 96 84.94223 1.5484467
p 185 97 85.70056 1.2293854
p 186 98 86.58158 1.3095207
p 187 99 87.2922 0.5548973

c 70 1.7406044
p 183 35 52.587833 -0.07368088
p 184 36 52.59247 -0.20941925
p 185 36 52.637466 -0.017501831
p 186 37 52.71764 -0.018283844
p 186 38 52.838978 0.0116939545
p 185 39 52.94434 -0.061157227
p 185 40 52.948654 -0.10387802
p 186 41 53.183517 0.12667084
p 185 42 53.333435 -0.043592453
p 184 43 53.402824 0.10794258
p 185 44 53.51378 -0.045785904
p 186 45 53.632355 -0.026161194
p 187 46 53.75458 0.042684555
p 188 47 53.967487 -7.209778E-4
p 189 48 54.15808 -0.033304214
p 190 49 54.328438 -0.05575943

c 71 8.666931
p 185 67 60.756824 -1.3768005
p 186 66 59.95586 -0.43931198
p 187 65 59.197216 -0.072221756
p 186 64 58.67864 4.826357
p 187 63 58.175858 4.021883
p 188 62 57.62448 0.8194294
p 189 61 57.16615 -0.38490105
p 190 60 56.929543 -0.12535858
p 191 59 56.613617 0.022539139
p 192 58 56.421997 0.008987427
p 192 57 56.14365 -0.1450901
p 193 56 55.99883 -0.03332138
p 193 55 55.770565 -0.10999489
p 192 54 55.602985 0.026414871
p 192 53 55.48884 0.029224396
p 193 52 55.191086 -8.201599E-5
p 194 51 54.849297 -0.016479492
p 193 50 54.56497 -0.12130737
p 192 49 54.33449 0.009426117
p 193 48 54.215908 -0.06619072
p 193 47 53.98751 -0.1474266
p 192 46 53.868282 0.07750702
p 191 45 53.65433 -0.07384682
p 191 44 53.579704 0.11751175
p 190 43 53.375095 -0.02083397
p 189 42 53.303364 0.06456375
p 190 41 53.123493 -0.050405502
p 191 40 52.941994 -0.16323662
p 192 39 52.86771 -0.0036144257
p 191 38 52.803463 -0.03730011
p 190 37 52.70946 0.005809784
p 190 36 52.625835 -0.2107811
p 191 35 52.625835 -0.035308838
p 190 34 52.57027 -0.0791111
p 189 33 52.441032 -0.009105682
p 188 32 52.414845 0.06622505
p 187 31 52.330276 -0.07933235
p 187 30 52.2032 -0.05201912
p 187 29 52.179363 -0.100286484
p 187 28 52.16682 0.0630188
p 188 27 52.089893 -0.12798119
p 188 26 52.089893 -0.03831482

c 72 39.312714
p 185 148 90.98086 -6.723461
p 186 149 90.0585 -4.1747284
p 187 150 89.40387 -4.7735405
p 188 151 88.780815 -2.9792175
p 189 152 88.04366 -3.2096138
p 190 153 87.28136 -3.7754288
p 191 154 86.570404 -1.0904884
p 192 155 85.87151 -3.2288284
p 191 156 85.193245 -1.0394478
p 190 157 84.64197 -2.1277428
p 191 158 83.77965 0.06262207
p 192 159 83.084526 2.1154327
p 193 160 82.33923 2.5554466
p 194 161 81.59759 -1.1085777
p 193 162 81.04377 2.8019295
p 194 163 80.22324 4.683525
p 195 164 79.445206 1.761486
p 196 165 78.71016 2.283718
p 197 166 77.9669 4.2906075
p 198 167 77.27323 -1.1610947
p 197 168 76.57745 2.4878922
p 198 169 75.84831 2.7337685
p 199 170 75.09342 3.0128174
p 200 171 74.47091 1.8886185
p 201 172 73.80476 3.3021736
p 202 173 73.06004 3.1911354
p 203 174 72.24734 2.1090202
p 204 175 71.613594 1.6941452
p 205 176 70.94442 1.4230423
p 206 177 70.37443 1.1315842
p 207 178 69.62278 -0.55667114
p 208 179 68.95747 -2.6293106
p 209 180 68.29905 -2.0531998
p 210 181 67.66366 -0.5289993
p 211 182 67.047035 -2.6466408
p 210 183 66.4373 0.73350143
p 209 184 65.809166 3.7778778
p 210 185 65.13905 7.616703
p 211 186 64.41928 6.2888374
p 212 187 63.712395 1.1396713
p 211 188 63.040924 -0.61309433
p 210 189 62.248707 -0.40740204
p 209 190 61.60459 1.7902641
p 208 191 60.983315 3.958105
p 207 192 60.365646 4.952633
p 206 193 59.758915 0.011463165
p 207 194 59.200924 0.023405075
p 208 195 58.632404 -0.03248024
p 207 196 58.071774 -0.035326004
p 208 197 57.619995 0.0072193146
p 207 198 57.14325 0.016248703
p 206 199 56.688297 -0.017688751
p 205 200 56.198753 -0.030220032
p 206 201 55.79282 0.027971268
p 205 202 55.41324 0.07761383
p 206 203 55.036915 -0.064819336
p 205 204 54.696545 0.0028438568
p 204 205 54.441963 -0.08362961
p 203 206 54.221104 -0.05864334
p 204 207 54.049515 -0.12438774
p 205 208 53.869884 0.050474167
p 206 209 53.707848 0.029436111
p 206 210 53.48033 -0.11218262
p 207 211 53.48033 0.058626175
p 207 212 53.320652 -0.019508362
p 207 213 53.176933 0.01940918
p 208 214 53.06237 -0.025880814
p 209 215 52.979362 0.021251678
p 209 216 52.91171 0.0030593872
p 208 217 52.816814 -0.016180038
p 209 218 52.763443 -0.054224014
p 210 219 52.665897 -0.04736519
p 209 220 52.66417 -0.08589935
p 209 221 52.575134 -0.020650864
p 209 222 52.5479 -0.036489487
p 210 223 52.50502 -0.062963486
p 210 224 52.429157 0.0053081512
p 210 225 52.429157 -0.017347336
p 210 226 52.272354 -0.20054054
p 211 227 52.258446 -0.005083084
p 210 228 52.243256 -0.05388069
p 209 229 52.088478 -0.004814148
p 208 230 52.07095 -0.08287048
p 207 230 52.06546 -0.091926575
p 207 231 52.06546 -0.19062805
p 206 232 52.052483 0.0042858124
p 206 233 52.035545 -0.14842606
p 207 234 51.930702 0.039548874
p 207 235 51.905563 -0.13402176
p 206 236 51.884003 0.03724861
p 207 236 51.884003 -0.05471039
p 208 237 51.816723 0.044345856
p 209 238 51.762108 0.04401779
p 208 239 51.717697 -0.06172943
p 207 239 51.70856 -0.04707718
p 206 240 51.702232 -0.032808304
p 206 241 51.702232 -0.15249062
p 205 242 51.690662 -0.05763817
p 204 243 51.668144 0.0053958893
p 204 244 51.668144 -0.07210159

c 73 2.5396194
p 190 206 54.286194 -0.017465591
p 191 207 54.155872 -0.0116539
p 192 208 53.854504 -0.09554672
p 192 209 53.59072 -0.035713196
p 192 210 53.472164 0.067876816
p 193 211 53.25692 0.12606812
p 193 212 53.080917 -0.0037593842
p 193 213 53.051662 -0.022283554
p 194 214 53.029793 -0.043987274
p 194 215 52.977333 -0.08460617
p 193 216 52.825306 -0.0722065
p 193 217 52.813396 -0.031518936
p 192 218 52.706524 0.075920105
p 191 219 52.66011 -0.07401848
p 192 220 52.66011 0.02654457
p 191 221 52.60294 -0.04854393
p 192 222 52.5488 0.03939247
p 193 223 52.431973 -0.06042862
p 192 224 52.40138 -0.14157295
p 192 225 52.33133 -0.16504097
p 193 226 52.30049 0.044698715
p 194 227 52.1284 0.014932632
p 194 228 52.107063 -0.057783127
p 194 229 52.08974 -0.054649353
p 195 230 52.064037 -0.030946732
p 195 231 52.028503 -0.053024292
p 196 232 52.028503 0.018947601
p 197 232 52.050877 -0.06053543
p 198 233 51.9864 -0.030946732
p 199 234 51.9268 -0.25625038
p 200 234 51.926033 -0.079574585
p 200 235 51.926033 0.035341263
p 199 236 51.88328 -0.02756691
p 198 237 51.816628 -0.016614914
p 199 238 51.753235 0.026233673
p 200 239 51.753235 0.04393196
p 199 240 51.746574 0.019767761
p 198 241 51.746574 -0.11836815

c 74 7.260578
p 194 49 54.50724 0.21392822
p 195 50 54.681873 0.06157112
p 196 51 54.86136 -0.10608864
p 197 52 55.135605 -0.08187294
p 197 53 55.30664 -0.03719139
p 197 54 55.415295 -0.15857697
p 198 55 55.65633 -0.022064209
p 198 56 55.82758 0.1421814
p 197 57 56.02039 -0.056144714
p 196 58 56.296795 -0.06540871
p 195 59 56.48206 -0.13619995
p 196 60 56.773388 -0.13197708
p 196 61 56.916924 -0.1593647
p 197 62 56.980156 -0.008760452
p 198 63 57.095062 3.0362854
p 199 63 57.390102 1.6862869
p 200 64 57.752266 0.52773666
p 201 65 58.304604 0.05943489
p 202 66 59.249695 0.9896412
p 203 67 59.956345 4.376503
p 203 68 60.45686 -0.57266235
p 202 69 61.76782 0.77236557

c 75 37.925213
p 200 105 89.52875 -2.9642677
p 201 104 88.473366 -2.5071335
p 202 103 87.88885 -2.6150017
p 203 102 86.97706 -2.1448975
p 204 101 86.308876 0.50081635
p 205 100 85.728096 -0.4209404
p 206 99 85.09528 -0.072956085
p 207 98 84.17541 0.32989502
p 208 97 83.443115 0.4110489
p 209 96 82.8984 0.44925308
p 210 95 82.012566 -3.4918098
p 209 94 81.097404 -0.35468674
p 210 93 80.30872 -2.5469322
p 211 92 79.499954 0.44220734
p 212 91 78.71827 1.2156487
p 213 90 78.278305 3.977745
p 214 89 77.07418 5.590191
p 215 88 76.298836 6.44524
p 216 87 75.64095 5.817173
p 217 86 75.001045 6.3020477
p 218 85 74.32609 0.8367195
p 217 84 73.720566 0.93751526
p 218 83 72.87004 2.3244896
p 219 82 72.1333 0.5180702
p 220 81 71.40243 0.9392395
p 221 80 70.74528 4.9522476
p 220 79 69.95124 1.5612373
p 221 78 69.254395 3.673336
p 220 77 68.56095 3.8482437
p 221 76 67.86942 -1.4564171
p 220 75 67.18568 2.2973404
p 221 74 66.522385 -0.19911957
p 220 73 65.876816 1.8165703
p 221 72 65.257774 4.149601
p 222 71 64.64767 1.1823883
p 221 70 64.06837 2.4690285
p 220 69 63.48147 0.87551117
p 221 68 62.91006 -0.8066368
p 222 67 62.19177 0.6702843
p 223 66 61.583115 0.059135437
p 222 65 60.97916 1.2948914
p 223 64 60.387943 2.2966728
p 224 63 59.839985 -0.20518112
p 224 62 59.302525 -0.32214546
p 225 61 58.7994 0.047885895
p 225 60 58.3177 -0.11015892
p 225 59 57.858387 -0.046344757
p 226 58 57.532505 -0.0034122467
p 226 57 57.193855 -0.11998558
p 225 56 56.86555 -0.049476624
p 224 55 56.638058 0.06641388
p 223 54 56.335503 -0.11779976
p 222 53 56.103985 -0.13217545
p 221 52 55.862278 -0.030948639
p 220 51 55.631073 -0.0067653656
p 219 50 55.294895 -0.09539032
p 219 49 55.10637 -0.1361332
p 218 48 54.829067 -0.019561768
p 218 47 54.576355 0.02059555
p 217 46 54.274914 -0.009605408
p 218 45 54.0447 -0.00831604
p 219 44 53.870186 0.03180313
p 219 43 53.691933 -0.05153656
p 219 42 53.571934 -0.032461166
p 218 41 53.481583 -0.022920609
p 219 40 53.360626 0.0061950684
p 220 39 53.194626 -0.13681221
p 220 38 53.104702 -0.07082939
p 219 37 53.003967 1.6784668E-4
p 218 36 52.899628 -0.05168724
p 217 35 52.803352 -0.09453583
p 217 34 52.691895 -0.035396576
p 217 33 52.57537 -0.05101776
p 217 32 52.503708 -0.060804367
p 217 31 52.42317 -0.09786606
p 218 30 52.42317 -0.17000961
p 219 29 52.371864 0.006225586
p 218 28 52.3112 -0.092113495
p 217 27 52.22993 0.047101974
p 216 26 52.143562 -0.058044434
p 215 25 52.056442 -0.030845642
p 214 24 52.01139 0.04385376
p 213 24 51.98357 -0.015008926
p 212 23 51.950806 -0.0349617
p 213 22 51.91988 -0.109012604
p 214 21 51.877373 -0.036779404
p 213 20 51.84774 -0.032230377
p 212 19 51.786144 -0.018789291
p 212 18 51.783012 -0.04140854
p 213 17 51.78158 0.038448334
p 212 16 51.745113 -0.019018173
p 213 15 51.72645 -0.043008804
p 212 14 51.691525 0.039813995
p 211 13 51.603535 0.0022296906
p 211 12 51.603535 -0.08802223

c 76 47.988926
p 202 118 99.68446 2.1075935
p 203 117 98.69064 1.0564156
p 204 116 98.02678 0.13799667
p 205 115 97.48235 -0.46878052
p 206 114 96.9065 0.46337128
p 207 113 96.11718 1.6923447
p 208 112 95.45188 1.81707
p 209 111 94.73361 1.6991997
p 210 110 94.142975 1.9220963
p 211 109 93.69779 0.4069748
p 212 108 93.01834 0.8584175
p 213 107 92.399216 1.0584946
p 214 106 91.746185 1.877327
p 215 105 91.11835 2.5461693
p 216 104 90.47151 1.7805328
p 217 103 89.89432 0.9931793
p 218 102 89.21206 1.9429855
p 219 101 88.658325 2.1326714
p 220 100 88.06664 2.6139145
p 221 99 87.463806 2.9096222
p 222 98 86.88302 0.8336067
p 223 97 86.34126 0.1388855
p 224 97 85.711395 1.281929
p 225 96 85.38237 0.22972107
p 226 96 84.45254 0.015773773
p 227 95 83.48209 2.6234856
p 228 94 82.62467 2.2207756
p 229 93 81.96873 2.4790192
p 230 92 81.467964 2.7703514
p 231 91 80.919815 3.0442162
p 232 90 80.33423 2.2915802
p 233 89 79.714035 3.3598404
p 234 88 79.15841 3.236309
p 235 87 78.66043 5.3209686
p 236 86 78.18249 2.7905655
p 237 85 77.54225 2.2040482
p 238 84 77.16107 2.5485115
p 239 83 76.922646 1.6098328
p 240 83 76.46711 2.798378
p 241 83 75.74066 3.817482
p 242 82 74.92089 1.02388
p 243 81 74.286896 -0.6942787
p 244 80 73.79049 -1.4601631
p 245 79 73.255486 -1.3526039
p 246 78 72.61587 -0.9758301
p 247 77 71.90492 0.40286255
p 248 76 71.26818 1.907753
p 249 75 70.60622 0.047893524
p 248 74 69.968956 0.8360863
p 249 73 69.37329 3.034649
p 250 72 68.76804 4.883133
p 251 71 68.1103 4.42852
p 252 70 67.32423 6.507622
p 253 69 66.34736 13.589985
p 254 68 65.44716 0.076667786
p 253 67 64.615555 14.145451
p 252 66 63.863136 0.4186821
p 251 65 63.23653 0.22469902
p 250 64 62.65224 0.8220062
p 249 63 62.093365 2.8719769
p 248 62 61.554844 -0.10707474
p 247 62 60.99256 -0.2210083
p 246 62 60.428627 0.030508041
p 245 63 59.87853 0.04743576
p 244 62 59.57644 0.051883698
p 243 61 59.23787 0.2050991
p 242 60 58.945965 0.2963028
p 241 59 58.63043 0.2099247
p 240 58 58.317524 0.08609009
p 239 57 58.00449 0.0743351
p 238 56 57.706463 -0.14525223
p 237 55 57.406487 -0.3155346
p 236 54 57.202522 -0.15604591
p 235 53 56.865005 -0.082588196
p 234 52 56.534542 -0.029863358
p 233 51 56.169277 0.022287369
p 232 50 55.813305 -0.2094593
p 231 49 55.47371 0.060691833
p 232 48 55.055958 -0.22790527
p 233 47 54.71351 -0.01269722
p 232 46 54.476868 -0.049812317
p 232 45 54.172874 0.007921219
p 231 44 53.957462 -0.045877457
p 232 43 53.806767 -0.08920097
p 233 42 53.5845 -0.057020187
p 233 41 53.501408 -0.059612274
p 232 40 53.35842 -0.080703735
p 233 39 53.162144 -0.016324997
p 232 38 53.03063 -0.06171608
p 231 38 52.96362 -0.1492157
p 230 37 52.96362 0.090307236
p 231 36 52.89578 -0.086746216
p 231 35 52.75017 -0.003660202
p 231 34 52.65051 -0.01805687
p 232 33 52.65051 -0.067741394
p 233 32 52.556168 -0.025979996
p 232 31 52.42924 -0.04504776
p 231 30 52.408062 -0.15636635
p 231 29 52.306854 -0.06124115
p 230 28 52.224045 0.043382645
p 230 27 52.171413 -0.012252808
p 229 26 52.135063 -0.047279358
p 230 25 52.126926 4.0245056E-4
p 229 24 52.048164 -0.11758995
p 228 23 52.01733 0.044887543
p 227 22 51.9356 -0.12005043
p 227 21 51.9356 -0.076351166
p 226 20 51.922665 -0.030607224
p 225 19 51.885826 -0.058200836
p 226 18 51.885826 -0.021194458
p 227 17 51.836693 -0.20679474
p 226 16 51.775177 0.031845093
p 226 15 51.76183 -0.050945282
p 226 14 51.70728 -0.070373535
p 227 13 51.695538 -0.045145035
p 228 13 51.695538 -0.03822708

c 77 1.0327034
p 205 39 53.038704 -0.0045337677
p 206 38 52.948162 -0.008544922
p 206 37 52.89393 0.010137558
p 207 36 52.807076 0.02194786
p 208 35 52.672375 -0.05581093
p 209 35 52.672375 -0.036455154
p 210 34 52.642956 -0.10638046
p 210 33 52.622593 -0.04728508
p 209 32 52.512993 -0.086948395
p 209 31 52.382328 0.007978439
p 209 30 52.355713 -0.007938385
p 208 29 52.302406 -0.11006355
p 208 28 52.19241 -0.13068199
p 207 27 52.16649 6.580353E-4
p 206 26 52.095264 -9.822845E-4
p 207 25 52.006 -0.08392143
p 206 25 52.006 -0.018791199

c 78 11.883575
p 206 83 75.977005 1.9441833
p 207 82 75.08755 2.2991486
p 208 81 74.133896 2.4735985
p 209 80 73.08601 1.5236549
p 210 79 71.84633 0.7504158
p 211 78 70.727455 1.167263
p 212 77 70.03219 1.1648598
p 213 76 69.32562 1.2169342
p 214 75 68.69204 0.1933136
p 215 74 68.114395 -0.3007927
p 216 73 67.5459 -3.545189
p 215 72 66.8449 7.337734
p 216 71 66.04201 0.8185692
p 217 70 65.40443 -2.6458054
p 218 69 64.75723 -3.925747
p 219 70 64.09343 -0.81739044

c 79 25.217827
p 211 120 97.729996 -0.10757446
p 212 119 97.02583 0.6818619
p 213 118 96.38824 0.8996506
p 214 117 95.758835 0.81469727
p 215 116 95.18984 0.4372177
p 216 115 94.359795 0.41882324
p 217 114 93.67899 0.8847542
p 218 113 93.18737 1.3220329
p 219 112 92.46902 1.4387321
p 220 111 91.868286 2.846634
p 221 110 91.236664 1.5362167
p 222 109 90.657295 1.6958809
p 223 108 89.9824 1.4625931
p 224 107 89.37987 1.3658142
p 225 106 88.782234 1.5284576
p 226 105 88.179756 1.5836983
p 227 104 87.5749 0.42287827
p 228 103 86.99872 0.40735626
p 229 102 86.51323 -0.07475281
p 230 103 86.907585 0.7258873
p 231 102 86.4047 0.68411636
p 232 101 85.89847 -0.34352493
p 231 100 85.29716 1.4743004
p 232 99 84.34577 1.4745216
p 233 98 83.77457 1.8787613
p 234 97 83.2188 1.4579048
p 235 96 82.63438 0.34807587
p 236 95 82.01536 -0.30604172
p 237 94 81.35002 -0.14395523
p 238 93 80.93914 -0.34804535
p 239 92 80.39261 0.44013977
p 240 91 79.87494 3.3490105
p 241 90 79.23288 1.6111374
p 242 89 78.6931 -0.040863037
p 241 88 78.21078 0.088890076
p 240 87 77.68388 0.19575882
p 241 86 77.12155 0.24955368
p 242 85 76.451935 0.33442307
p 243 84 75.6728 1.5555305
p 244 83 75.08348 1.9379768
p 245 82 74.6675 1.5044441
p 246 81 73.92682 2.8570557
p 247 80 73.46944 1.2265549
p 248 79 73.002594 1.133316
p 248 78 72.51217 1.2332306

c 80 40.033382
p 213 156 91.8192 1.123085
p 214 157 91.165344 1.9953499
p 215 158 90.46669 1.1184578
p 216 159 89.8591 0.8210449
p 217 160 89.23372 0.17176056
p 218 161 88.64046 0.5349541
p 219 162 88.08263 0.80295944
p 220 163 87.5362 -0.5121269
p 221 164 87.006485 -0.49879074
p 222 165 86.470924 -0.1659813
p 223 166 85.8338 1.6619377
p 224 167 85.28132 3.8896713
p 225 168 84.73288 5.2135696
p 226 169 84.164925 4.0498734
p 227 170 83.56754 2.716671
p 228 171 82.94934 2.4498825
p 229 172 82.2253 -0.21502304
p 228 173 81.394295 2.1499138
p 229 174 80.94499 2.9451752
p 230 175 80.21385 3.8504562
p 231 176 79.633255 3.381897
p 232 177 79.10366 3.5593948
p 233 178 78.47988 2.1035995
p 234 179 77.93285 2.8208199
p 235 178 77.116234 1.165432
p 236 179 76.28013 -0.6750641
p 237 178 75.46829 1.3710747
p 238 179 74.627525 0.8395996
p 239 180 73.99472 0.4273796
p 240 181 73.32234 0.46055603
p 241 182 72.75134 1.453167
p 242 183 72.299675 2.7503967
p 243 184 71.73485 4.368023
p 244 185 71.160614 2.7218933
p 245 185 70.44452 1.6641464
p 246 184 69.56927 -1.3861809
p 247 185 68.83726 4.444504
p 248 184 68.13908 2.0796547
p 249 183 67.4194 -0.019046783
p 250 184 66.709015 -0.8734665
p 251 185 66.081604 -0.16705704
p 252 185 66.05047 7.9206924
p 253 186 65.46489 11.762363
p 254 187 64.86476 -0.014549255
p 253 188 64.26976 9.145195
p 254 189 63.73104 4.377922
p 253 190 63.146435 3.4811459
p 252 191 62.559155 -0.10983276
p 252 192 61.986107 3.3037548
p 251 193 61.410774 -0.13570595
p 251 194 60.8669 -0.4225006
p 250 195 60.32442 -0.41052055
p 249 196 59.797523 -0.37428856
p 248 197 59.257404 -0.38158226
p 247 198 58.75335 -0.38426208
p 246 199 58.2231 -0.36602402
p 245 200 57.771507 -0.23273659
p 244 201 57.29316 -0.22649384
p 243 202 56.82444 -0.24380875
p 243 203 56.276363 -0.20109558
p 244 204 55.914677 -0.043190002
p 244 205 55.514435 -0.19827652
p 243 206 55.120453 -0.023389816
p 244 207 54.691994 0.06326103
p 243 208 54.404778 0.17506218
p 244 209 54.08024 -0.07357788
p 245 210 53.86271 -0.027303696
p 244 211 53.723198 -0.02094078
p 243 212 53.528553 0.11437988
p 242 213 53.300167 -0.05315399
p 241 214 53.157745 0.060588837
p 241 215 53.059334 -0.06192398
p 241 216 52.986 -0.16386795
p 241 217 52.82797 -0.13025856
p 240 218 52.66888 -0.066143036
p 240 219 52.59868 -0.025003433
p 240 220 52.597874 -0.011810303
p 241 221 52.568142 -0.075855255
p 242 222 52.527534 -0.0071411133
p 241 223 52.428253 -0.0911541
p 242 224 52.428253 0.09824371
p 243 225 52.2734 -0.11700249
p 242 226 52.22552 -0.016750336
p 243 227 52.201996 -0.010091782
p 243 228 52.107098 -0.09654045
p 243 229 52.05961 -0.040872574
p 243 230 52.059425 -0.0017700195
p 242 231 51.977936 0.07456589
p 241 232 51.91113 -0.02865982
p 240 233 51.88914 0.056819916
p 239 234 51.82437 -0.13306046
p 240 235 51.785816 -0.045042038
p 240 236 51.785816 -0.06925011

c 81 3.4651642
p 214 241 51.749622 2.8419495E-4
p 215 240 51.770866 -0.05551529
p 216 239 51.778454 -0.011102676
p 216 238 51.8142 -0.061903
p 216 237 51.85735 -0.016834259
p 217 236 51.88316 -0.03835869
p 217 235 51.902462 0.0069789886
p 218 234 51.944363 -0.029186249
p 218 233 51.9813 -0.0064144135
p 217 232 52.056023 -0.0039863586
p 218 231 52.091976 -0.020441055
p 217 230 52.139984 0.023899078
p 218 229 52.173634 -0.079782486
p 218 228 52.18095 0.014347076
p 217 227 52.261147 -0.08507156
p 216 226 52.34034 -0.018695831
p 217 225 52.39259 -0.14084435
p 218 224 52.439102 -0.025968552
p 217 223 52.530113 -0.09729195
p 216 222 52.574287 -0.07979965
p 216 221 52.65419 0.0010414124
p 215 220 52.707657 -0.006122589
p 215 219 52.744137 -0.03763199
p 215 218 52.823532 -0.04244995
p 216 217 52.931377 -0.09343338
p 216 216 52.997215 -0.10128975
p 215 215 53.078587 0.0013999939
p 216 214 53.198677 -0.022031784
p 217 213 53.29503 -0.083618164
p 218 212 53.435177 -0.08356476
p 219 211 53.58535 -0.039237976
p 219 210 53.813362 0.07372093
p 220 209 53.991283 -0.032670975
p 221 208 54.160515 -0.05282402
p 222 207 54.280556 -0.28471375
p 223 206 54.549225 -0.07192993
p 224 205 54.767548 -0.06021118
p 225 204 55.004288 0.032442093
p 224 203 55.214787 -0.079530716

c 82 24.19841
p 223 151 90.82658 0.8687172
p 224 152 90.41009 -0.13726807
p 225 152 89.49795 0.836895
p 226 153 88.68725 0.5392761
p 227 154 88.11271 -0.011318207
p 228 153 88.40291 0.3587265
p 229 154 87.71861 0.64247894
p 230 155 86.997536 0.9765358
p 231 156 86.39682 -0.12413406
p 230 157 85.72058 2.3335075
p 231 158 84.60827 3.192566
p 232 159 83.88779 0.60367584
p 233 160 83.26444 0.66267776
p 234 161 82.68575 0.4511795
p 235 162 82.09712 0.8825798
p 236 163 81.50294 2.3797493
p 237 164 80.92509 2.8895073
p 238 165 80.377174 2.357235
p 239 166 79.85032 3.6529655
p 240 167 79.32597 1.4551735
p 241 168 78.75627 1.2286682
p 242 169 78.15205 1.1919136
p 243 170 77.57737 1.7123146
p 244 171 76.96205 1.8214035
p 245 172 76.32335 2.9606972
p 246 173 75.72509 4.198059
p 247 174 75.17824 5.9808426
p 248 175 74.50914 -0.45692062
p 249 174 73.42212 0.8675461
p 250 175 72.34297 1.0662498
p 251 176 71.58024 0.68774796
p 252 177 70.86983 0.41877747
p 253 178 70.22772 10.425491
p 252 179 69.61363 -0.7735138
p 253 180 69.00401 11.542076
p 252 181 68.39886 6.97155
p 251 182 67.799286 0.36977386
p 252 183 67.20879 0.7552414
p 253 184 66.62817 4.319294

c 83 1.5227509
p 226 45 54.186764 0.07066536
p 227 44 53.962048 -0.003900528
p 228 43 53.771618 -0.024103165
p 229 42 53.694984 -0.15334702
p 230 41 53.51683 -0.011257172
p 229 40 53.29776 -0.13400269
p 228 39 53.202744 0.07916069
p 229 38 53.032063 -0.022846222
p 229 37 52.941273 -0.1470604
p 228 36 52.908108 -0.026903152
p 229 35 52.784275 -0.13859558
p 230 34 52.664013 0.014299393

c 84 2.7502785
p 226 203 55.27909 -0.02905655
p 227 202 55.60036 -0.11409569
p 227 201 55.884705 0.06250763
p 228 200 56.14512 0.049274445
p 229 199 56.367264 -0.0043945312
p 230 198 56.59001 0.09155464
p 231 197 56.732883 -0.13533783
p 232 196 57.049995 0.115371704
p 231 195 57.309204 -0.035835266
p 232 194 57.528923 0.017343521
p 231 193 57.73601 0.61125946
p 230 192 58.02937 3.4069176

c 85 2.003563
p 227 211 53.691284 0.13456535
p 228 212 53.494625 0.071554184
p 229 213 53.254593 -0.02204895
p 229 214 53.181866 0.06898308
p 228 215 53.036793 -0.024806976
p 229 216 52.86168 -0.07138252
p 228 217 52.78634 -0.021112442
p 227 218 52.661514 -0.074617386
p 228 219 52.661514 -0.040618896
p 229 220 52.60429 0.009765625
p 229 221 52.549637 -0.11436272
p 229 222 52.523468 -0.10939407
p 230 223 52.45725 -0.03481865
p 231 224 52.372612 -0.007816315
p 232 225 52.306942 -0.08413887
p 232 226 52.27378 -0.06325531
p 231 227 52.181538 -0.034721375
p 232 228 52.16177 -0.122629166
p 233 229 52.117985 -0.008314133
p 234 230 52.029716 -0.11705017
p 235 231 51.99883 -0.0034275055
p 236 232 51.926502 -0.012540817
p 237 233 51.89157 -0.030540466
p 237 234 51.86878 -0.0723114
p 236 235 51.849777 0.05419731
p 235 236 51.795742 -0.071596146
p 235 237 51.75284 -0.01216507
p 234 238 51.72271 -0.12217903
p 233 239 51.709763 -0.048885345
p 234 240 51.704086 0.036382675
p 233 241 51.68772 -0.06414795
p 232 241 51.68772 -0.111206055

c 86 6.1463776
p 230 105 87.93442 -0.10468674
p 231 106 88.57625 0.15272903
p 230 107 89.15228 0.41404343
p 231 108 89.693565 1.4381409
p 232 109 90.31574 1.5746689
p 233 110 90.94724 1.969883
p 234 111 91.55947 1.0506592
p 235 112 92.14389 0.45225143
p 234 113 92.73206 0.32627106
p 233 114 93.51812 1.0894699
p 232 115 94.080795 1.3357697

c 87 7.4922867
p 236 96 82.497025 2.101925
p 237 95 81.92023 2.1758041
p 238 94 81.20258 3.1269264
p 239 93 80.75357 1.7321892
p 240 92 80.31279 2.4487877
p 241 91 79.78601 0.8031578
p 242 90 79.14434 -0.30556107
p 243 89 78.6343 -0.048355103
p 244 88 78.205025 0.47446442
p 244 87 77.63719 -2.192627
p 243 86 77.13714 1.2364197
p 243 85 76.441216 0.9277115
p 244 84 75.54482 -0.6975212
p 245 83 75.00474 -0.24367905

c 88 0.8012047
p 241 34 52.635384 0.06730652
p 242 33 52.50578 -0.14368439
p 243 33 52.495846 -0.13251305
p 244 32 52.429844 -0.019859314
p 244 31 52.37992 -0.050027847
p 245 30 52.359768 -0.033838272
p 245 29 52.359768 0.028617859
p 246 28 52.24865 -0.18989182
p 247 27 52.211674 0.052322388
p 246 26 52.140896 -0.23329544
p 245 25 52.129246 -0.022161484
p 246 24 52.065403 -0.07444191
p 245 23 52.025505 -0.02611351
p 245 22 51.985027 0.08907509
p 245 21 51.985027 0.0029067993
p 244 20 51.859695 -0.13481331
p 243 19 51.83418 -0.095220566
p 243 18 51.83418 -0.02461052

c 89 19.232712
p 242 145 90.075165 -0.9182358
p 243 146 89.50123 -1.4945068
p 244 147 88.94133 -0.7544899
p 245 148 88.36029 -0.48669052
p 246 149 87.63085 0.04067993
p 247 150 86.972496 0.50315857
p 248 151 86.305565 -0.87125397
p 249 152 85.794685 -0.8700714
p 250 153 85.32366 0.9475174
p 249 154 84.63181 -0.7071686
p 250 155 84.0571 0.052124023
p 249 156 83.484764 0.087402344
p 250 157 82.90661 0.9093132
p 249 158 82.306816 0.30823135
p 250 159 81.6801 0.92229843
p 249 160 81.063255 0.97714233
p 248 161 80.473976 1.5033417
p 249 162 79.89091 0.47903442
p 248 163 79.2883 2.2890282
p 249 164 78.668106 4.1318626
p 250 165 78.14744 3.482853
p 251 166 77.5775 4.050251
p 252 167 77.01684 4.5956116
p 253 168 76.423035 3.4948692
p 252 169 75.80464 2.2417603
p 253 170 75.17356 3.1317482
p 254 171 74.55322 0.0107421875
p 253 172 73.93559 9.636723
p 252 173 73.342514 -0.34098053
p 253 174 72.62245 7.9735947
p 252 175 72.02829 5.1055984
p 253 176 71.43894 14.8104515
p 254 177 70.84245 6.4086914E-4

c 90 0.5269432
p 247 226 52.27457 0.028562546
p 247 227 52.140514 -0.028512955
p 248 228 52.067024 -0.04055977
p 248 229 52.067024 0.13585281
p 249 230 51.95162 -0.14127159
p 249 231 51.927284 0.020391464
p 248 232 51.924942 0.09923172
p 249 233 51.85164 -0.06134224
p 250 234 51.85164 -0.015247345
p 250 235 51.84195 -0.06565666
p 250 236 51.84195 0.022554398
p 249 237 51.769432 0.09278679
p 250 238 51.748096 -0.06288338
p 249 239 51.747627 -0.04269409
p 248 239 51.747627 -0.0014381409

c 91 0.5705414
p 249 29 52.297874 -0.19577599
p 250 28 52.297874 -0.0041713715
p 250 27 52.248417 0.0580616
p 251 26 52.192295 -0.012968063
p 252 25 52.106304 -0.07159805
p 251 24 52.094975 0.06895065
p 252 23 52.004032 -0.17245102
p 253 22 51.97768 -0.053390503
p 253 21 51.949883 -0.06195259
p 252 20 51.872776 -0.007757187
p 252 19 51.872776 -0.050411224
p 253 18 51.840244 -0.17659378
p 252 17 51.840244 0.07406235
p 253 16 51.794918 0.03224373
p 252 15 51.764282 -0.007537842
p 251 14 51.727333 -0.12706757
p 250 13 51.727333 -0.05486679

avg 12.928701
end