//fileLoc: inputData/gradient11.png
//fluxMulti: 3.0 channelCutOff: 10
//wk_fmin: 0.0 wk_fmax: 1.0
//total_mass_shift: 2738.25
# 81
avgCurve 2.054164

c 0 86.79395
p 0 22 16.144304 -0.26794052
p 1 22 16.144304 -0.028097153
p 2 22 16.147058 0.03855133
p 3 23 16.189377 0.007879257
p 3 24 16.254364 -0.03924942
p 4 25 16.30272 -0.11511803
p 5 26 16.356878 -0.03379059
p 6 25 16.356878 0.13533401
p 7 26 16.371513 -0.23820496
p 7 27 16.397774 -0.3876505
p 8 28 16.557457 -0.031419754
p 8 29 16.590836 0.18752003
p 8 30 16.762009 -0.3965435
p 8 31 16.90072 -0.56847095
p 8 32 16.9925 -0.5246668
p 7 33 17.04422 -0.13155937
p 7 34 17.115559 -0.08331394
p 7 35 17.171442 0.07240677
p 6 36 17.171442 0.07980251
p 7 37 17.313166 0.047914505
p 8 38 17.50707 0.009279251
p 8 39 17.632181 0.14725971
p 7 40 17.76227 -0.033514023
p 6 41 17.763008 -0.13692665
p 5 42 18.238821 -0.16908169
p 4 43 18.584166 -0.30584908
p 3 44 18.853046 0.24241447
p 2 45 19.220165 -0.12367916
p 1 46 19.579916 -0.007368088
p 2 47 19.925653 -0.1416378
p 3 48 20.25628 0.47605324
p 4 49 20.758896 -0.29161358
p 5 50 21.369383 0.12543297
p 6 51 21.972795 -0.009984016
p 7 52 22.61091 0.021740913
p 8 53 23.245249 -0.4907217
p 9 54 24.017868 -0.035779
p 10 55 24.757462 -0.2640934
p 10 56 25.401304 0.19864082
p 10 57 26.249966 -0.55667305
p 11 58 27.015442 0.02927208
p 10 59 27.741426 -0.6606083
p 11 60 28.570517 -0.7643528
p 12 61 29.400133 -0.6301422
p 13 62 30.055998 0.6093445
p 14 63 31.006433 4.1267023
p 13 64 31.959644 5.7141676
p 14 65 32.888042 2.7184772
p 13 66 33.82624 4.6338882
p 12 67 34.85407 4.6783905
p 11 68 35.842766 3.6362324
p 12 69 36.779366 8.403896
p 11 70 37.70035 7.970459
p 10 71 38.625446 3.607109
p 11 72 39.567635 4.6439056
p 12 73 40.53486 2.1361275
p 13 74 41.409176 2.718422
p 14 75 42.787876 -1.8845215
p 13 76 43.54448 3.1819954
p 12 77 44.951633 5.293232
p 11 78 46.226627 4.003277
p 12 79 47.22138 6.1209145
p 11 80 48.04501 1.3749218
p 12 81 49.017258 2.433834
p 13 82 50.09746 -0.40542412
p 12 83 51.169453 9.613121
p 13 84 52.21346 -1.0744267
p 12 85 53.39349 3.02676
p 13 86 54.360676 8.537529
p 12 87 55.2952 2.7508125
p 13 88 56.857414 5.24041
p 12 89 57.83865 -2.1827621
p 11 90 58.755642 -7.8092766
p 10 91 59.80814 -10.849163
p 9 92 60.95263 -0.34570885
p 10 93 62.288998 -5.046562
p 11 94 63.55517 -1.9330521
p 10 95 64.95424 -3.1685371
p 11 96 66.70015 -2.0705032
p 10 97 67.77537 -10.26992
p 9 98 69.2559 -11.677681
p 8 99 70.213196 -16.523582
p 7 100 71.170906 -18.149788
p 6 101 74.88139 -4.085537
p 7 102 78.04581 3.0795593
p 6 103 82.978294 3.579956
p 7 104 85.33991 -8.459518
p 8 105 87.03458 -3.1643448
p 7 106 88.92551 -6.909786
p 6 107 90.689415 -2.367508
p 7 108 92.2172 -1.1833725
p 6 109 94.23629 -3.5063324
p 5 110 97.003 -0.5596199
p 6 111 97.96614 0.25606537
p 5 112 98.94717 -2.731079
p 4 113 100.03116 -1.4338303
p 5 114 101.75738 -3.0063667
p 6 115 102.938255 -3.11932

c 1 2.5107327
p 0 210 19.3845 0.045082092
p 0 211 19.136438 -0.17128181
p 1 212 19.136438 0.41835213
p 2 213 18.66336 -0.3716755
p 3 214 18.612429 0.17883682
p 2 215 18.33466 -0.07377434
p 3 216 18.063053 -0.0795908
p 3 217 17.856909 -0.17512321
p 2 218 17.747953 0.122730255
p 2 219 17.566582 -0.021814346
p 3 220 17.522665 0.004140854
p 3 221 17.211382 -0.021342278
p 3 222 17.141764 0.09265232
p 4 223 17.032778 -0.192976
p 5 224 16.873768 -0.034656525
p 5 225 16.873768 -0.13547325

c 2 26.862494
p 2 179 43.753853 -2.2425175
p 3 180 42.728 10.472069
p 2 181 41.73171 -4.2472687
p 3 182 40.736343 3.5737572
p 4 183 39.7344 2.9480877
p 5 184 38.747536 6.7900143
p 6 185 37.751125 10.662895
p 7 186 36.717476 14.654692
p 8 187 35.70881 -3.100975
p 7 188 34.746716 7.8878727
p 8 189 33.7926 1.5092793
p 9 190 32.840157 0.01398468
p 8 191 31.881916 2.0937214
p 7 192 30.945042 0.13393497
p 8 193 30.021212 -0.19348145
p 9 194 29.138817 0.07208729
p 8 195 28.276455 0.021343231
p 9 196 27.432364 -0.23395729
p 10 197 26.563097 -0.0066308975
p 9 198 25.780533 0.10075855
p 10 199 25.155785 0.2116394
p 9 200 24.512697 -0.29471684
p 10 201 23.821514 -0.075284004
p 9 202 23.149637 -0.06149578
p 8 203 22.523245 0.26594162
p 7 204 21.933363 5.950928E-4
p 7 205 21.41353 -0.1390562
p 8 206 21.188578 -0.25542355
p 9 207 20.535881 -0.11081219
p 9 208 20.237402 0.09559059
p 10 209 19.88144 -0.114442825
p 9 210 19.523088 0.26230145
p 8 211 19.135822 0.0010480881
p 9 212 18.90358 0.12939072
p 10 213 18.724546 -0.0016374588
p 10 214 18.484869 -0.18735218
p 10 215 18.26396 -0.21299553
p 9 216 18.024925 0.19253731
p 10 217 17.921469 -0.20775986
p 10 218 17.690409 0.025237083
p 10 219 17.398344 -0.39491653
p 9 220 17.398344 0.12790585
p 10 221 17.333012 0.23484325
p 9 222 17.074488 -0.15851688
p 9 223 17.074488 -0.5174198
p 9 224 16.89136 -0.46173954
p 8 225 16.89136 0.09030247

c 3 48.59626
p 2 179 43.753853 -3.8535404
p 3 178 44.75783 0.99640656
p 4 177 46.17542 5.0876694
p 5 176 47.244164 8.616261
p 6 175 48.24489 8.558033
p 7 174 49.31673 3.7665062
p 8 173 50.374565 8.108799
p 9 172 51.363613 1.4081974
p 8 171 52.30762 7.5309486
p 9 170 53.256943 -0.8740921
p 8 169 54.681664 4.930891
p 9 168 56.17859 -1.6745892
p 10 167 57.52357 -0.530262
p 11 166 58.82093 2.4264374
p 12 165 60.060463 3.7739258
p 13 164 61.208885 2.790062
p 14 163 62.40838 -2.4250412
p 15 162 63.4249 -2.571968
p 16 161 64.547844 -1.2249184
p 15 160 65.58761 1.0834274
p 16 159 67.21104 1.2304878
p 17 158 68.46681 1.5456314
p 18 157 69.733864 0.6654358
p 17 156 71.00513 3.5513992
p 18 155 72.663246 2.2073479
p 17 154 73.322174 5.2222977
p 18 153 74.345474 1.3068466
p 17 152 75.3457 2.9885406
p 18 151 76.38819 2.2345695
p 17 150 77.56995 -2.1610336
p 16 149 78.69168 -5.3851357
p 15 148 79.78828 -2.9286118
p 14 147 81.08502 -1.0063019
p 13 146 82.40438 -1.192955
p 12 145 83.718704 -6.72945
p 13 144 85.00322 3.6437836
p 12 143 86.46696 -5.7492104
p 11 142 87.77412 -4.023697
p 10 141 89.39747 -5.9406357
p 9 140 92.35011 -1.403965

c 4 34.93446
p 9 29 16.690773 0.23840523
p 10 30 16.76713 -0.27135277
p 11 31 16.76713 -0.057950974
p 10 32 16.925066 0.06179428
p 11 33 16.92623 0.03555298
p 11 34 17.139242 0.122434616
p 12 35 17.139242 -0.7645588
p 12 36 17.302813 -0.3309965
p 13 37 17.393837 -0.07383442
p 13 38 17.393837 -0.29121208
p 12 39 17.80766 0.19610691
p 13 40 17.986906 -0.060303688
p 14 41 18.291187 -0.032280922
p 15 42 18.518265 0.011157036
p 16 43 18.748638 -0.34460258
p 17 44 19.048649 -0.04360962
p 17 45 19.478508 -0.17225742
p 18 46 19.785233 0.23597813
p 19 47 20.052097 -0.08721447
p 20 48 20.527353 0.320549
p 21 49 21.129463 -0.20110989
p 22 50 21.449686 -0.26090622
p 21 51 22.069586 -0.70638084
p 20 52 22.52246 -0.22096443
p 19 53 23.113901 0.1139698
p 20 54 23.919035 -0.30282784
p 21 55 24.597324 -0.13064575
p 22 56 25.554512 -0.011369705
p 23 57 26.120245 -0.16337109
p 23 58 26.528036 0.18882656
p 22 59 27.527197 -0.06827831
p 21 60 27.886747 -0.10206318
p 20 61 28.760096 -0.12910652
p 20 62 29.041677 2.1995478
p 21 63 29.669994 2.4787607
p 20 64 30.375565 4.02055
p 21 65 31.670616 1.42768
p 22 66 32.468628 1.6934719
p 23 67 33.20008 -3.072918
p 24 68 34.919575 -1.4401207
p 23 69 37.006077 1.0990334
p 22 70 38.417233 0.6045933
p 21 71 44.985294 0.6042156
p 22 72 50.385746 11.233255
p 21 73 51.625233 1.3539753

c 5 1.2828484
p 14 215 18.22181 -0.02323246
p 14 216 17.87117 -0.45642757
p 15 217 17.599655 -0.20456505
p 16 218 17.485874 -0.018910408
p 17 218 17.444141 -0.27905178
p 17 219 17.444141 0.16964626
p 16 220 17.335611 -0.033679962
p 16 221 17.335611 0.09045315
p 17 222 17.177212 0.016886711
p 17 223 17.123358 -0.16739082
p 17 224 17.112398 -0.031493187
p 16 225 16.938961 -0.21124935
p 15 225 16.938961 -0.66887665

c 6 38.584312
p 15 176 55.904606 1.9386101
p 16 177 54.984642 10.1352825
p 15 178 49.508236 -5.7634315
p 16 179 45.029358 6.75482
p 15 180 43.09634 2.7223377
p 16 181 41.29642 5.6761875
p 15 182 40.360615 3.504385
p 16 183 39.161564 0.19875145
p 17 184 37.929844 -1.9595909
p 18 185 36.65944 -6.0366726
p 19 186 35.458767 -5.7686176
p 20 187 34.141132 -3.0296955
p 21 188 33.375095 1.9899197
p 22 189 32.430244 6.0755043
p 23 190 31.372791 7.1176863
p 24 191 30.508093 -0.006155014
p 23 192 29.468172 0.021263123
p 23 193 28.880798 0.071689606
p 24 194 28.038458 0.065597534
p 23 195 26.955496 -0.58460236
p 24 196 26.48283 0.29509258
p 23 197 26.09532 -0.45032787
p 23 198 25.21593 -0.51611614
p 24 199 24.539528 -0.28504944
p 25 200 23.81923 -0.21690941
p 26 201 23.617014 0.37686062
p 25 202 22.870705 -0.25507832
p 24 203 22.520596 -0.27131176
p 23 204 22.016954 -0.20997238
p 24 205 21.47634 -0.06358147
p 23 206 20.935936 -0.21639729
p 22 207 20.380398 -0.21386433
p 23 208 19.952032 0.029458046
p 24 209 19.67543 -0.09135437
p 23 210 19.526537 -0.18976688
p 24 211 19.152227 0.0769825
p 24 212 18.880035 -0.04031658
p 23 213 18.54691 -0.14148998
p 23 214 18.289192 0.20684814
p 24 215 18.156376 -0.12032223
p 25 216 18.022175 0.0013017654
p 24 217 17.833769 -0.5600109
p 23 218 17.690874 -0.06215763
p 23 219 17.389372 -0.36233902
p 22 220 17.375637 -0.28489304
p 21 221 17.320295 -0.42408848
p 22 221 17.320295 -0.22715569

c 7 80.24889
p 22 30 16.826202 -0.1476717
p 23 30 16.826202 -0.40829086
p 23 31 16.855703 0.012198448
p 22 32 17.097467 -0.20038605
p 22 33 17.153727 0.007963181
p 23 34 17.192339 0.022708893
p 23 35 17.238335 0.04820919
p 24 36 17.256111 -0.72187805
p 25 37 17.476074 0.045930862
p 25 38 17.692528 0.16230106
p 26 39 17.97245 -0.071341515
p 27 40 18.097368 -0.39083958
p 28 41 18.153097 -0.26238346
p 27 42 18.245684 -0.29040623
p 27 43 18.762798 -0.065280914
p 27 44 19.198906 -0.40998268
p 27 45 19.203613 -0.34933567
p 26 46 19.84625 0.19041443
p 25 47 20.279007 -0.0535326
p 25 48 20.705101 -0.2032919
p 26 49 21.073734 -0.13943768
p 26 50 21.619091 -0.10021877
p 27 51 21.928215 -0.13698769
p 27 52 22.74491 -0.01720047
p 26 53 23.466213 -0.15585613
p 27 54 24.162428 -0.0012025833
p 26 55 24.796024 -0.02744484
p 26 56 25.60861 0.17380238
p 25 57 26.092672 -0.18474102
p 25 58 26.49805 0.10469532
p 25 59 27.184887 0.088635445
p 26 60 27.834854 -0.8332882
p 27 61 28.537638 -0.272295
p 27 62 29.179012 5.395631
p 28 63 29.361444 4.318383
p 29 63 30.184496 6.3140106
p 30 64 31.004498 -0.17861843
p 31 64 31.817377 3.7778978
p 32 65 32.70639 1.4341526
p 33 66 33.702087 0.6220932
p 34 67 34.696133 1.8431435
p 35 68 35.641613 6.0196705
p 36 69 36.564667 15.716578
p 37 70 37.520935 0.9973488
p 36 71 38.523716 0.43972206
p 37 72 39.525734 4.7636776
p 38 73 40.50244 11.655317
p 39 74 41.474636 -2.245041
p 38 75 42.463478 8.332729
p 37 76 43.463543 4.4566574
p 38 77 44.46214 3.1497135
p 37 78 45.454952 8.468176
p 36 79 46.485664 -4.693918
p 37 80 47.538612 9.167208
p 36 81 48.558582 0.387928
p 35 82 49.774784 0.8747406
p 34 83 50.967182 -2.8263016
p 33 84 52.026546 -4.620449
p 32 85 53.053497 -6.2758694
p 33 86 54.124836 5.99852
p 32 87 55.321583 -2.2354984
p 33 88 56.91835 7.9692802
p 32 89 58.971397 -2.4807205
p 32 90 60.81684 2.4226112
p 31 91 62.00588 4.5952682
p 32 92 62.885597 3.1534195
p 31 93 65.638565 -0.6008873
p 32 94 68.87671 2.9577675
p 33 95 70.4192 -2.1052094
p 32 96 72.07168 3.0188599
p 32 97 73.54265 1.2381096
p 32 98 75.08415 -0.072086334
p 32 99 75.50503 -3.6725006
p 33 100 76.72296 1.6723022
p 34 101 78.58921 3.8370018
p 35 102 80.14647 6.2328453
p 35 103 81.6107 0.5947113
p 34 104 83.150475 -1.0061684
p 35 105 85.182335 4.025589
p 36 106 86.14153 2.9029617
p 37 107 86.93019 -0.8787651
p 36 108 88.28509 1.1743622
p 37 109 89.66806 1.2088242
p 38 110 90.85616 -0.9664879
p 37 111 92.36363 3.2986603
p 38 112 93.48979 0.5833893
p 39 113 94.80703 0.65932846
p 40 114 96.075 1.8498154
p 41 115 97.075096 1.0258713

c 8 10.479046
p 22 186 34.969 -3.6603775
p 23 187 34.022247 9.050783
p 22 188 33.119957 9.391451
p 23 189 32.215702 1.1403446
p 24 190 31.273432 0.9212265
p 25 191 30.393993 4.4389477
p 26 192 29.520737 7.8866796
p 27 193 28.624773 -4.720688E-4
p 26 194 27.747393 -0.63869286
p 25 195 27.039087 -0.37286568
p 25 196 26.451124 -0.6507826
p 26 197 25.931013 -0.035108566
p 27 198 25.415789 -0.29780006
p 26 199 24.489956 -0.06746197

c 9 32.247314
p 23 114 93.39618 -5.830719
p 24 113 91.65037 -7.5204315
p 25 112 88.64954 -7.773918
p 26 111 87.08429 -7.117779
p 27 110 84.63231 -6.1456947
p 26 109 82.45839 -9.71352
p 25 108 81.32664 -2.646679
p 26 107 80.13682 -8.001938
p 27 106 78.9444 -6.5781937
p 28 105 77.70552 -1.3592262
p 27 104 76.42464 1.1403046
p 28 103 75.33814 2.5156212
p 27 102 74.39848 2.2458954
p 28 101 73.105515 0.07779312
p 27 100 71.984695 1.2491531
p 28 99 70.83298 -0.14550781
p 27 98 69.96638 0.6312065
p 28 97 68.75815 1.6333656
p 27 96 67.50963 3.889248
p 28 95 66.528854 -0.7189026
p 27 94 65.50907 3.993969
p 28 93 64.51028 -3.653099
p 29 92 63.554665 -1.3678741
p 30 91 62.545128 2.0068626
p 31 90 61.148865 6.382637

c 10 4.42642
p 30 31 16.895462 0.07433605
p 31 30 16.853724 -0.49979305
p 32 29 16.811785 -0.12078953
p 33 28 16.765766 -0.024858475
p 34 27 16.632177 0.0793066
p 35 26 16.430233 -0.35392094
p 36 26 16.430233 -0.18728161
p 36 27 16.562538 0.16973114
p 35 28 16.581572 -0.09094238
p 36 29 16.827625 0.031636238
p 37 30 16.868677 -0.25098038
p 36 31 16.988688 -0.16639423
p 37 32 17.114084 0.40031052
p 36 33 17.22817 -0.022470474
p 35 34 17.28634 -0.05850315
p 35 35 17.464651 -0.013036728
p 36 36 17.464651 -0.17966652
p 37 37 17.628653 -0.13221073
p 38 38 17.817621 0.037704468
p 37 39 17.981417 0.15109539
p 38 40 18.359634 -0.25962448
p 39 41 18.526468 0.05497551
p 40 42 18.672276 -0.07861233
p 41 43 18.89901 -0.080099106
p 42 44 19.250858 -0.13457489
p 43 45 19.57576 -0.011598587
p 42 46 19.866869 -0.30331993
p 42 47 20.585068 -0.014992714
p 43 48 20.856653 -0.4074726

c 11 1.9357986
p 30 31 16.895462 -0.093070984
p 31 32 16.94799 -0.14548397
p 31 33 16.97891 -0.42464066
p 30 34 17.12759 0.27222252
p 31 35 17.250639 -0.07430267
p 31 36 17.434057 -0.30283165
p 31 37 17.631094 -0.27490234
p 31 38 17.748741 -0.20962238
p 31 39 17.856571 -0.3065586
p 30 40 18.19411 0.2882223
p 31 41 18.284899 -0.18541145
p 32 42 18.524883 0.22408676
p 33 43 18.781702 0.070614815
p 34 44 18.83126 -0.20627499

c 12 78.965225
p 32 209 19.921959 0.14040089
p 33 208 20.097258 -0.23906612
p 34 207 20.682724 -0.10808754
p 33 206 21.24557 -0.037887573
p 34 205 21.71995 -0.03869629
p 33 204 22.16505 -0.24508286
p 34 203 22.97904 0.30817604
p 33 202 23.527435 0.18354416
p 34 201 24.060907 0.15788174
p 35 200 24.685966 -0.47042274
p 36 199 25.434023 -0.52808094
p 37 198 26.505363 -0.048517227
p 38 197 27.248566 -0.12674236
p 39 196 28.0248 -0.22155285
p 40 195 28.648457 -0.31554508
p 41 194 29.592192 0.19513702
p 42 193 30.530378 6.540202
p 43 192 31.422712 8.336445
p 44 191 32.326847 4.19421
p 45 190 33.261337 2.266489
p 44 189 34.199745 1.2328968
p 43 188 35.141293 1.3962288
p 42 187 36.086086 2.5478764
p 41 186 37.03102 6.0430756
p 40 185 37.96863 8.560829
p 39 184 38.9091 9.330042
p 38 183 39.97302 1.683897
p 39 182 41.044323 7.746361
p 38 181 42.068356 0.5297642
p 39 180 43.099174 8.175903
p 38 179 44.131897 10.173225
p 37 178 45.131214 -1.9963894
p 38 177 46.29877 9.189465
p 37 176 47.53441 5.314247
p 36 175 48.42225 3.2661877
p 35 174 49.180756 4.087677
p 36 173 50.16796 5.841469
p 37 172 51.251957 0.90450287
p 38 171 52.206852 2.3263283
p 39 170 53.147495 4.408848
p 40 169 54.132595 2.1849937
p 41 168 55.20088 0.11910629
p 40 167 56.466137 -3.659729
p 39 166 57.998203 -5.7551346
p 38 165 58.931267 -2.9908562
p 37 164 60.785423 -1.0766144
p 36 163 61.703995 -3.1105156
p 37 162 62.71812 -4.272087
p 38 161 63.63428 -4.8758965
p 37 160 64.80943 4.4138374
p 38 159 67.00048 2.1060562
p 37 158 68.200966 -1.9693947
p 36 157 69.819496 -0.93572617
p 35 156 70.77745 -1.7050972
p 36 155 72.1388 -2.9267387
p 35 154 73.817764 2.2581825
p 36 153 75.12679 1.7867813
p 35 152 76.34047 3.6677513
p 36 151 77.69834 3.9401398
p 35 150 78.73901 4.3677864
p 36 149 79.80143 -1.1233788
p 35 148 81.04774 3.7890472
p 36 147 83.11082 -3.6526947
p 37 146 85.79425 -2.4095688
p 38 145 87.641235 -1.3243294
p 39 144 89.54714 0.48877716
p 38 143 91.16028 -0.68564224
p 37 142 93.13408 -5.0476036
p 36 141 96.44319 -0.94561386
p 37 140 98.887184 -2.692913

c 13 2.0494823
p 44 43 19.055098 0.033875465
p 45 42 18.689362 -0.016940117
p 45 41 18.27854 -0.114439964
p 45 40 18.258102 -0.21753502
p 45 39 17.944107 -0.48303127
p 46 38 17.776073 -0.09595585
p 46 37 17.714634 -0.106716156
p 47 36 17.504612 -0.16749859
p 47 35 17.504612 -0.0948925
p 48 34 17.005615 -0.37545967
p 49 33 17.005615 -0.08913517

c 14 49.43303
p 44 43 19.055098 0.17040443
p 45 44 19.391417 -0.32581043
p 45 45 19.68922 -0.23562336
p 45 46 20.11884 -0.47668743
p 46 47 20.276545 -0.48070621
p 47 48 20.98645 0.06481552
p 47 49 21.458706 0.16986465
p 46 50 22.067175 -0.22285652
p 46 51 22.542212 -0.03614998
p 47 52 22.82557 0.041534424
p 47 53 23.48462 -0.046952248
p 48 54 24.193783 0.23918247
p 49 55 25.092627 0.16973495
p 50 56 25.740562 -0.2129488
p 50 57 26.22584 -0.52078915
p 51 58 26.808163 -0.03013134
p 51 59 27.373783 -0.44585896
p 50 60 28.075949 -0.2441101
p 49 61 28.789034 -0.7922716
p 48 62 29.401325 -0.37957478
p 49 63 30.232908 9.544011
p 48 64 31.123098 7.123646
p 47 65 31.96061 4.8489227
p 46 66 32.705856 3.4125137
p 47 67 33.647724 3.2573757
p 48 68 34.60906 4.688036
p 49 69 35.360554 -3.1941395
p 48 70 36.359756 8.098671
p 49 71 37.56465 3.6493492
p 50 72 38.664513 4.9096947
p 51 73 39.59907 3.0872097
p 52 74 40.53122 3.3058205
p 51 75 41.47127 -1.0244541
p 50 76 42.346085 -1.085823
p 49 77 43.205204 -2.7686653
p 50 78 44.129765 1.7891712
p 49 79 45.134144 7.1660805
p 50 80 47.179516 0.6594868
p 51 81 48.40581 -0.70116043
p 52 82 49.34449 -2.5934582
p 51 83 50.19154 5.950979
p 51 84 50.95355 7.609606
p 51 85 51.70217 4.155361
p 50 86 52.50098 -1.6009007
p 51 87 53.398464 3.320755
p 50 88 54.39318 -4.667679
p 49 89 56.286484 -1.7946682
p 50 90 57.34552 -6.517761
p 51 91 58.26324 -9.35099
p 52 92 60.02618 -6.03236
p 51 93 63.780598 -1.2303047
p 50 94 64.4962 -7.8224487
p 49 95 66.950745 -8.494694
p 48 96 67.87088 -6.110832
p 47 97 68.48813 2.5007439

c 15 16.249886
p 46 189 33.539116 -2.6867676
p 47 188 38.319515 -2.1506386
p 48 187 43.329605 1.3234615
p 49 187 44.438408 -1.080265
p 50 186 44.547688 3.540535
p 50 185 44.78328 2.0884
p 50 184 44.871727 10.973894
p 51 183 45.67731 12.360119
p 52 182 45.819202 2.7686558
p 52 181 46.400974 -1.1543026
p 51 180 47.748478 4.750139
p 52 179 49.318897 6.090872
p 52 178 49.789 5.438982

c 16 2.732441
p 50 27 16.675589 -0.27400017
p 51 28 16.675589 -0.05722046
p 52 29 16.808002 -0.11119652
p 52 30 16.870256 0.08604908
p 53 31 16.88017 -0.010706902
p 54 32 16.93166 -0.12487507
p 55 33 17.115917 0.15093994
p 54 34 17.180878 -0.3148098
p 55 35 17.404102 -0.23059464
p 56 36 17.521067 -0.009354591
p 55 37 17.579168 -0.06150818
p 56 38 17.688356 0.101490974
p 55 39 18.286005 0.16225529
p 56 40 18.286005 -0.26502037
p 57 41 18.48787 -0.12900925
p 56 42 18.876083 0.40302944
p 57 43 18.958532 -0.022647858
p 56 44 19.40803 0.122395515
p 55 45 19.40803 -0.32674408

c 17 4.346262
p 52 207 20.84245 -0.04947853
p 53 208 20.359064 0.3020277
p 52 209 19.935045 -0.2488432
p 53 210 19.70851 -0.006430626
p 54 211 19.330454 -0.35988998
p 53 212 19.017672 0.4404192
p 53 213 18.473934 -0.50104904
p 54 214 18.409504 -0.10646248
p 54 215 18.369722 -0.051656723
p 53 216 17.859188 -0.28075123
p 54 217 17.753117 0.2350483
p 55 218 17.418995 -0.12958622
p 56 218 17.410004 -0.10246754
p 57 218 17.410004 -0.1723423
p 58 219 17.215685 0.09936333
p 59 220 17.173965 -0.052598
p 60 221 17.039501 -0.6415243
p 59 222 16.934711 0.15124416
p 60 223 16.799011 -0.059824944
p 59 224 16.779392 -0.051054
p 59 225 16.779392 0.021097183
p 58 226 16.51161 -0.21509743
p 58 227 16.51161 -0.15967178
p 57 228 16.496187 -0.20292854
p 58 228 16.496187 -0.0801878

c 18 63.05781
p 57 155 80.280876 5.6184044
p 58 156 72.93497 -7.723877
p 57 157 71.92698 9.016327
p 58 158 70.2492 -1.801918
p 57 159 68.18663 3.520176
p 58 160 66.52513 -4.0166893
p 59 161 65.8328 5.320675
p 60 161 65.39786 4.0661354
p 61 162 64.471436 4.117447
p 62 163 63.55036 3.1607475
p 63 164 63.521835 3.5200424
p 64 165 60.654846 -0.8880234
p 65 166 58.345364 -0.19867706
p 66 167 56.029205 0.17968369
p 67 168 54.960835 -0.7449646
p 68 169 53.99043 -7.7464294
p 67 170 53.001347 -2.1205482
p 66 171 51.940582 -3.3665562
p 67 172 50.832706 6.7432404
p 68 173 49.750122 3.9702377
p 67 174 48.750008 5.1583176
p 68 175 47.75018 2.6942062
p 67 176 46.692497 0.95038605
p 68 177 45.800888 5.4774895
p 67 178 44.840446 3.4400997
p 66 179 43.892452 -1.98983
p 67 180 42.994736 9.986597
p 68 181 42.105133 -2.4105816
p 67 182 41.120712 8.763388
p 68 183 40.079456 6.3348484
p 69 184 39.18775 6.9320107
p 70 185 38.267784 2.3535137
p 71 186 37.774563 -3.1186447
p 70 187 36.47938 2.300684
p 69 188 35.584698 -3.3783207
p 70 189 34.681076 4.8618813
p 69 190 33.764435 4.5539894
p 68 191 32.83791 3.0405483
p 67 192 31.934292 1.458786
p 66 193 31.099833 0.029848099
p 65 192 30.28319 -0.9905319
p 64 193 29.741766 -0.6986418
p 63 194 29.044638 -0.2320652
p 62 195 28.330723 -0.58612347
p 61 196 27.590647 -0.47815228
p 60 197 26.793863 -0.45172977
p 59 198 26.73794 0.3273573
p 59 199 26.096832 -0.24520302
p 59 200 25.627716 0.18534184
p 58 201 24.566141 -0.13342857
p 57 202 23.857695 -0.10193539
p 58 203 23.483252 -0.023487091
p 59 204 22.77432 -0.19663143
p 60 205 22.181612 -0.16676807
p 59 206 21.662243 0.18127918
p 60 207 21.110254 -0.30349445
p 61 208 20.699018 -0.018841743
p 60 209 19.990265 -0.5457878
p 61 210 19.662798 0.07801342
p 61 211 19.381353 -0.5784483
p 61 212 18.832392 -0.31334782
p 60 213 18.649014 0.3628931
p 61 214 18.109106 -0.14804554
p 60 215 17.897459 -0.023942947
p 61 216 17.739733 -0.0224123
p 61 217 17.478354 -0.10603428
p 61 218 17.28531 -0.22085667
p 60 219 17.223064 -0.21799088

c 19 0.46806145
p 59 17 16.356483 0.043519974
p 60 18 16.356483 -0.10902977
p 61 18 16.379221 -0.12300873
p 62 19 16.379221 -0.38629532
p 62 20 16.431206 -0.046405792
p 63 21 16.444801 -0.6317558
p 64 21 16.446133 -0.84649086
p 65 22 16.48974 -0.08625698
p 66 23 16.51886 -0.40992355
p 67 24 16.648481 -0.24215317
p 68 25 16.648481 -0.101343155
p 68 26 16.703571 -0.2586708
p 67 27 16.769007 -0.055371284
p 66 27 16.776262 -0.13921833
p 65 27 16.78352 -0.3787651
p 64 28 16.78352 -0.109498024
p 63 29 16.824545 -0.18533134

c 20 34.793396
p 60 84 52.52619 1.9995346
p 61 83 51.587906 1.2861671
p 62 82 50.614002 5.250248
p 63 81 49.600174 2.3780785
p 62 80 48.561813 3.716938
p 63 79 47.52708 4.509556
p 64 78 46.52163 -4.3600235
p 63 77 45.54523 6.16951
p 64 76 44.549816 -0.48304558
p 63 75 43.470726 5.4086056
p 64 74 42.394886 2.4760857
p 65 73 41.441204 -4.5836506
p 66 72 40.489056 -2.1879997
p 67 71 39.513657 3.6034565
p 66 70 38.563972 5.2949543
p 65 69 37.6202 1.1089706
p 66 68 36.688606 3.1562347
p 65 67 35.772015 1.1489582
p 66 66 34.86251 1.6545544
p 67 65 33.94512 1.2488327
p 68 64 33.01721 3.5015125
p 69 63 32.11929 8.746845
p 70 62 31.243622 4.729411
p 71 61 30.35029 -0.29645824
p 72 60 29.463465 0.17110252
p 71 59 28.634216 -0.120651245
p 72 58 27.858341 -0.14341545
p 72 57 27.149597 -0.6021309
p 72 56 26.40389 -0.17120838
p 71 55 25.697088 -0.17982101
p 71 54 24.529676 -0.17218208
p 71 53 24.258448 0.12557697
p 70 52 23.570572 -0.02268982
p 71 51 23.004274 -0.17890358
p 72 50 22.411993 -0.21302986
p 73 49 21.787302 -0.07826042
p 72 48 21.263624 0.03255081
p 71 47 20.610504 -0.038537025
p 70 46 20.160263 -0.118826866
p 69 45 19.706722 -0.33147717
p 68 44 19.395555 0.2921772
p 69 43 18.995092 0.04833603
p 68 42 18.80174 -0.00315094
p 67 41 18.595577 -0.6912966
p 66 40 18.237408 -0.029866219
p 67 39 17.968079 0.14939022
p 66 38 17.732794 -0.24011898
p 65 38 17.732794 0.051137924

c 21 29.952576
p 60 84 52.52619 -4.39765
p 61 85 53.454468 6.5150833
p 60 86 54.38995 0.6813278
p 61 87 55.337067 9.300709
p 60 88 56.685146 0.51496506
p 61 89 57.299076 6.9926414
p 60 90 58.33359 -0.679554
p 61 91 59.387848 1.4160652
p 62 92 60.445587 -6.017027
p 61 93 61.523952 7.6026077
p 62 94 62.63086 -3.3654175
p 61 95 63.755962 7.029873
p 62 96 64.86939 -5.684433
p 61 97 65.953 1.6213112
p 62 98 67.01222 -8.657959
p 63 99 68.142815 -5.9512978
p 62 100 69.30353 -10.658627
p 61 101 70.369125 -11.729511
p 60 102 71.465385 5.42387
p 61 103 72.772644 -15.202984
p 62 104 74.20612 -14.918396
p 63 105 75.68359 -12.594925
p 64 106 77.10451 -14.770126
p 65 107 78.722534 -5.848835
p 64 108 80.027374 2.3134346
p 65 109 81.1772 1.2123642
p 64 110 82.47877 -5.7641106

c 22 25.159874
p 61 142 91.35049 -7.1665382
p 62 143 89.495674 -1.0895233
p 63 144 88.27123 -8.292992
p 64 145 87.05269 -8.306877
p 65 146 86.070946 2.7704964
p 64 147 85.18286 -3.3227158
p 63 148 79.43275 -6.5289154
p 62 149 78.15197 -3.3127823
p 63 150 76.64661 -8.066875
p 64 151 75.32329 -4.576988
p 63 152 74.15434 0.8780899
p 64 153 73.08826 -3.83218
p 65 154 71.46751 2.5230637
p 64 155 70.27695 -2.6836014
p 63 156 69.273476 -5.8702316
p 62 157 68.49144 -5.771385
p 61 158 68.088524 -6.5410995
p 62 159 66.93666 1.8153801
p 61 160 66.19061 -2.3845177

c 23 1.1152554
p 65 220 17.275583 -0.24304199
p 66 221 17.275583 0.08998108
p 67 222 16.857681 -0.026025772
p 67 223 16.802963 -0.04583454
p 66 224 16.734262 -0.20929241
p 67 225 16.679914 -0.2293644
p 67 226 16.622366 -0.14858437
p 68 227 16.47359 -0.23720837
p 69 227 16.451378 -0.52817535
p 70 227 16.416677 -0.24495506
p 71 228 16.37921 0.15046406
p 72 227 16.548523 2.3841858E-5
p 73 228 16.347094 -0.0633688
p 73 229 16.347094 -0.049871445
p 73 230 16.272953 -0.07014847
p 74 231 16.177065 -0.08371544
p 74 232 16.160328 -0.20727348
p 75 232 16.160328 -0.022977829

c 24 21.689215
p 76 187 37.96957 0.08367157
p 77 188 37.35436 3.7160587
p 78 189 35.51683 0.9627514
p 79 190 32.031834 -3.2436962
p 78 191 31.105688 9.93273
p 79 192 30.591923 1.6982746
p 78 193 30.12045 -0.35303974
p 78 194 29.584604 -0.4825611
p 79 195 29.106016 -0.4529333
p 80 196 28.645653 -0.027489662
p 81 197 27.39959 -0.58804035
p 82 198 26.654343 -0.30189514
p 83 199 25.998621 -0.3816843
p 82 200 25.32421 -0.022247314
p 81 201 24.754974 0.091433525
p 82 202 24.28158 -0.31070042
p 81 203 23.773243 -0.10038376
p 82 204 23.205425 -0.292202
p 81 205 22.790821 0.3068552
p 82 206 21.912838 -0.46819496
p 83 207 21.406155 -0.31919193
p 82 208 20.740967 -0.029870033
p 82 209 20.419937 -0.12735939
p 81 210 20.249594 0.17978287
p 80 211 19.569563 -0.73105145
p 80 212 19.345346 -0.74849606
p 81 213 18.865164 -0.012460709
p 80 214 18.710386 -0.5344229
p 79 215 18.38493 0.19718933
p 79 216 18.280037 -0.33552074
p 79 217 17.952368 -0.13279247
p 78 218 17.683481 0.18673801
p 78 219 17.502966 0.24928379
p 79 220 17.189615 -0.22563076
p 80 221 17.11195 0.08455944
p 79 222 16.983236 -0.008188248
p 80 223 16.958261 -0.14000893
p 81 224 16.885626 -0.1544466
p 82 225 16.872137 0.11117935
p 83 226 16.52147 -0.37700272
p 84 227 16.52147 -0.07175255
p 83 228 16.481527 -0.11864662
p 84 229 16.37017 -0.15039921
p 83 230 16.280355 0.25027084
p 84 231 16.280355 -0.390378

c 25 77.30945
p 77 22 16.373348 -0.12025261
p 77 23 16.390955 -0.07780075
p 78 24 16.593159 -0.25046253
p 78 25 16.593159 -0.42785358
p 79 26 16.764915 -0.19823074
p 79 27 16.808231 -0.29972935
p 79 28 16.863045 -0.051272392
p 80 29 16.863045 -0.7732973
p 81 29 16.93865 -0.81446934
p 82 30 16.952694 -0.095368385
p 83 31 16.952694 -0.05043316
p 82 32 17.123638 0.15689278
p 81 33 17.33609 0.07750893
p 82 34 17.33609 -0.14867115
p 82 35 17.494627 -0.07519245
p 81 36 17.600811 -0.24253464
p 81 37 17.705471 0.29723644
p 80 38 17.705471 0.07560253
p 80 39 18.015287 0.20514107
p 81 40 18.06621 -0.15763283
p 81 41 18.378742 -0.20269585
p 81 42 18.69802 0.057525635
p 82 43 18.78941 -0.3019352
p 82 44 19.29223 -0.36533546
p 82 45 19.822247 -0.39016724
p 81 46 20.227964 -0.26006508
p 82 47 21.11763 0.5762377
p 81 48 21.212467 -0.38940716
p 82 49 21.656893 -0.25267982
p 82 50 22.464712 -0.12703419
p 81 51 22.94961 0.2605934
p 82 52 23.3689 -0.5283356
p 82 53 24.039986 -0.03439808
p 81 54 24.71058 -0.41667366
p 82 55 25.126265 0.16402912
p 81 56 26.044426 -0.51605225
p 81 57 27.05508 0.15565681
p 82 58 27.645756 -0.40134335
p 83 59 28.351341 -0.16579628
p 84 60 29.157724 0.24566746
p 83 61 29.92638 0.016888618
p 82 62 30.762075 5.8667316
p 81 63 31.645985 10.130693
p 80 64 32.51737 4.285515
p 79 65 33.3685 5.796541
p 80 66 34.18838 -2.6446648
p 81 67 34.96589 -0.17100906
p 82 68 35.88628 0.071697235
p 83 69 36.784378 2.886692
p 84 70 37.559834 5.09383
p 83 71 38.444073 10.029203
p 84 72 39.507362 12.835903
p 85 73 40.877598 -5.2431507
p 84 74 41.64792 4.8059883
p 83 75 42.868732 4.403187
p 84 76 43.504097 4.3412323
p 83 77 44.326435 6.781477
p 84 78 45.169807 1.9672489
p 83 79 46.141575 4.6275063
p 84 80 47.441982 2.6479225
p 85 81 48.045372 -6.61043
p 84 82 48.86317 1.7044716
p 83 83 49.942017 0.93642807
p 82 84 51.17364 3.4136047
p 81 85 52.607693 -3.4465714
p 82 86 53.53171 5.156845
p 81 87 54.33553 4.757736
p 82 88 55.2113 3.7776756
p 83 89 56.112045 2.3822746
p 84 90 56.983337 6.657366
p 83 91 58.090706 -3.1208649
p 82 92 60.669342 0.7038803
p 83 93 61.322426 4.356365
p 83 94 62.57038 3.2261047
p 84 95 63.18658 2.9699745
p 85 96 69.15138 1.9433479
p 84 97 69.69635 6.683552
p 85 98 69.99134 6.7277794
p 86 99 70.386955 -0.5138283
p 85 100 71.04837 3.7521782
p 86 101 71.909 2.7039337
p 87 102 73.038345 0.96953964
p 88 103 74.220985 1.0815392
p 89 104 75.319016 1.281807
p 90 105 76.37664 3.7500954
p 91 106 77.555 -0.67471313
p 92 107 79.097336 0.7211876
p 93 108 80.596176 -0.16617966
p 94 109 83.34662 -0.45256805
p 93 110 86.565735 3.5621262
p 94 111 88.32501 2.6415977
p 95 112 89.8009 2.4764633
p 96 113 91.45956 -1.7504768
p 95 114 92.393814 -2.6191254
p 94 115 93.6828 -0.5153122

c 26 16.221245
p 77 112 87.80151 -3.4592972
p 78 111 84.42472 -4.4370575
p 79 110 82.64432 -3.3305588
p 80 109 81.98014 -2.6013298
p 81 108 80.43798 -2.0783997
p 82 107 79.81156 3.1112518
p 83 106 79.23871 -2.899166
p 82 105 78.79517 7.672325
p 83 104 78.56387 6.718975
p 84 103 77.03848 -3.5070076
p 84 102 73.13983 -3.629467
p 85 101 71.58027 -0.13676453

c 27 41.978043
p 80 154 70.2872 -2.4525795
p 81 155 68.71286 -4.213745
p 82 156 68.051674 -4.031475
p 83 157 67.2516 -4.46381
p 84 158 66.381516 -4.9248962
p 85 159 65.50086 -3.4493523
p 86 160 64.7919 1.7550011
p 86 161 64.6684 4.465332
p 85 162 63.92012 8.893173
p 84 163 63.23868 8.944881
p 83 164 62.58807 0.30117416
p 84 165 61.862034 4.7679367
p 83 166 61.1887 8.614937
p 84 167 58.97366 5.047394
p 85 168 58.18321 1.5139828
p 84 169 57.614307 12.70932
p 85 170 56.480392 0.6952057
p 84 171 55.99961 3.4948044
p 85 172 53.021908 5.3510323
p 86 173 52.046204 5.64077
p 87 174 51.631233 11.607559
p 88 175 50.225033 -4.675194
p 87 176 47.412422 8.656572
p 87 177 46.746803 7.9327793
p 88 178 46.228157 -0.13500023
p 88 179 46.192257 4.2759266
p 88 180 45.36749 5.063349
p 88 181 44.778282 8.370323
p 88 182 43.840595 9.976751
p 88 183 41.55009 8.751768
p 88 184 40.395622 13.128836
p 87 185 37.99265 6.906225
p 86 186 37.718487 7.5101337
p 85 187 36.418537 0.41467857
p 86 188 35.84421 6.44092
p 86 189 34.65553 3.7168903
p 86 190 33.706413 3.9782524
p 85 191 32.105606 7.706028
p 84 192 31.14957 6.3830547
p 83 193 30.36603 3.7305813
p 82 194 29.757587 -0.22990322
p 81 195 29.017082 -0.15446949
p 82 196 28.309158 0.06969643

c 28 31.730782
p 83 138 97.16503 -1.032486
p 84 139 94.48317 0.753376
p 85 140 92.800385 -2.0844536
p 84 141 91.04119 2.0063171
p 85 142 89.15386 -4.78944
p 86 143 88.205315 -7.643627
p 87 144 87.61068 -4.568714
p 88 145 86.849014 -1.0001945
p 89 146 86.12354 7.3915405
p 90 147 78.839455 -7.3976097
p 89 148 77.67904 2.2421112
p 90 149 76.82162 0.6593056
p 89 150 75.504814 -0.5362358
p 90 151 74.54055 -1.0705528
p 91 152 73.427246 0.40040207
p 90 153 72.176865 1.5987511
p 89 154 71.00134 6.5201836
p 88 155 69.93726 -4.1308365
p 89 156 69.01348 3.6552124
p 88 157 68.076355 0.16004181
p 89 158 67.0306 4.3113174
p 88 159 66.2287 7.454399
p 87 160 65.43425 6.717716

c 29 2.7062569
p 87 44 18.994501 -0.3393526
p 88 43 18.779686 -0.3538847
p 89 42 18.779686 0.03174019
p 90 41 18.553078 0.2134409
p 90 40 18.199142 0.12520218
p 91 39 17.958792 -0.20716667
p 91 38 17.866673 0.017848015
p 91 37 17.784132 -0.078668594
p 91 36 17.717735 -0.057346344
p 90 35 17.541544 -0.3092823
p 89 34 17.467556 0.15110493
p 90 33 17.149052 -0.47347832
p 89 32 17.11545 0.2603798
p 90 31 16.989105 -0.36368275
p 91 30 16.767149 0.004589081
p 92 30 16.737232 -0.2518978
p 93 29 16.737232 0.08677769
p 92 28 16.56923 -0.17783165
p 91 27 16.568125 -0.016897202
p 91 26 16.46165 -0.08631039
p 92 25 16.384033 0.037776947
p 91 24 16.288244 -0.4451313
p 90 23 16.288244 0.10283947
p 89 23 16.288244 -0.089627266

c 30 1.8957844
p 88 215 18.558632 -0.18097496
p 89 216 18.416906 0.42198086
p 88 217 17.852516 -0.13663673
p 88 218 17.794777 0.1864748
p 89 219 17.543676 -0.44106483
p 89 220 17.408081 -0.06723213
p 90 221 17.140795 -5.941391E-4
p 91 222 16.885252 -0.13153172
p 90 223 16.795376 0.03200531
p 91 224 16.662848 -0.17773724
p 90 225 16.662848 -0.25722313

c 31 30.474344
p 89 79 46.845516 1.6972656
p 90 78 45.86011 -4.2572727
p 91 77 44.34587 -8.086369
p 90 76 43.284924 5.968487
p 91 75 42.31645 1.8054848
p 90 74 41.111115 5.152626
p 91 73 40.195312 2.071764
p 92 72 39.545296 4.3069496
p 91 71 38.370697 -1.1310749
p 92 70 37.474762 2.7821999
p 93 69 36.15116 -5.685707
p 92 68 35.211742 -2.5432243
p 91 67 34.3121 -1.5975018
p 90 66 33.430912 -3.7882252
p 91 65 32.569405 1.8361111
p 92 64 31.723938 4.791317
p 93 63 30.859394 10.372977
p 94 62 30.032143 6.0211935
p 95 61 29.364864 0.065499306
p 96 60 28.553709 0.2985115
p 97 59 27.704868 -0.11727619
p 98 58 26.88552 -0.10482216
p 99 57 26.042889 -0.20605183
p 100 56 25.466902 0.3231821
p 100 55 25.227028 -0.38030052
p 100 54 24.46674 -0.12899685
p 100 53 23.92605 -0.2038269
p 100 52 23.301414 -0.11000633
p 101 51 22.703938 0.024041176
p 102 50 22.212385 -0.14627457
p 101 49 21.67906 -0.032395363
p 102 48 21.132868 -0.069794655
p 101 47 20.726894 0.06798935
p 100 46 20.156061 0.20480156
p 100 45 19.438164 -0.016047478
p 100 44 19.235434 -0.123817444
p 100 43 18.997421 -0.06441975
p 99 42 18.799316 0.083992004
p 99 41 18.480612 0.081578255
p 98 40 18.113815 -0.0967741
p 99 39 18.021374 -0.090423584
p 99 38 17.833637 -0.2570572
p 99 37 17.75751 -0.27178955
p 98 36 17.689066 0.3384018
p 97 35 17.416832 -0.18397522
p 98 34 17.303967 0.13820457
p 99 33 17.157406 -0.0049877167
p 100 32 17.0629 0.057789803
p 100 31 16.965824 -0.16229343
p 101 30 16.82555 -0.3153677
p 102 29 16.735674 0.020895004
p 102 28 16.676958 0.24977016
p 101 27 16.646616 -0.09013462
p 100 26 16.520342 -0.22865963
p 99 26 16.520342 -0.32709408
p 98 25 16.400335 -0.33391094
p 99 24 16.371172 -0.4578972
p 100 23 16.371172 0.047374725

c 32 84.66644
p 91 230 16.39432 -0.008184433
p 92 229 16.483295 0.007306099
p 92 228 16.483295 -0.35278702
p 93 227 16.612665 -0.10571194
p 92 226 16.612665 -0.13423634
p 93 225 16.83769 0.05771351
p 94 224 16.869444 -0.28731155
p 94 223 16.942154 -0.07637024
p 94 222 17.152546 0.023925781
p 95 221 17.152546 -0.17994499
p 94 220 17.282442 -0.020277023
p 93 219 17.449612 0.0563488
p 94 218 17.641584 0.09087849
p 93 217 17.87453 0.054816246
p 94 216 18.295656 -0.22051144
p 94 215 18.37412 -0.726038
p 95 214 18.751312 -0.44650936
p 96 213 19.106272 0.08245087
p 97 212 19.608212 0.09610653
p 98 211 19.958813 0.11101818
p 97 210 20.237467 0.13530159
p 98 209 20.745197 0.105454445
p 97 208 21.30513 -0.057549477
p 97 207 21.922861 0.15460682
p 98 206 22.683615 -0.33565235
p 98 205 22.949135 -0.3872137
p 99 204 23.555737 0.39437103
p 98 203 24.153658 0.08660507
p 98 202 24.833626 -0.015506744
p 99 201 25.544096 0.11374283
p 100 200 26.36837 0.32503986
p 101 199 27.016861 -0.3233719
p 102 198 27.977549 -0.16218472
p 103 197 28.769484 -0.19968605
p 102 196 29.494349 -0.2070322
p 101 195 30.438065 0.40672684
p 102 194 31.11589 -0.3028574
p 103 193 31.914072 3.7650242
p 104 192 32.86423 6.7531815
p 105 191 33.937435 6.7206593
p 106 190 35.00489 1.2785244
p 107 189 35.9947 1.2112598
p 106 188 37.05909 0.07238579
p 105 187 38.024597 5.792433
p 104 186 38.874863 0.5376873
p 105 185 39.728302 9.4200115
p 104 184 40.670837 2.7610645
p 105 183 41.634228 8.857443
p 106 182 42.533974 9.826857
p 107 181 43.40839 -4.1856823
p 106 180 44.327427 1.7668839
p 105 179 45.190098 -3.0344296
p 106 178 46.24253 6.972353
p 107 177 47.617035 0.8107796
p 106 176 48.64729 9.012064
p 107 175 49.43943 7.1263924
p 108 174 50.21129 5.6574173
p 109 173 51.08894 1.2417259
p 110 172 52.002888 -3.9911098
p 111 173 52.92244 7.2895775
p 112 172 53.83639 0.9606552
p 113 171 54.77756 -4.6133804
p 112 170 56.084156 7.2815285
p 113 169 56.92101 1.3938713
p 112 168 57.804314 -0.7759514
p 111 167 58.93876 -0.30098724
p 110 166 59.953194 2.587204
p 109 165 60.947266 -2.2122955
p 110 164 61.848076 -2.096798
p 111 163 62.670654 -0.014896393
p 110 162 63.569424 1.2390671
p 111 161 64.57537 1.8190727
p 110 160 65.59991 1.3470802
p 111 159 66.95399 8.385178
p 110 158 67.86005 1.0447884
p 109 157 68.850296 -1.8736458
p 110 156 70.392975 5.4595795
p 109 155 71.13377 -2.0643463
p 108 154 72.168594 0.23476028
p 107 153 73.225914 -3.933792
p 106 152 74.167404 -5.76305
p 105 151 75.08978 -3.8675957
p 104 150 76.473976 -5.5539665
p 103 149 77.28582 -0.8091049
p 104 148 78.771324 -10.201061
p 105 147 80.06064 -7.112549
p 106 146 81.30726 -5.249813
p 105 145 82.72642 3.3600883
p 106 144 84.07227 -6.281166
p 107 143 85.3837 -9.359566
p 108 142 86.58029 -9.201996
p 109 141 89.791664 -4.0544014
p 108 140 92.6499 4.1360474
p 109 139 94.959946 -5.3918686
p 110 138 97.404816 -2.5566292
p 111 137 101.06076 -1.6597633

c 33 32.40352
p 94 199 26.75166 -0.56817436
p 95 198 27.688307 -0.26214886
p 96 197 28.14099 -0.5608425
p 97 196 29.042871 -0.25945854
p 96 195 29.54431 0.0022325516
p 95 194 30.272865 -0.1146307
p 96 193 31.0931 3.4738874
p 97 192 31.800518 4.482586
p 98 191 32.64603 9.03521
p 97 190 33.547653 2.0399647
p 98 189 34.437447 -2.1926365
p 97 188 35.341278 3.159586
p 96 187 36.26755 6.329603
p 96 186 37.61346 12.600195
p 96 185 38.28251 10.806955
p 95 184 39.17884 -2.8266144
p 96 183 40.102962 4.8638744
p 97 182 41.039627 -3.6008034
p 96 181 42.108402 9.849829
p 97 180 43.190292 5.4356346
p 98 179 43.94299 4.9639397
p 97 178 44.724434 4.8657913
p 98 177 45.508247 8.492489
p 99 176 46.59098 -4.578949
p 98 175 47.52967 -2.6664295
p 97 174 48.373955 -5.154209
p 98 173 49.305676 -3.005289
p 99 172 50.085564 -0.5076637
p 100 171 53.433956 0.40672112
p 99 170 53.433956 2.5381775
p 100 169 54.07989 2.1528091
p 99 168 54.809082 0.26791382
p 98 167 55.61533 2.189392
p 97 166 58.467693 -0.29997253
p 98 165 59.155178 -2.6734123

c 34 13.756268
p 98 62 28.73835 6.150359
p 99 63 29.16639 3.6393042
p 100 64 30.066153 2.3242788
p 101 65 31.027126 3.499484
p 102 66 32.056034 -0.87185764
p 101 67 33.56435 -0.7772789
p 102 68 34.96318 4.26581
p 103 69 36.80568 6.852398
p 104 70 38.977726 1.4515209
p 103 71 41.022778 5.436556
p 104 72 42.494617 4.5933437

c 35 1.1280174
p 101 231 16.331142 0.03202629
p 102 232 16.331142 -0.3159504
p 102 231 16.380938 -0.29481983
p 103 230 16.517765 -0.3482628
p 104 229 16.517765 -0.18626595
p 105 228 16.629374 -0.04780674
p 104 227 16.629374 -0.23512459
p 105 226 16.698719 -0.06886864
p 105 225 16.698719 -0.3386135
p 106 224 17.071053 0.32920837
p 105 223 17.129519 -0.22024155
p 105 222 17.129519 -0.2490139
p 104 221 17.32971 -0.3714218
p 103 221 17.32971 -0.19595909
p 103 220 17.45916 -0.07908058

c 36 72.00491
p 103 51 22.724707 0.08777428
p 104 52 23.30061 0.083088875
p 103 53 23.945312 0.48518372
p 104 54 24.589872 -0.20815182
p 105 55 25.218307 -0.40195847
p 106 56 25.720098 -0.020051003
p 105 57 26.311422 -0.009157181
p 106 58 26.853197 0.35441208
p 107 59 27.046501 -0.39448738
p 108 60 27.708277 0.036857605
p 109 61 28.469421 0.16694546
p 110 62 29.06333 2.8646803
p 111 63 29.357508 0.95896435
p 112 63 30.439 0.35714436
p 113 64 32.71908 -1.3543949
p 114 65 33.599228 -0.114255905
p 115 66 34.68218 4.5164223
p 114 67 35.596157 -0.43933678
p 115 68 36.41636 5.0899887
p 114 69 37.28868 1.4985352
p 115 70 38.207535 5.1754856
p 116 71 39.132744 4.116543
p 117 72 40.058575 3.857254
p 118 73 40.99852 4.846628
p 119 74 41.96305 4.2368717
p 118 75 42.944164 4.5381756
p 117 76 43.938747 0.46040535
p 116 77 44.976585 -5.4423695
p 117 78 46.00486 -0.9150944
p 118 79 47.047607 -0.68318176
p 117 80 48.036766 7.2041054
p 116 81 48.73587 2.9489822
p 115 82 49.69862 1.2034187
p 114 83 50.89174 0.30854225
p 115 84 52.060436 -2.2070522
p 116 85 53.0107 -1.4256477
p 117 86 53.78319 0.9155655
p 118 87 54.52863 -4.094717
p 117 88 55.402306 -1.5315056
p 116 89 56.425945 -5.9754467
p 117 90 57.52147 2.4040375
p 118 91 58.628017 0.96676064
p 117 92 59.718716 4.0961266
p 116 93 60.780575 3.9450684
p 115 94 61.877193 2.2721481
p 114 95 63.01418 2.3964043
p 113 96 64.050674 2.0317802
p 112 97 64.94787 -0.6650429
p 111 98 65.60844 -1.7891617
p 110 99 66.331894 -1.4541206
p 109 100 67.17388 0.25146484
p 108 101 68.09622 1.3827515
p 107 102 69.39934 -2.2128716
p 108 103 70.21276 -0.77204514
p 109 104 71.30464 -2.5201302
p 110 105 72.33568 -2.9228554
p 111 106 73.42116 -8.445435
p 112 107 75.004395 -7.9021797
p 113 108 76.51754 -8.401417
p 114 109 76.81791 -5.829628
p 113 110 77.92067 -4.8845444
p 112 111 79.57082 -6.4391403
p 113 112 81.273254 5.6196213
p 112 113 83.02409 -2.855194
p 113 114 94.72962 1.8449669

c 37 40.203846
p 114 168 57.87968 -3.4810524
p 115 167 58.820618 -3.7052002
p 116 166 59.785244 -3.2749615
p 115 165 60.768936 0.7905655
p 116 164 62.03375 -2.9427185
p 117 163 63.414734 0.46278763
p 118 162 64.561905 2.302372
p 119 161 65.76352 1.5523453
p 120 160 66.728096 -2.2844276
p 121 159 67.42559 -3.8252258
p 122 158 68.80725 -4.124546
p 123 157 70.05317 -3.889618
p 124 156 71.104034 -4.8311386
p 125 155 73.24633 -0.2638092
p 124 154 73.688995 -4.61829
p 123 153 74.74396 -5.8468666
p 122 152 75.78344 -2.9409294
p 123 151 77.38208 -5.398697
p 124 150 78.83208 -5.467167
p 125 149 79.75205 -4.637615
p 126 148 81.154434 -6.488987
p 127 147 83.706345 1.1713028
p 127 146 86.074196 0.17703247
p 128 145 87.68577 -0.22348404
p 128 146 86.616486 -3.878067
p 129 145 88.0516 3.797409
p 129 144 89.45274 1.4175034
p 130 144 89.96779 -1.3373451
p 131 143 91.30894 1.261486
p 130 143 91.004166 -1.3253822
p 129 142 92.3417 -1.7046013
p 128 141 93.83412 -1.9661713
p 129 140 95.65374 -1.0906181
p 128 139 98.08353 -3.7368011

c 38 1.4637909
p 121 40 18.39193 -0.09867573
p 122 39 18.058054 -0.11405659
p 123 38 17.85497 -0.29176617
p 124 37 17.699493 -0.2842903
p 123 36 17.539902 -0.017569542
p 124 35 17.430634 -0.294549
p 124 34 17.389135 -0.16997814
p 125 33 17.211521 -0.18466663
p 125 32 16.928139 0.014446259
p 126 32 16.928139 -0.12869263
p 127 31 17.099411 0.2280693
p 128 32 17.143915 -0.43384552
p 128 33 17.235569 -0.07249737
p 127 34 17.337633 -0.50761795
p 127 35 17.377516 -0.15815067
p 126 36 17.618673 -0.24302769
p 126 37 17.618673 -0.16930962

c 39 8.696955
p 121 40 18.39193 -0.10773468
p 122 41 18.722315 0.054823875
p 121 42 18.950573 0.2209034
p 122 43 19.117567 -0.15310097
p 123 44 19.653393 0.041524887
p 124 45 19.947662 -0.09824371
p 125 46 20.446978 -0.5239115
p 125 47 20.880518 -0.29365635
p 126 48 21.386961 -0.22646523
p 126 49 21.952868 -0.053159714
p 127 50 22.383448 -0.12116814
p 127 51 23.139608 -0.49743557
p 126 52 23.633074 -0.1933775
p 125 53 24.430637 -0.014145851
p 124 54 25.029095 -0.31865978
p 125 55 25.751335 0.062892914
p 124 56 26.431044 -0.21716309
p 123 57 27.088884 -0.2781

c 40 0.58810043
p 121 228 16.618773 0.10659695
p 122 229 16.526197 -0.16671658
p 123 230 16.526197 -0.24731922
p 123 231 16.448694 -0.19677639
p 124 232 16.342442 -0.2273922
p 125 233 16.306389 -0.4635582
p 126 234 16.23585 -0.1464262
p 127 235 16.206385 -0.09227085
p 126 236 16.17252 -0.19950962
p 127 237 16.165266 0.055660248
p 126 238 16.065214 0.018847466
p 127 239 16.065214 -0.52020836
p 128 240 16.030672 0.020019531
p 127 240 16.030672 -0.04915428

c 41 79.06172
p 126 186 34.17618 11.914837
p 127 187 33.182014 -1.5789108
p 128 188 32.025505 -3.6478443
p 129 189 31.085161 -4.7299957
p 130 190 30.30535 -3.1149101
p 131 191 29.58058 1.1177464
p 132 192 28.796806 0.52896786
p 131 193 28.108667 -0.20388603
p 131 194 27.61293 -0.03225994
p 131 195 27.151028 -0.3154812
p 131 196 26.639154 -0.70842266
p 130 197 26.262117 -0.08601284
p 129 198 25.868702 0.19166756
p 128 199 25.395426 -0.3530903
p 129 200 24.974834 -0.40827656
p 128 201 24.385 -0.68521595
p 127 202 23.864002 0.37347603
p 128 203 23.109756 -0.26682568
p 129 204 22.490515 -0.17289639
p 130 205 22.139421 -0.012989044
p 130 206 21.928967 -0.06732559
p 131 207 21.405235 -0.22283173
p 132 208 20.906567 0.049773216
p 133 209 20.380028 -0.3094778
p 134 210 19.828562 -0.056713104
p 133 211 19.364433 0.06949043
p 134 212 18.976135 -0.43097973
p 135 213 18.769447 0.20332432
p 136 214 18.399551 -0.08042431
p 137 215 18.12911 -0.2644539
p 138 216 18.061684 -0.35632038
p 139 217 17.859758 0.122507095
p 140 218 17.656376 -0.09294891
p 140 219 17.429464 -0.29678154
p 140 220 17.341612 0.006075859
p 141 221 17.10813 -0.019996643
p 140 222 17.025145 -0.08649254
p 140 223 16.867735 -0.34423256
p 141 224 16.786083 -0.1437025
p 140 225 16.786083 -0.04263401
p 139 226 16.576473 -0.19931221
p 140 227 16.434586 -0.22333813
p 140 228 16.413858 -0.21086693
p 140 229 16.413858 -0.13095379
p 141 229 16.525625 0.22685051
p 142 228 16.555256 -0.05298519
p 143 228 16.602018 -0.26596355
p 144 228 16.605072 -0.13575077
p 145 227 16.660442 0.06341457
p 146 226 16.697535 -0.05113697
p 146 225 16.781902 -0.06398392
p 147 224 16.781902 -0.2838831
p 147 223 16.905262 -0.06983566
p 148 222 17.023285 0.03672695
p 149 221 17.040588 -0.19493866
p 150 221 17.0896 0.124993324
p 151 220 17.17971 0.0066871643
p 151 219 17.357775 -0.43378258
p 151 218 17.434742 -0.059470177
p 151 217 17.733347 0.13053322
p 152 216 17.869032 -0.032608986
p 153 215 17.948853 -0.4033661
p 154 214 18.284235 -0.36464882
p 154 213 18.288137 -0.3910637
p 155 212 18.650328 0.23833275
p 154 211 18.971441 -0.06516075
p 153 210 19.325216 0.09787464
p 152 209 19.688147 -0.2389164
p 152 208 20.130117 -0.042118073
p 151 207 20.522406 0.02440834
p 150 206 20.935467 -0.2318182
p 149 205 21.489529 -0.084926605
p 150 204 22.272581 -0.11139679
p 151 203 23.023804 -0.058238983
p 150 202 23.746826 -0.096282005
p 149 201 24.488071 -0.4551382
p 148 200 25.251152 -0.372921
p 148 199 25.622278 -0.39519024
p 148 198 26.293816 -1.0649681
p 147 197 27.072147 -1.2218771
p 146 196 28.201694 -0.7629204
p 145 195 29.186108 -0.8144226
p 144 194 30.109993 -0.5065794
p 143 193 31.018751 4.259534
p 142 192 31.896814 6.7442436
p 141 191 32.865856 1.3993759
p 140 190 33.827553 2.3887596
p 141 189 34.80229 -1.2682896
p 142 188 35.784058 0.8244457
p 143 187 36.790257 0.37623787
p 144 186 37.801365 3.637703
p 145 185 38.770695 -1.5758
p 146 186 39.619568 -5.293762
p 147 185 40.477917 -0.6336746
p 148 184 41.372486 1.7441139
p 149 183 42.29479 -0.39152145
p 150 182 43.23914 -3.2489052
p 149 181 44.2133 3.1110058
p 150 180 44.928688 1.8342762
p 151 179 46.315254 -3.1984196
p 150 178 47.348778 -2.6388245
p 149 177 48.362934 1.9897575
p 148 176 49.358162 -2.6975632
p 149 175 50.344532 3.4354744
p 148 174 51.3371 5.673977
p 147 173 52.344006 3.1794586
p 146 172 53.363876 -0.7289181
p 147 171 54.431717 0.92536926
p 146 170 55.273685 -4.151146
p 145 169 56.52893 1.2889595
p 146 168 57.835808 -0.43437576
p 147 167 58.773663 -2.1427307
p 148 166 59.74252 -4.1775665
p 149 165 60.856888 -1.3153763
p 150 164 62.026684 -3.2869148
p 151 163 63.166733 -4.790756
p 152 162 64.26231 -4.3119507
p 153 161 65.350006 -4.56258
p 152 160 66.43655 -2.0175514
p 151 159 67.515236 -4.8358727
p 150 158 68.94389 -3.9087143
p 151 157 69.61415 0.85292435
p 150 156 70.70144 0.6270523
p 151 155 71.98631 1.5425987
p 150 154 73.5514 -3.8308601
p 149 153 74.65748 -6.3901443
p 148 152 76.07605 -2.2139854
p 149 151 76.95777 -7.676071
p 150 150 78.19543 -3.7879372
p 149 149 79.44776 -0.0763855
p 150 148 80.525536 -3.5571632
p 151 147 81.83133 -13.878586
p 152 146 82.567635 -12.437897
p 153 145 83.75985 -5.1057816
p 152 144 85.14127 -11.54211
p 151 143 86.46249 -6.1580353
p 152 142 87.594925 4.2514343
p 151 141 90.010826 4.251747
p 152 140 91.38143 -10.053642
p 153 139 92.70089 -15.506744
p 154 138 95.47558 -10.333469

c 42 5.142433
p 126 203 23.218704 -0.30656433
p 127 204 22.88355 0.22014332
p 128 205 22.480173 0.48724365
p 129 206 21.97578 0.32390213
p 130 207 21.493673 -0.015173912
p 129 208 20.974096 -0.0026979446
p 128 209 20.455341 -0.40990067
p 129 210 19.942047 -0.09379959
p 130 211 19.404652 -0.68829155
p 131 212 19.087236 -0.2528391
p 130 213 18.658266 -0.044519424
p 130 214 18.52939 -0.44927788
p 130 215 18.076271 -0.63294125
p 131 215 18.076271 -0.5675955

c 43 28.94962
p 129 77 45.485104 2.7203503
p 130 76 44.465824 4.367531
p 131 75 43.617294 6.3616486
p 132 74 42.866627 7.2158203
p 133 73 41.698704 -0.75990677
p 134 72 40.80301 3.6338234
p 135 71 39.897793 -2.2387867
p 134 70 38.96365 5.536154
p 133 69 38.012947 12.173494
p 132 68 37.140324 0.27737236
p 133 67 36.416557 7.0702724
p 132 66 35.009563 0.18926239
p 133 65 34.110443 3.3598232
p 134 64 33.236393 2.8710709
p 135 63 32.36584 8.113758
p 136 62 31.49882 4.1251707
p 137 61 30.627893 0.0020914078
p 138 60 29.758432 0.022554398
p 137 59 28.894886 -0.69177437
p 138 58 28.103731 -0.5295458
p 139 57 27.323765 -0.39192867
p 140 56 26.506514 -0.6712704
p 141 55 25.784855 -0.4521799
p 141 54 25.03071 -0.11135197
p 142 53 24.41525 -0.051234245
p 143 52 23.853802 -0.31225204
p 143 51 23.10849 -0.06572056
p 143 50 22.609926 0.0073604584
p 144 49 21.99502 -0.10154724
p 143 48 21.52936 0.20963001
p 144 47 20.873714 -0.3067112
p 143 46 20.451069 0.12707233
p 142 45 19.963236 -0.34579945
p 143 44 19.723024 0.27530384
p 142 43 19.14875 -0.406209
p 143 42 18.861603 0.17756271
p 142 41 18.588078 0.009252548
p 142 40 18.13373 -0.14459038
p 142 39 18.015835 -0.3721094
p 142 38 17.90689 -0.34533787
p 143 37 17.707588 -0.19002438
p 143 36 17.52028 0.013133049
p 143 35 17.439709 -0.27083397
p 143 34 17.025135 -0.12772655
p 144 33 16.97742 0.0061836243
p 145 33 16.944693 -0.7687702
p 146 33 16.944693 -0.30557346
p 147 32 16.758223 0.029254913
p 148 31 16.758223 0.26680088
p 149 30 16.627047 -0.18931389
p 150 30 16.544245 -0.10975647
p 151 29 16.544245 0.20529366
p 150 28 16.535484 -0.10201931
p 151 28 16.535484 -0.18317127

c 44 43.234882
p 129 77 45.485104 1.2249184
p 130 78 46.623436 7.912676
p 129 79 47.751858 1.5176125
p 130 80 49.092068 3.4576225
p 131 81 50.15623 -3.5010548
p 130 82 50.85677 2.1383247
p 129 83 52.122723 0.09245491
p 130 84 52.861702 5.086437
p 131 85 53.54392 -4.9233837
p 130 86 54.570885 7.733059
p 131 87 55.617935 0.7541275
p 130 88 56.772152 12.772278
p 131 89 57.800144 4.5622597
p 132 90 58.77433 3.194439
p 133 91 59.80907 0.4023533
p 132 92 61.140614 0.8715477
p 133 93 62.211086 0.91425705
p 132 94 63.37612 -1.3660126
p 133 95 64.09957 1.993
p 132 96 65.34523 6.210003
p 133 97 66.56066 0.75268555
p 134 98 67.61248 -0.24923706
p 135 99 68.59314 -4.0787086
p 134 100 69.57694 -5.7050476
p 133 101 70.58711 0.0084991455
p 134 102 71.82648 -2.1860504
p 133 103 72.83865 4.0632668
p 134 104 74.22508 -1.2727585
p 135 105 74.816444 -9.465206
p 136 104 76.551674 -4.002804
p 137 105 77.26124 -8.496872
p 138 106 78.314964 -4.264801
p 137 107 79.508995 0.1431694
p 138 108 80.73169 -8.7991295
p 139 109 82.57756 -8.452309
p 140 110 83.24766 -8.449348
p 141 111 85.05468 -9.199657
p 142 112 86.1333 -8.998154
p 143 113 87.280815 -8.248924
p 144 114 88.719986 -0.7955589

c 45 31.487198
p 131 167 71.10866 1.6196404
p 132 168 65.59899 -1.3259735
p 131 169 60.11041 -1.9150887
p 132 170 55.862854 -1.3858261
p 131 171 54.301178 1.2711563
p 132 172 53.211475 -3.91988
p 133 173 50.68148 -6.678322
p 134 174 49.38675 -6.624794
p 135 175 48.298553 -5.505039
p 136 176 47.34242 -5.4121513
p 137 177 46.06704 -5.35828
p 138 178 45.078205 -6.1671753
p 139 179 44.111614 -2.3142548
p 140 180 43.15025 1.4465294
p 141 181 42.16596 0.90764046
p 142 182 41.233685 0.6703243
p 143 183 40.401302 0.62457657
p 144 184 39.62146 -2.489853

c 46 30.691578
p 150 79 47.0009 2.3672771
p 151 78 46.05617 2.4114838
p 152 77 45.605682 -1.8260384
p 153 76 44.267506 -3.008854
p 154 75 43.443302 -2.3159466
p 155 74 42.418907 2.1123753
p 154 73 41.351147 4.0684586
p 153 72 40.498734 6.3688393
p 152 71 39.582794 6.716194
p 151 70 39.038998 0.59254074
p 152 69 37.734753 3.2763996
p 153 68 36.745335 -2.6091385
p 152 67 35.691746 0.5739441
p 153 66 34.738434 2.8268948
p 154 65 33.941044 4.7399006
p 155 64 33.059696 4.5131264
p 156 63 32.189606 9.685482
p 157 62 31.328667 3.8862686
p 158 61 30.47965 -0.881526
p 159 60 29.66051 -0.037338257
p 160 59 28.857916 0.20198536
p 161 58 27.957079 0.0025510788
p 162 57 27.119762 0.039935112
p 163 56 26.368603 -0.06658363
p 164 55 25.56142 0.03498745
p 165 54 24.817095 -0.20777702
p 166 53 24.09845 0.040281296
p 167 52 23.36937 0.41350365
p 168 51 22.738457 -0.053437233
p 167 50 22.12704 0.1916027
p 166 49 21.545801 -0.3052225
p 165 48 21.007944 -0.09724903
p 164 47 20.458782 -0.023054123
p 165 46 20.05251 -0.015926361
p 166 45 19.545027 -0.20133209
p 167 44 19.208563 -0.11885548
p 167 43 18.882385 -0.098083496
p 167 42 18.380526 -0.2682619
p 168 41 18.261269 0.0021858215
p 167 40 18.098906 -0.11578655
p 167 39 17.815205 -0.18868828
p 166 38 17.629562 0.17762947
p 165 37 17.385649 -0.22193241
p 165 36 17.349615 -0.11043358
p 166 35 17.156878 -0.0017061234
p 166 34 17.069635 -0.17264366
p 165 33 17.02709 0.0047798157
p 164 32 16.860193 -0.19200993
p 164 31 16.860193 0.036621094
p 163 30 16.754074 -0.28760147
p 162 30 16.597078 -0.307662
p 161 29 16.5842 -0.04136944
p 161 28 16.4689 -0.27349663
p 160 27 16.425749 -0.28087997
p 160 26 16.366798 -0.2533779
p 161 25 16.357342 -0.45005226
p 162 24 16.336597 -0.04216957
p 162 23 16.309322 -0.28581905
p 163 24 16.309322 0.016384125

c 47 30.916931
p 150 79 47.0009 -2.4662895
p 151 80 48.015217 6.2232094
p 150 81 49.131226 3.3128815
p 151 82 50.24937 1.2492104
p 152 83 51.356857 -3.3649025
p 151 84 52.73862 7.983753
p 152 85 53.910587 3.741644
p 151 86 54.881798 4.20282
p 152 87 55.84105 2.6851578
p 151 88 56.853065 0.91552734
p 152 89 58.46189 -0.6305809
p 153 90 59.343643 -2.8891602
p 154 91 60.923096 -4.087776
p 155 92 62.215694 -5.0045853
p 156 93 63.52713 -0.8787346
p 155 94 65.10017 -6.683243
p 154 95 66.11532 -6.664585
p 153 96 68.358795 -6.6720047
p 154 97 70.77263 5.030346
p 153 98 77.91783 1.8602104

c 48 29.76139
p 153 159 67.48363 -12.711327
p 154 158 68.53019 -10.651791
p 155 157 69.997795 -7.8251877
p 156 156 70.89829 -10.382561
p 157 155 72.460625 -7.391716
p 158 154 73.47474 -8.927437
p 159 153 75.2453 -5.2515106
p 158 152 77.83379 4.268158
p 159 151 79.95418 -7.646469
p 160 150 81.86545 -8.631989
p 161 149 84.88292 -8.58543
p 162 148 87.632 -7.6329155
p 163 147 89.07525 -7.46653
p 164 146 97.24502 -1.0511818
p 165 145 97.24502 -3.1393814

c 49 40.230427
p 155 76 44.339603 4.225151
p 156 77 45.198635 0.8243675
p 157 78 46.065952 1.6637268
p 158 79 46.94312 4.44162
p 159 80 47.843414 2.3575668
p 160 81 48.796635 -6.1700687
p 159 82 49.835396 -2.346798
p 158 83 50.855633 -3.053709
p 159 84 52.158596 4.576046
p 160 85 52.849133 -0.5686798
p 161 86 53.906307 0.096839905
p 162 87 55.08775 1.9402351
p 163 88 56.335728 2.8129425
p 164 89 58.087532 6.461418
p 165 90 59.987404 0.018592834
p 166 91 62.01763 -1.9454079
p 167 92 65.7521 1.5763397
p 166 93 66.11673 -4.6252327
p 165 94 66.819466 -7.0709076
p 164 95 67.72334 -4.12899
p 163 96 68.7207 -2.2396317
p 164 97 69.712326 6.2867546
p 163 98 70.66562 -0.05290985
p 162 99 71.58727 -1.3470879
p 161 100 72.48235 -4.9071083
p 162 101 73.53059 -5.7402153
p 163 102 74.23286 -5.091194
p 162 103 74.82165 -2.253582
p 161 104 75.41759 -5.957798
p 162 105 76.00359 3.5863266
p 161 106 76.992744 -8.09206
p 160 107 78.82612 1.9503784
p 161 108 80.67411 -7.7296867
p 162 109 82.17149 -8.597916
p 163 110 83.461716 -9.088612
p 164 111 84.57003 -5.878544

c 50 12.453634
p 158 190 28.99263 0.48944283
p 159 191 28.02641 1.7692394
p 160 192 26.987238 3.626771
p 161 193 26.273872 6.918744
p 162 194 25.686563 0.031214714
p 161 195 25.185787 -0.4668684
p 162 196 24.67567 0.14153004
p 162 197 24.00535 -0.2319231
p 162 198 23.597515 -0.567626
p 162 199 23.227884 -0.036824226
p 163 200 22.902824 -0.08443642
p 162 201 22.465048 -0.14410019
p 163 202 22.034178 0.14481258
p 164 203 21.505743 -0.056586266
p 164 204 20.957596 -0.11940956
p 165 205 20.764957 0.16252899
p 164 206 20.409285 -0.38705254
p 163 207 20.107897 -0.07983208
p 162 208 19.569048 -0.20721817
p 163 209 19.455593 0.04804039
p 163 210 18.92206 -0.28626728
p 162 211 18.613123 -0.24306107
p 163 212 18.538372 0.2613182
p 164 213 18.408329 -0.06310463
p 165 214 18.05949 -0.16749382
p 164 215 17.959436 0.027716637
p 163 216 17.7539 -0.14937592
p 164 217 17.721926 -0.05014229
p 165 218 17.64353 -0.04241085
p 164 219 17.487373 0.0418272
p 163 220 17.19782 -0.5244007
p 162 221 17.061378 0.24779129
p 162 222 17.061378 -0.26905727
p 162 223 17.05726 0.23404312
p 163 224 17.010374 0.12084007
p 164 225 16.75425 -0.14352894
p 164 226 16.693302 -0.0706625
p 163 227 16.538996 -0.5194378
p 162 227 16.538996 -0.30987167

c 51 28.914993
p 158 190 28.99263 5.4684134
p 159 189 29.83612 -0.5564213
p 160 188 31.424236 -5.5072327
p 161 187 31.844376 -6.179718
p 162 186 32.681515 -3.7301292
p 163 185 33.579243 -3.4654465
p 162 184 34.516247 7.46278
p 163 183 36.72798 3.3020802
p 162 182 38.844543 7.2509403
p 162 181 44.430595 4.6883774
p 161 180 45.13479 8.399826
p 160 179 45.934887 2.495861
p 161 178 49.030766 0.45062637
p 160 177 51.429047 10.954123
p 161 176 53.619072 3.6767578
p 160 175 55.191673 3.5313835
p 161 174 56.421497 4.6506805
p 162 173 57.907623 -0.61629677

c 52 2.6821232
p 158 211 18.928986 -0.058104515
p 159 212 18.662712 0.18070889
p 160 213 18.371367 -0.021425247
p 160 214 18.23396 -0.29190636
p 160 215 17.89633 -0.25913143
p 160 216 17.745146 -0.12847424
p 159 217 17.492954 -0.0892725
p 158 218 17.413061 0.058286667
p 158 219 17.413061 -0.11189175
p 159 220 17.30281 -0.16992378
p 160 221 17.227623 -0.14202881
p 160 222 17.004486 -0.4996748
p 159 223 17.004486 -0.2566681
p 158 224 16.907803 -0.086616516
p 159 225 16.814474 0.036296844
p 160 226 16.571619 -0.15353298
p 159 227 16.553364 -0.05653858
p 158 228 16.553364 -0.30616856
p 158 229 16.516726 -0.120965004
p 158 230 16.437735 -0.65438366
p 159 231 16.381954 -0.15413666
p 160 231 16.340097 -0.054758072
p 161 231 16.340097 -0.29970837
p 162 230 16.246862 -0.38576794
p 163 230 16.246862 -0.10026264

c 53 8.859756
p 166 195 25.445108 -0.26250553
p 167 196 24.736296 -0.17656517
p 168 197 24.025396 0.005765915
p 167 198 23.605667 0.35789108
p 168 199 23.007391 -0.07110596
p 168 200 22.767818 -0.021826744
p 168 201 22.435495 -0.28612804
p 169 202 21.914541 0.19543743
p 169 203 21.493624 -0.28611755
p 169 204 21.154497 0.11260605
p 168 205 20.647007 0.15883827
p 169 206 20.17264 -0.56535244
p 170 207 19.995314 0.15648746
p 169 208 19.606714 -0.08013916
p 170 209 19.245804 -0.07862091
p 170 210 18.900242 -0.57083607
p 169 211 18.752016 0.16931725
p 169 212 18.613127 -0.29050827
p 169 213 18.322939 -0.4544649
p 168 214 18.172295 0.29861355
p 167 215 17.974653 -0.12959766
p 167 216 17.879627 -0.28125763
p 168 217 17.801743 -0.10844231
p 169 218 17.634441 0.021427155
p 169 219 17.369867 -0.51493454
p 170 220 17.271908 -0.07203102
p 171 220 17.271908 0.07169342
p 172 221 17.1824 0.05158615
p 173 222 17.047657 -0.36238766
p 172 223 17.014105 0.1308384
p 173 224 16.86973 -0.17718792
p 174 225 16.675495 0.15055752
p 175 226 16.585352 -0.16712761
p 176 226 16.585352 -0.09829235

c 54 21.930437
p 166 195 25.445108 -0.123500824
p 167 194 26.096888 -0.331398
p 168 193 26.716385 5.47423
p 169 192 27.467077 7.4102716
p 170 191 28.317814 6.988476
p 171 190 29.457615 1.2263727
p 170 189 30.145597 -5.4597282
p 171 188 30.845493 -3.4851284
p 172 187 31.743923 -2.4438705
p 173 186 32.79866 -7.2003155
p 172 185 34.161556 -0.85515785
p 171 184 35.42071 -2.5833435
p 172 183 36.812504 12.163803
p 171 182 37.443073 3.2836227
p 170 181 38.685177 -2.992855
p 169 180 40.129032 -2.5794792
p 168 179 41.568714 -2.9506245
p 169 178 42.43191 4.7688637
p 168 177 43.48468 2.0953274
p 169 176 44.977516 -3.8701096
p 170 175 46.051258 -6.4256973
p 171 174 47.375546 -4.52108

c 55 34.63449
p 167 91 64.65681 -3.1636086
p 168 92 65.72222 0.70513535
p 167 93 66.18065 6.4601517
p 168 94 67.19917 0.19901276
p 169 95 68.6387 0.659111
p 170 96 69.81875 1.6165543
p 171 97 70.784805 -2.1297607
p 170 98 71.9896 3.3215714
p 171 99 73.15073 -1.8071213
p 172 100 74.453545 2.4760742
p 173 101 75.38347 -4.341217
p 174 102 77.513306 -2.9084358
p 175 103 78.89244 -1.4048996
p 176 104 80.58427 -4.7956085
p 175 105 82.06701 1.643219
p 176 106 83.88036 -0.30747223
p 177 107 87.58016 -0.010826111
p 176 108 89.201454 -0.46821213
p 175 109 90.86129 -5.6262627
p 174 110 93.52685 -2.769867
p 175 111 94.77125 0.2441063
p 174 112 97.32252 1.3824806
p 175 113 99.2913 -3.4436684

c 56 4.2763042
p 171 206 20.272825 -0.5896511
p 172 206 20.311775 -0.396904
p 173 205 20.891272 -0.065439224
p 174 204 21.379507 0.37247086
p 175 203 21.5562 -0.3155918
p 175 202 21.931934 -0.61314774
p 174 201 22.69222 0.6041784
p 175 200 23.163622 -0.06943321
p 176 199 23.457762 -0.20882416
p 177 198 23.962017 0.13268185
p 178 197 24.54913 0.5859499

c 57 18.348822
p 172 69 34.892136 3.5654583
p 173 68 33.288834 0.383049
p 174 67 32.240532 -8.926516
p 173 66 31.21048 4.231537
p 174 65 30.255255 4.4912033
p 173 64 29.377449 7.384865
p 174 63 28.513678 3.9834528
p 173 62 27.670486 1.3062897
p 174 61 26.66851 -0.7670784
p 175 60 26.301802 0.31798935
p 174 59 25.731127 -0.09453106
p 175 58 25.204052 -0.6554451
p 175 57 24.546879 -0.648674
p 176 56 23.734465 0.037665367
p 177 55 23.327557 -0.28555965
p 178 54 22.867441 -0.037986755
p 177 53 22.28162 -0.17356682
p 178 52 21.98229 -0.02650261
p 179 51 21.382708 -0.4644766
p 180 50 20.959173 -0.6488466
p 181 49 20.721571 0.15693092
p 181 48 20.362886 -0.26927948
p 181 47 20.044197 0.035817146
p 180 46 19.74088 -0.14395142
p 181 45 19.443775 0.15837193
p 180 44 18.899446 -0.2742777
p 179 43 18.742207 -0.02822113
p 178 42 18.558819 -0.4084072
p 178 41 18.341223 -0.096853256
p 179 40 18.143404 0.54198456
p 180 39 17.678715 -0.507658
p 179 38 17.548618 0.055480003
p 178 37 17.32833 -0.31605053
p 179 36 17.160328 0.12380791
p 178 35 17.07551 -0.15706444
p 177 34 16.963644 -0.09840298
p 178 33 16.963644 0.18391323
p 179 32 16.770836 -0.03204727
p 178 31 16.769066 -0.22425652
p 177 30 16.552118 -0.34031963
p 176 29 16.543314 -0.39858627
p 176 28 16.543314 -0.46760082

c 58 23.552332
p 175 80 50.52068 5.553356
p 176 79 48.83468 -1.3922005
p 177 78 46.88241 -4.9459343
p 178 77 44.78935 -1.8992386
p 177 76 42.963825 2.6339493
p 178 75 41.325104 -0.9155159
p 179 74 39.922554 -2.1786861
p 178 73 38.540012 4.494713
p 179 72 37.553482 2.154028
p 180 71 36.018837 -1.8109531
p 179 70 34.856224 11.425602
p 180 69 34.200768 -0.92020607
p 179 68 32.7474 2.3398933
p 178 67 31.802475 -6.451353
p 179 66 30.9368 4.7994747
p 178 65 30.124826 5.051119
p 179 64 29.00137 5.8357286
p 178 63 28.477657 4.3590193
p 177 62 27.717323 2.621398
p 176 61 26.968348 -0.5684166

c 59 59.962467
p 177 160 76.521034 -1.247963
p 178 161 71.2877 -9.342487
p 179 162 69.612076 -8.428196
p 180 163 67.701256 -11.132908
p 181 164 66.086914 -7.763912
p 182 165 64.17295 -5.606098
p 183 166 63.02254 -4.264473
p 184 167 61.66985 0.23040009
p 183 168 59.922604 -5.034809
p 184 169 58.70525 4.0303535
p 183 170 57.420624 -3.5654182
p 182 171 56.033497 0.50369453
p 183 172 54.668407 -2.8740692
p 184 173 53.413948 -1.5574493
p 185 174 52.48839 -0.29154968
p 186 175 50.944363 -2.4097137
p 187 176 49.821007 -2.3136826
p 188 177 48.779274 -0.28083038
p 189 178 47.766838 -0.9955864
p 190 179 46.7433 -1.0485115
p 191 180 45.687557 -1.0521317
p 192 181 44.61789 3.9807415
p 192 182 43.746437 0.041639328
p 193 183 42.30987 -4.826315
p 194 184 41.255066 -2.9499931
p 193 185 39.83011 -1.2742195
p 192 186 38.84248 0.08480072
p 191 187 37.9763 10.146938
p 191 188 36.25993 10.234348
p 190 189 35.17112 -0.75737
p 191 190 34.217144 5.501549
p 191 191 32.60363 3.8747768
p 190 192 31.909348 0.3470297
p 191 193 30.899845 -0.31894207
p 190 194 29.943586 -0.50940037
p 189 195 28.692717 -0.7133932
p 188 196 28.066017 0.18493652
p 189 197 27.16363 0.022331238
p 188 198 26.254032 -0.11068344
p 189 199 25.32547 -0.11547947
p 190 200 24.67961 0.17374706
p 191 201 23.708494 -0.20641804
p 190 202 23.036821 -0.21900177
p 189 203 22.523474 0.11569214
p 188 204 21.88427 0.12588024
p 187 205 21.285145 0.356431
p 186 206 20.573675 -0.18933868
p 187 207 20.09132 -0.15224552
p 186 208 19.90511 -0.0072698593
p 185 209 19.257614 0.07270908
p 184 210 19.04623 0.11352253
p 184 211 19.003996 0.025157928
p 183 212 18.675722 0.003976822
p 182 213 18.371763 -0.2529049
p 182 214 18.151663 -0.4571848
p 181 215 17.970724 -0.095264435
p 180 216 17.784084 -0.45370197
p 180 217 17.470284 -0.65062046
p 179 218 17.283401 0.08640003
p 179 219 17.223083 0.29038334
p 178 220 17.024527 -0.043283463
p 179 221 17.024527 -0.044844627
p 180 222 16.871153 -0.3072338
p 179 223 16.871153 -0.20364761
p 178 224 16.78214 -0.36740494
p 178 225 16.617926 -0.27435017
p 179 226 16.603813 -0.24138641
p 180 227 16.57075 -0.017457962
p 181 227 16.558567 0.08631134
p 182 227 16.558567 -0.116848946

c 60 28.924019
p 178 147 94.278465 -3.1156044
p 179 148 93.310936 -2.781189
p 180 149 90.5213 -0.828846
p 181 150 85.28816 -6.3424873
p 180 151 83.23921 5.188202
p 181 152 82.21304 4.779438
p 180 153 81.151375 2.35886
p 181 154 80.16035 0.71115494
p 182 155 78.54005 -5.006729
p 181 156 77.17414 0.44631577
p 182 157 75.80606 -2.0340729
p 183 158 74.1561 -0.33298874
p 184 159 72.630905 0.04299164
p 183 160 71.24152 -6.61129
p 184 161 70.02738 -2.6205482
p 185 162 68.06258 -6.418728
p 184 163 66.58048 -6.4156
p 183 164 65.35445 -5.5060463

c 61 35.824066
p 184 79 52.678383 1.6516762
p 185 78 45.718258 -14.285709
p 186 77 45.126656 -10.504135
p 187 76 43.31064 -10.338646
p 186 75 41.792816 3.4383392
p 187 74 40.31107 -6.6562576
p 188 73 38.71359 -1.2768021
p 189 72 37.4785 0.9923706
p 190 71 36.85012 -3.7036648
p 189 70 36.13904 6.941984
p 190 69 34.265358 2.7021904
p 191 68 33.2151 -0.41752625
p 192 67 32.31759 -4.7516994
p 191 66 31.57763 7.1175156
p 192 65 30.868246 3.898512
p 193 64 29.670275 1.2778444
p 194 63 28.445158 4.604233
p 195 62 28.003052 0.12150669
p 194 61 27.42517 -0.25618267
p 195 60 26.653902 -0.1789074
p 194 59 26.047031 -0.10341549
p 193 58 25.397997 -0.16189098
p 192 57 24.91636 -0.009875298
p 191 56 24.315529 0.014823914
p 192 55 23.584421 -0.12275314
p 191 54 22.898514 -0.20765018
p 190 53 22.503819 -0.05195427
p 189 52 21.923443 -0.14120483
p 189 51 21.27028 -0.18132687
p 190 50 21.023636 -0.06129837
p 190 49 20.430616 -0.11696434
p 190 48 19.79674 -0.020601273
p 190 47 19.770987 0.4879532
p 189 46 19.381168 -0.040812492
p 188 45 19.123684 0.042873383
p 188 44 18.926981 0.1994791
p 187 43 18.597113 0.028334618
p 187 42 18.597113 0.29280758
p 188 41 18.113024 -0.3521824
p 187 40 18.012342 0.14707756
p 187 39 17.762691 -0.3075161
p 187 38 17.510654 -0.022441864
p 186 37 17.510654 0.21699524
p 185 36 17.327833 -0.20928097
p 186 35 17.327833 0.09480667
p 187 34 17.101368 -0.10250378
p 187 33 17.060608 0.030838966
p 188 32 16.987862 -0.18719864
p 187 31 16.854319 0.17629528
p 187 30 16.854319 -0.6195402

c 62 3.2865639
p 186 234 16.092657 -0.16076565
p 187 235 16.092657 0.102399826
p 188 234 16.104965 0.14522362
p 189 233 16.104965 -0.14609528
p 190 232 16.1067 -0.22498798
p 191 231 16.223421 -0.09808254
p 192 230 16.362091 -0.12082672
p 193 229 16.46471 -0.5632448
p 194 228 16.471445 -0.048830986
p 195 227 16.621033 -0.20665455
p 196 226 16.621033 -0.052877426
p 197 225 16.635899 -0.109537125
p 197 224 16.754759 0.24679184
p 198 223 16.7692 -0.5621462
p 199 223 16.921457 0.0030117035
p 200 223 17.030457 6.799698E-4
p 201 222 17.030457 -0.28351498
p 201 221 17.14903 -0.054657936
p 201 220 17.168095 -0.17918777
p 201 219 17.168095 -0.23929596
p 201 218 17.43116 -0.28938198
p 201 217 17.515083 -0.12764835
p 201 216 17.6508 -0.14263725
p 200 215 17.677437 -0.10933685
p 200 214 18.01569 -0.04706478
p 199 213 18.259663 -0.43994808
p 199 212 18.50415 -0.23352337
p 198 211 18.68932 -0.3286438
p 198 210 19.113441 -0.13388252
p 199 209 19.379221 0.1734848

c 63 77.50845
p 190 113 94.566536 -3.1682205
p 191 112 92.0638 -2.2890587
p 192 111 89.92367 -7.1475716
p 193 110 88.09784 -5.048233
p 194 109 86.60486 -5.9194717
p 195 108 85.38981 -6.775009
p 196 107 83.46601 -7.4977455
p 197 106 81.47226 -8.821545
p 198 105 80.00633 -3.1602287
p 199 104 78.72694 -8.265633
p 200 103 77.51372 -6.521694
p 201 102 76.17515 -3.1957512
p 200 101 74.88398 3.146614
p 201 100 73.64327 -0.17247772
p 200 99 72.66419 2.6166496
p 201 98 71.58625 -0.82663345
p 200 97 70.332085 1.8915558
p 201 96 69.15093 1.5557938
p 200 95 67.990944 -2.229618
p 201 94 66.96684 -6.117218
p 202 93 65.976974 -1.1591568
p 203 92 64.99864 -4.0219116
p 204 91 64.30629 -0.16682816
p 203 90 62.730267 -4.793331
p 202 89 61.61489 -6.392498
p 201 88 60.412357 -10.531143
p 200 87 59.30545 -3.5327988
p 201 86 58.144073 -6.1775475
p 202 85 57.00776 -4.2700844
p 201 84 56.11268 1.9874306
p 202 83 55.06092 -6.4672775
p 203 82 53.91988 -3.1122017
p 202 81 52.75471 4.047516
p 203 80 51.70429 0.0681839
p 204 79 50.659668 -3.6609306
p 205 78 49.63534 -2.074543
p 206 77 48.61489 4.55641
p 206 76 47.479706 2.9904785
p 207 75 45.91535 1.9967194
p 208 74 44.98561 1.8856544
p 209 73 44.055202 -1.4778004
p 208 72 42.87383 12.519165
p 208 71 41.393997 11.045496
p 207 70 38.771442 -4.3752728
p 208 69 37.694878 15.291746
p 207 68 36.633026 1.3520374
p 208 67 35.628918 0.6976967
p 207 66 34.62847 2.2570267
p 206 65 33.55699 -0.5275402
p 207 64 32.44044 4.9435787
p 206 63 31.418697 1.3594084
p 207 62 30.488995 0.3210163
p 208 61 29.629198 -1.4384375
p 209 60 28.752157 0.10166168
p 208 59 27.856575 -0.3308897
p 208 58 26.973408 -0.064222336
p 208 57 26.116617 -0.19491768
p 207 56 25.282389 -0.2956314
p 206 55 24.476662 -0.2270441
p 207 54 23.925303 0.19673538
p 206 53 23.014074 -0.3596983
p 206 52 22.570524 -0.41846085
p 206 51 21.660536 -0.34873867
p 207 50 21.31032 0.26466084
p 206 49 20.757328 0.15145588
p 207 48 20.19983 0.05535221
p 206 47 19.737158 0.044215202
p 207 46 19.373178 0.08071518
p 206 45 18.986479 0.21072769
p 205 44 18.701805 0.27377224
p 206 43 18.377083 -0.18910503
p 206 42 18.195496 -0.3039112
p 206 41 18.117706 -0.18785763
p 205 40 17.856638 -0.008610725
p 206 39 17.668436 -0.4531021
p 207 39 17.400436 -0.51511765
p 208 38 17.400436 0.23563385
p 207 37 17.27282 -0.05214405
p 208 36 17.239065 -0.2154541
p 209 35 17.08713 -0.18305683
p 210 35 17.05808 0.10474014
p 210 36 17.05808 0.024266243

c 64 52.03559
p 193 139 96.91231 -4.729603
p 194 140 94.78489 -0.045871735
p 195 141 93.54919 0.9332123
p 196 142 92.30364 -0.83861923
p 197 143 91.16805 -1.5483932
p 196 144 89.48682 -3.9583168
p 197 145 87.96522 -4.8045883
p 198 146 86.61836 1.5781174
p 197 147 85.52153 -4.4073753
p 198 148 84.32033 2.6025162
p 197 149 82.79388 -7.7818108
p 196 150 81.30709 -4.32732
p 195 151 80.01224 5.6325226
p 196 152 78.772255 2.3940086
p 195 153 77.63236 1.5191841
p 196 154 76.50913 -0.72766876
p 197 155 75.34046 1.2196922
p 196 156 74.259796 -4.6368027
p 195 157 72.81925 -2.713234
p 196 158 71.67565 -5.721119
p 197 159 70.65659 -1.7912827
p 198 160 69.87105 -1.5953331
p 197 161 67.99168 -3.7290459
p 198 162 66.852196 10.567448
p 197 163 65.73236 3.4664726
p 198 164 64.5681 -0.6405258
p 197 165 63.320824 -1.7713165
p 196 166 62.288235 -2.5458755
p 197 167 60.94376 -1.597023
p 198 168 59.76462 -2.732109
p 199 169 58.55994 -3.6867638
p 200 170 57.231647 0.8931675
p 199 171 55.806858 -3.851921
p 198 172 54.592598 -1.3997498
p 197 173 53.42028 -1.6052494
p 198 174 52.288116 7.2213364
p 197 175 51.199116 1.673336
p 198 176 50.178555 3.3445091
p 197 177 49.19905 -0.8615227
p 196 178 48.128876 -0.41719437
p 195 179 46.9329 -2.956234
p 194 180 45.874535 -4.1154366
p 193 181 44.876717 -6.1179905

c 65 3.382618
p 194 48 19.957352 -0.48957062
p 195 47 19.614788 0.05915737
p 196 46 19.326664 -0.024881363
p 195 45 18.919266 0.18395042
p 196 44 18.751453 -0.09046745
p 195 43 18.632795 0.09694576
p 195 42 18.380514 -0.052038193
p 195 41 18.134008 4.043579E-4
p 196 40 18.042353 0.07897091
p 197 39 17.814785 -0.60931206
p 198 38 17.536291 -0.20600033
p 199 37 17.314722 0.10211086
p 199 36 17.25868 -0.2064333
p 199 35 17.14268 -0.16996098
p 200 34 16.98581 -0.13322353
p 201 33 16.98581 -0.1287899
p 201 32 16.743553 0.0040721893
p 201 31 16.73974 -0.16993809
p 202 30 16.732536 -0.03218937
p 202 29 16.655125 -0.17216015
p 201 28 16.648268 0.10470486
p 201 27 16.574734 -0.123809814
p 200 28 16.574734 -0.19516563

c 66 10.1994095
p 201 196 27.550253 -0.31557465
p 202 197 26.805405 0.039657593
p 203 198 26.017185 -0.1708479
p 202 199 25.233349 -0.53933525
p 203 200 24.631927 0.09767628
p 204 201 23.928099 -0.3657198
p 204 202 23.373861 -0.33369255
p 205 203 22.669308 -0.02303791
p 205 204 22.21169 0.007098198
p 204 205 21.382908 -0.41749287
p 205 206 20.991491 0.025530815
p 206 207 20.408674 -0.090872765
p 205 208 19.920492 0.14712143
p 204 209 19.627611 -0.12688923
p 203 210 19.352049 -0.3963766
p 204 211 19.017902 -0.68690395
p 205 212 18.768234 0.25875187
p 206 213 18.211515 -0.26104832
p 205 214 18.211515 -0.050930977
p 205 215 17.773369 -0.21291542
p 205 216 17.480782 -0.009799957
p 206 217 17.350843 -0.13889313
p 205 217 17.350843 -0.017539978

c 67 66.496704
p 204 197 26.497839 -0.50293064
p 205 196 27.588148 -0.2983694
p 206 195 28.676842 -0.6885872
p 207 194 29.269087 -0.6009588
p 208 193 30.020872 -0.32887936
p 207 192 30.894995 3.0784311
p 208 191 31.77605 6.062729
p 209 190 32.693806 -1.9526653
p 208 189 33.607147 -5.7164917
p 209 188 34.539608 -2.5056534
p 210 187 35.481415 1.2327919
p 211 186 36.323055 7.476351
p 212 185 37.38887 4.553694
p 213 184 38.62041 5.8150387
p 214 183 39.77873 7.327692
p 215 182 40.82215 -3.9002705
p 214 181 41.792492 5.852991
p 215 180 42.745274 2.2666912
p 214 179 43.728874 8.871424
p 215 178 44.750378 4.812208
p 214 177 45.803497 5.7616634
p 215 176 46.83306 2.8523636
p 216 175 47.802612 0.75152206
p 217 174 48.76252 -8.711086
p 216 173 49.75493 -1.4692574
p 215 172 50.847363 -1.9944782
p 216 171 51.92258 3.9687767
p 215 170 52.93804 6.5438232
p 214 169 54.04364 -1.6004772
p 215 168 55.148205 7.4047565
p 214 167 56.195114 5.4068317
p 215 166 57.188656 5.268112
p 214 165 58.231277 1.7261562
p 215 164 59.354633 3.674839
p 214 163 60.382336 1.0806084
p 215 162 61.565895 5.796837
p 214 161 62.795795 2.8854256
p 215 160 63.99605 2.8555107
p 214 159 65.299736 -1.0101166
p 213 158 66.57175 1.7076302
p 214 157 68.15893 -1.9517746
p 215 156 70.51277 -1.7370033
p 216 155 71.82059 -2.398697
p 217 154 72.803604 -5.572029
p 216 153 73.6446 1.7186241
p 217 152 74.69886 -5.820038
p 218 151 75.595726 -3.1364288
p 219 150 76.48135 -3.17173
p 218 149 77.5388 3.8624916
p 219 148 78.54882 -0.41913986
p 218 147 80.4919 2.7387123
p 219 146 81.709496 -4.1761665
p 220 145 83.3126 -3.6211853
p 221 144 84.64429 -7.3266716
p 222 143 85.758606 -8.022099
p 223 142 86.838684 -4.3672295
p 222 141 87.75803 5.11602
p 223 140 89.619644 -5.12838
p 224 139 91.25294 -7.430237
p 225 138 92.994545 -4.4045486

c 68 49.355564
p 207 77 48.479664 -1.8762798
p 208 78 49.486343 -2.730629
p 209 79 50.507732 -0.32699585
p 210 80 51.59798 1.8533516
p 211 81 52.695347 -1.2343216
p 212 82 53.91387 -3.3228264
p 213 83 54.58388 -1.3394337
p 212 84 55.460266 -5.3388042
p 211 85 56.342453 -4.266739
p 210 86 57.8038 -3.2350502
p 211 87 58.789383 -2.788063
p 212 88 59.694687 -3.478096
p 213 89 60.757984 -6.4859276
p 214 90 61.74718 -4.9304924
p 215 91 63.0995 -3.565773
p 216 92 64.313545 -4.505718
p 215 93 65.9029 2.1422958
p 216 94 66.946335 -1.2671852
p 217 95 68.89375 -2.2267723
p 216 96 70.508675 -1.5912514
p 217 97 72.07666 -2.6545486
p 218 98 72.908035 -2.5827866
p 219 99 73.66846 -2.8109932
p 218 100 75.57323 5.2968636
p 219 101 76.7253 -1.0108109
p 220 102 78.478424 -2.0942955
p 221 103 80.202034 -2.0615616
p 222 104 81.864235 2.3325539
p 223 105 82.92467 0.9677124
p 223 106 85.61386 3.9588737
p 224 107 86.75605 0.6628151
p 223 108 89.29126 0.33564377
p 224 109 90.66135 2.7281952
p 224 110 91.985245 0.9379387
p 224 111 92.942856 1.1627197
p 225 112 93.690834 -0.50951004
p 224 113 96.25966 -1.1472588
p 223 114 97.83523 -0.881485

c 69 19.567245
p 208 145 91.39482 1.8709259
p 209 146 90.40052 1.5398521
p 208 147 87.319275 -0.7101822
p 209 148 84.77615 2.1787224
p 210 149 82.95615 0.99380875
p 210 150 82.45962 4.5395164
p 211 151 80.60722 3.1556625
p 212 152 77.12559 -2.2188416
p 213 153 74.29155 -6.062847
p 214 154 72.71438 -6.379856
p 215 155 71.827576 0.42349625

c 70 46.025497
p 216 32 16.627356 -0.5444975
p 217 32 16.627356 -0.22071552
p 218 32 16.684917 0.16479969
p 219 33 16.684917 -0.19909286
p 220 34 16.876398 -0.11368942
p 220 35 16.94747 -0.24971676
p 221 36 17.196249 -0.5037222
p 221 37 17.314276 -0.4688511
p 222 38 17.548954 0.08339691
p 223 39 17.642805 -0.23407173
p 224 40 17.80454 -0.41949368
p 225 41 17.900475 -0.12735844
p 226 42 18.206741 0.30616093
p 227 43 18.496367 -0.075021744
p 227 44 18.670578 -0.18768024
p 226 45 18.742678 -0.60410786
p 225 46 19.24575 0.19359493
p 224 47 19.569178 -0.3469
p 224 48 19.997229 -0.01717186
p 225 49 20.374535 -0.23893356
p 224 50 20.984491 -0.1571083
p 224 51 21.100489 -0.37450027
p 224 52 21.894428 -0.06912136
p 224 53 22.260582 -0.5202112
p 223 54 22.875267 -0.07958698
p 224 55 23.496933 0.36584187
p 223 56 23.870222 0.061478615
p 223 57 24.516542 -0.024534225
p 224 58 25.122341 0.088645935
p 225 59 25.707933 -0.09025574
p 224 60 26.314655 -0.2060566
p 223 61 27.046171 -0.09453201
p 224 62 27.830994 4.4985476
p 223 63 28.620806 7.057563
p 222 64 29.48484 4.9928017
p 223 65 30.425062 1.3169622
p 222 66 31.359928 1.6856346
p 221 67 34.19526 -2.0320206
p 222 68 36.024857 3.5554752
p 221 69 36.89471 5.9631176
p 222 70 37.63229 0.68414116
p 223 71 38.47512 0.86478806
p 224 72 39.904102 3.4428444
p 225 73 41.12604 4.7174587
p 226 74 41.762047 0.097839355
p 225 75 44.206917 -1.0008183
p 225 76 48.807007 1.9292622
p 224 77 49.90594 0.060642242
p 223 78 57.476368 2.620449
p 224 79 60.171673 5.6716576
p 223 80 60.859154 3.6825943
p 224 81 61.433353 0.018793106
p 223 82 62.01408 3.1513176
p 224 83 62.652855 1.9891357

c 71 36.10337
p 220 172 53.041668 -7.8821793
p 221 173 51.115383 1.0549316
p 220 174 50.046265 3.1657372
p 221 175 49.172237 -1.86969
p 222 176 47.861336 -7.2835293
p 223 177 46.27047 0.32298088
p 222 178 44.557465 1.672987
p 221 179 43.37397 4.107353
p 220 180 42.21904 0.37095642
p 221 181 41.14506 3.1113224
p 220 182 40.19152 11.097221
p 221 183 39.307507 6.1733055
p 222 184 38.406723 4.759754
p 221 185 37.391743 10.078558
p 222 186 36.211906 9.961601
p 223 187 35.1139 -2.3236198
p 222 188 34.067047 4.4635468
p 223 189 32.981846 3.2255135
p 222 190 31.868252 7.135498
p 223 191 30.866238 8.330035
p 224 192 30.019478 0.10192299
p 223 193 29.162764 -0.23200703
p 222 194 28.08865 -0.2550707
p 223 195 27.651094 0.02401638
p 224 196 26.973337 -0.51153183
p 223 197 26.293001 0.0485363
p 224 198 25.499023 -0.06051922
p 223 199 24.71392 -0.01843834
p 224 200 24.21049 -0.3285408
p 224 201 23.566376 -0.46051311
p 225 202 22.64392 -0.029665947
p 225 203 22.128004 -0.36279392
p 226 204 21.737047 -0.19234848
p 227 205 21.2924 0.54181385
p 226 206 20.273453 -0.32284832
p 227 207 20.018373 0.39252758
p 226 208 19.817255 0.06537247
p 227 209 19.529408 -0.1370449
p 226 210 19.168858 -0.10561752
p 227 211 18.763563 0.003563881
p 226 212 18.370506 -0.32467365
p 225 213 18.096575 0.15151215
p 225 214 17.90282 -0.10756683
p 225 215 17.90282 -0.103450775
p 224 216 17.631268 -0.17004776
p 225 217 17.462458 0.14229012
p 224 218 17.462458 0.3998003
p 225 219 17.165726 -0.12617397
p 224 220 17.01824 -0.090792656
p 223 221 16.96033 -0.21007061
p 222 221 16.938295 -0.20663929
p 221 221 16.938295 -0.07956028

c 72 34.461643
p 220 172 53.041668 3.142887
p 221 171 54.52345 -0.68989563
p 222 170 56.14554 -1.2966995
p 223 169 57.883038 -2.3718376
p 224 168 59.35163 -1.6600342
p 225 167 60.78748 -2.2327003
p 226 166 65.27003 -0.019874573
p 225 165 65.54437 -0.7709427
p 226 164 67.37572 -1.5832062
p 227 163 70.3534 -0.14733124
p 226 162 72.053925 -0.59316635
p 225 161 74.1215 0.78339386
p 224 160 74.81881 0.932991
p 225 159 76.38791 -1.6030502
p 226 158 77.867805 -2.7217636
p 227 157 79.70736 -2.3486595
p 228 156 81.82856 1.5045967
p 228 155 84.11934 2.4009094
p 229 154 85.4719 -0.5589981
p 228 153 87.50331 -0.876709

c 73 4.5651016
p 229 51 21.268162 -0.15169048
p 230 50 21.037994 0.10889816
p 231 49 20.61833 0.059514046
p 230 48 20.089397 -0.008349419
p 230 47 19.69698 -0.00541687
p 231 46 19.451092 0.16714
p 230 45 19.064774 0.058241844
p 230 44 18.783997 -0.07635689
p 231 43 18.406097 -0.036706924
p 231 42 18.224005 0.27850246
p 232 41 17.961464 -0.038476944
p 231 40 17.819092 0.26542854
p 232 39 17.612429 -0.2894764
p 232 38 17.392073 -0.10686779
p 233 37 17.32018 -0.003941536
p 234 36 17.170086 -0.18396854
p 233 35 16.798016 -0.4266739
p 232 34 16.730452 0.097602844
p 233 33 16.70306 -0.0829792
p 232 33 16.70306 -0.41569996

c 74 14.797947
p 229 190 31.240376 0.18314266
p 230 191 30.351597 3.5082731
p 231 192 29.47598 5.73876
p 232 193 28.516724 -0.16049957
p 231 194 27.9284 -0.07281208
p 231 195 26.936436 -0.99691105
p 232 196 26.38867 0.25362873
p 232 197 25.793737 0.14325523
p 233 198 25.119244 -0.14402008
p 234 199 24.463959 0.09881878
p 233 200 23.802328 -0.23334503
p 234 201 23.246262 -0.36784267
p 235 202 22.607037 -0.025658607
p 234 203 22.010689 0.12727547
p 235 204 21.483643 0.24317265
p 234 205 20.9247 -0.04938221
p 235 206 20.510183 0.007951736
p 236 207 20.163391 -0.094335556
p 237 208 19.794102 -0.35568905
p 237 209 19.310305 -0.38032246
p 236 210 18.978136 0.18590927
p 237 211 18.488098 -0.4384241
p 237 212 18.262938 -0.116633415
p 237 213 18.262938 -0.027861595
p 237 214 17.80788 -0.17135334
p 236 215 17.736753 -0.36042976
p 235 216 17.569561 -0.37325382
p 234 217 17.533997 -0.20373726
p 233 218 17.083534 -0.4793768
p 234 219 17.083534 -0.09627724
p 235 220 16.940287 -0.15574074
p 234 221 16.940287 0.11494541
p 233 222 16.925186 -0.07414055
p 232 223 16.745209 -0.03231907
p 232 224 16.442429 -0.064082146
p 233 224 16.442429 -0.17526722

c 75 29.93436
p 229 190 31.240376 3.5304136
p 230 189 32.138416 0.62060547
p 231 188 33.297897 0.28616905
p 232 187 34.389256 1.8139114
p 233 186 35.938976 5.576376
p 234 185 36.809258 5.400833
p 235 184 37.63445 5.056381
p 236 183 38.494965 3.3048935
p 237 182 39.386654 -2.8424053
p 236 181 40.423573 0.11656189
p 235 180 41.522503 -3.8097172
p 236 179 42.59143 5.9646854
p 237 178 43.690594 -0.0071964264
p 236 177 44.801384 9.212244
p 237 176 46.005116 -1.8232288
p 236 175 47.02976 -0.32658005
p 235 174 48.332886 -2.8210316
p 236 173 49.684258 6.1183014
p 237 172 51.06942 3.5831795
p 238 171 53.371056 1.4781609
p 237 170 54.99666 7.527088
p 238 169 57.26599 6.059948
p 239 168 59.082676 -1.1424751
p 238 167 60.09923 0.4382019
p 237 166 61.174736 -1.8167534

c 76 21.729912
p 231 51 21.411415 -0.006280899
p 232 52 21.983278 -0.30889797
p 233 53 22.459146 0.25368023
p 234 54 22.931974 -0.15765762
p 233 55 23.7801 0.35356236
p 234 56 24.311962 -0.33644485
p 235 57 24.874626 0.26002693
p 236 58 25.263277 -0.32118607
p 237 59 25.783833 -0.39104462
p 238 60 26.338768 -0.17476559
p 239 61 26.87628 -0.15496731
p 239 62 27.455551 5.3468523
p 240 63 27.917019 7.757264
p 241 64 28.768045 2.0357294
p 241 65 29.81254 0.22263241
p 240 66 32.858856 2.470148
p 241 67 35.241367 -0.123233795
p 240 68 38.142864 9.00757
p 241 69 39.24069 5.3157043
p 241 70 43.141327 7.892275

c 77 4.629732
p 236 49 20.881355 0.048513412
p 237 48 20.149658 -0.38086414
p 238 47 19.888298 0.073996544
p 238 46 19.187107 -0.3823862
p 239 45 18.943771 0.074617386
p 239 44 18.663725 -0.15642357
p 239 43 18.557018 -0.12136173
p 238 42 18.212692 -0.50758076
p 237 41 17.780064 -0.0053215027
p 237 40 17.649437 -0.4272833
p 238 39 17.49909 0.05733013
p 237 38 17.262321 -0.051662445
p 238 37 17.262321 -0.08799553
p 239 36 17.093145 -0.10198593
p 240 35 16.947056 -0.43098545
p 240 34 16.941938 -0.36237812
p 239 33 16.863235 -0.1627903
p 238 32 16.567848 -0.04131508
p 239 31 16.567848 -0.011044502
p 240 31 16.459831 -0.07674503
p 241 30 16.454288 -0.3068714
p 241 29 16.32423 -0.40782452
p 240 28 16.298893 -0.5540905
p 239 27 16.251623 -0.017930984
p 240 26 16.251623 -0.37868404

c 78 73.20701
p 236 49 20.881355 0.27293205
p 237 50 21.328287 -0.14372063
p 238 51 21.912868 -0.21756649
p 238 52 22.433346 0.058164597
p 238 53 23.041454 -0.17981339
p 239 54 23.66648 -0.19365692
p 238 55 24.393486 0.017176628
p 239 56 25.112465 -0.24062061
p 240 57 25.887617 0.019800186
p 241 58 26.652403 -0.15496922
p 242 59 27.432198 -0.01428318
p 243 60 28.184828 0.096274376
p 244 61 28.967186 0.3849001
p 245 62 29.841558 2.6525908
p 246 63 30.727402 4.119692
p 247 64 31.63121 3.3203106
p 248 65 32.54053 4.129959
p 249 66 33.446053 2.7572556
p 250 67 34.34584 -3.312296
p 249 68 35.241913 4.111498
p 248 69 36.358635 3.8842716
p 247 70 37.38602 -1.3732529
p 248 71 38.223423 5.5930786
p 249 72 39.25942 5.35948
p 250 73 40.254906 0.34545326
p 249 74 41.16438 8.649973
p 250 75 42.07945 1.7623291
p 249 76 43.018585 7.677355
p 250 77 43.947693 4.1641426
p 249 78 44.946022 5.7818527
p 250 79 46.022278 5.6465797
p 251 80 47.29759 4.362755
p 252 81 48.292114 -0.43514252
p 251 82 49.44593 4.965536
p 250 83 50.501575 0.8334999
p 249 84 51.54407 2.3231163
p 248 85 52.671707 0.17973709
p 249 86 53.790455 0.34407234
p 250 87 54.87725 4.300289
p 249 88 55.981552 0.4412613
p 248 89 57.100304 -2.6681786
p 247 90 58.18066 -3.7374878
p 246 91 59.19975 -1.2430382
p 247 92 60.26887 7.830036
p 246 93 61.31704 -1.1185856
p 247 94 62.31007 3.082756
p 246 95 63.31418 1.4411812
p 245 96 64.60782 0.20049286
p 244 97 66.22291 1.178997
p 243 98 67.62869 5.377598
p 242 99 69.227554 3.083126
p 241 100 70.30525 2.698326
p 240 101 71.35782 5.31464
p 239 102 72.3318 3.9635773
p 238 103 74.03891 -0.48729706
p 239 104 75.854385 -0.48125076
p 238 105 78.82896 5.0920753
p 239 106 81.0621 0.4600258
p 240 107 84.00444 2.833973
p 240 108 85.044624 1.8181343
p 241 109 86.78545 1.8747482
p 241 108 85.20665 3.173111
p 242 109 87.00142 0.80236816
p 243 110 87.66041 -0.72169495
p 244 111 88.36089 -2.183567
p 245 112 89.24951 -2.4920044
p 246 113 91.71711 -1.550396
p 247 114 94.08836 -0.19166183

c 79 10.8165455
p 236 193 27.636877 0.031658173
p 237 194 27.121479 0.14449406
p 238 195 26.468063 -0.101737976
p 237 196 25.923342 0.28859234
p 237 197 25.253202 -0.42827415
p 238 198 24.654196 -0.4005623
p 237 199 24.513014 -0.26102638
p 236 200 24.019447 -0.113622665
p 237 201 22.865767 -0.6157503
p 238 202 22.714022 -0.14969444
p 238 203 21.952122 0.13087368
p 239 204 21.439438 0.13101864
p 239 205 20.724241 -0.14272308
p 240 206 20.384352 0.03714943
p 241 207 19.943657 -0.53562737
p 242 208 19.60113 0.28835678
p 242 209 19.169584 0.15555096
p 243 210 18.952177 0.35633564
p 244 211 18.516266 -0.22890472
p 244 212 18.007122 -0.29363537
p 245 213 17.871037 0.35328388
p 244 214 17.84041 0.22974873
p 245 215 17.731232 -0.09933758
p 246 216 17.670801 -0.50279903
p 246 217 17.37651 -0.7073679
p 245 218 17.344738 0.14713478
p 246 219 17.12815 -0.38719368
p 247 220 17.10431 -0.06499004
p 248 221 17.047443 0.08129692
p 248 222 16.820332 -0.17209244
p 249 221 16.820332 -0.44376183

c 80 66.95949
p 247 143 84.094635 5.1543274
p 248 144 82.91872 -0.8687897
p 249 145 81.97569 -1.3433838
p 248 146 80.91747 -3.1427422
p 249 147 79.48643 -3.2624855
p 250 148 78.703926 1.3696289
p 249 149 77.66257 -0.40460205
p 250 150 76.59876 5.570915
p 249 151 75.50613 -2.6784515
p 250 152 74.39866 7.9975967
p 249 153 73.3468 7.694206
p 250 154 72.482086 4.5995216
p 249 155 70.974724 -1.7727051
p 250 156 69.7342 4.495865
p 251 157 68.45836 2.392353
p 252 158 67.21302 2.8209
p 253 159 66.039215 2.044571
p 252 160 64.89913 6.7012177
p 253 161 63.770626 5.269451
p 252 162 62.69267 5.976673
p 253 163 61.60489 5.855686
p 252 164 60.352165 8.426968
p 253 165 59.02751 9.440262
p 252 166 57.54018 6.6643105
p 253 167 56.3516 9.191776
p 252 168 55.19377 2.1448898
p 253 169 53.955048 5.4254494
p 254 170 52.815853 0.09952927
p 253 171 51.67174 13.644419
p 254 172 50.53622 12.284229
p 253 173 49.42365 10.210472
p 252 174 48.31552 -3.2760525
p 253 175 47.281498 6.9531097
p 254 176 46.229584 -0.01789093
p 253 177 45.17123 16.817532
p 254 178 44.1174 10.906189
p 253 179 43.06321 10.656906
p 252 180 41.969986 -1.6045685
p 253 181 40.83306 9.754978
p 252 182 39.736656 7.357044
p 253 183 38.722725 12.152447
p 252 184 37.73312 11.307985
p 251 185 36.776997 -0.3404255
p 252 186 35.85306 6.709486
p 251 187 34.925983 3.1533813
p 250 188 33.931587 -0.07636261
p 249 189 32.841114 0.11333275
p 248 190 31.750998 0.007042885
p 249 191 30.76936 4.812071
p 250 192 29.813091 0.035348892
p 249 193 28.86731 0.68784904
p 250 194 27.962278 -0.028635025
p 249 195 27.172186 -0.10487652
p 250 196 26.42033 0.08530426
p 249 197 25.583862 -0.32674694
p 250 198 24.917515 0.054372787
p 251 199 24.229227 -0.109532356
p 252 200 23.535688 -0.05783558
p 253 201 22.923014 -0.009857178
p 254 202 22.266237 -0.07446098
p 255 203 21.706226 -0.52843666
p 255 204 21.069992 -0.1359806
p 255 205 20.649391 0.044675827
p 254 206 20.36624 0.02732277
p 255 207 19.988714 -0.15454292
p 255 208 19.65881 -0.20329094
p 255 209 19.39978 -0.4293251
p 254 210 19.171524 0.1954155
p 254 211 18.779116 -0.13541794
p 254 212 18.409616 -0.16329384
p 253 213 18.374912 -0.012543678
p 254 214 18.10032 -0.0103645325
p 254 215 17.643757 -0.51918983
p 253 216 17.553766 0.10519886
p 254 217 17.351519 -0.062992096
p 255 218 17.189995 -0.14657402
p 255 219 17.135147 0.12652588
p 255 220 17.135147 0.05549431

avg 29.395618
end