//fileLoc: inputData/gradient13.png
//fluxMulti: 3.0 channelCutOff: 10
//wk_fmin: 0.0 wk_fmax: 1.0
//total_mass_shift: 79.0
//colorstage1: 2 colorstage2: 3
# 72
avgCurve 0.08427639

c 0 59.702595
p 0 49 43.940693 0.045333862
p 1 50 43.956505 -0.22098541
p 0 51 43.956505 0.016773224
p 1 52 43.976963 -0.06153679
p 2 52 43.99722 -0.051092148
p 3 53 43.99722 0.008874893
p 2 54 44.056957 -0.13585854
p 2 55 44.09687 0.06442833
p 3 56 44.119495 -0.25624657
p 3 57 44.421387 -0.21471786
p 3 58 44.538124 -0.21801376
p 4 59 44.54565 -0.38917923
p 5 60 44.81446 0.003856659
p 4 61 45.231335 0.3548317
p 5 62 45.558994 11.130674
p 6 63 45.98883 1.9911022
p 5 64 46.37071 -9.818134
p 6 65 46.944527 -16.39687
p 5 66 47.702198 -12.659618
p 6 67 48.396908 -6.015293
p 5 68 49.44069 9.75753
p 6 69 60.791416 -32.87427
p 7 70 84.19289 4.010113
p 7 71 84.30003 -2.917244
p 8 72 84.59086 -2.2933273
p 7 73 84.754 -13.241142
p 6 74 84.79828 -8.130924
p 5 75 84.79828 -14.893879
p 4 76 86.445404 -12.718216
p 3 77 88.44621 -4.4834213
p 4 78 90.467575 -9.467941
p 5 79 91.42455 -10.031956
p 6 80 96.39372 0.19546127
p 6 81 96.43084 -2.544365
p 5 82 96.86906 -2.4333496
p 4 83 97.534424 -1.83704
p 5 84 98.811554 -2.265232
p 6 85 100.244705 -0.6905098
p 6 86 100.244705 -2.892353
p 5 87 100.743324 -4.040455
p 4 88 102.023254 -0.62246704
p 5 89 103.11052 0.59944916
p 4 90 103.64329 -0.40766144

c 1 56.85101
p 4 176 100.6632 -2.0609283
p 5 177 99.408714 -1.583313
p 6 178 97.50932 -3.1363564
p 5 179 89.167465 -4.7337112
p 6 180 85.382416 -17.960606
p 7 181 82.97008 -20.577427
p 8 182 79.005684 -9.285931
p 7 183 74.06074 -3.8063545
p 8 184 66.58222 -29.314331
p 9 185 61.95012 -34.939655
p 10 186 56.14313 -38.61749
p 11 187 49.19426 -23.055304
p 12 188 48.58763 -41.067505
p 13 189 48.014977 -40.730465
p 14 190 47.473038 -35.572426
p 15 191 47.01553 -10.329124
p 16 192 46.59787 -0.35585785
p 17 193 46.196175 11.924978
p 18 194 45.814384 -0.043727875
p 17 195 45.43328 -0.44005394
p 18 196 45.232147 0.14209938
p 17 197 44.884007 -0.039777756
p 18 198 44.701405 -0.032981873
p 19 199 44.44905 -0.098379135
p 20 200 44.206337 -0.11558151
p 20 201 44.146484 -0.1599083
p 21 202 44.056904 -0.020746231
p 22 203 43.99618 -0.130373
p 21 204 43.956738 0.020713806
p 21 205 43.94267 -0.17450333
p 20 206 43.892506 -0.02555275
p 19 207 43.872787 0.028018951
p 20 208 43.839832 -0.11207008
p 19 209 43.81219 -0.10845947
p 20 209 43.81219 -0.11530495

c 2 52.58743
p 5 169 102.81932 0.52040863
p 6 170 99.13251 -1.7695351
p 7 171 96.66413 -5.6628036
p 8 172 94.68887 1.9290771
p 8 173 91.96189 -5.1341095
p 9 174 88.219086 -12.573864
p 10 175 87.213036 -4.160511
p 9 176 86.77827 0.06335068
p 10 177 86.532974 -0.88916016
p 9 178 86.371086 -2.557766
p 10 179 86.125885 -17.81739
p 11 180 85.78213 -13.787716
p 12 181 85.48926 6.2157974
p 12 182 85.48926 -8.7206
p 13 183 65.39014 -29.964966
p 14 184 64.115265 -11.6454735
p 13 185 51.428524 -50.2673
p 12 186 50.23189 -44.091255

c 3 0.46433258
p 10 56 44.27153 0.15582848
p 11 55 44.16901 -0.13323021
p 11 54 44.09521 -0.06904602
p 12 53 44.053467 -0.032787323
p 13 52 44.043232 -0.06810379
p 13 51 43.999306 -0.07043266
p 12 50 43.98647 -0.07585716
p 12 49 43.953304 0.01275444
p 13 48 43.940952 -0.06866264
p 13 47 43.87836 0.0099925995
p 14 46 43.846504 -0.15882301
p 15 45 43.836388 -0.12963867
p 14 44 43.807198 -0.16210556
p 13 44 43.807198 -0.1483345

c 4 60.445526
p 13 94 104.159546 -0.26307678
p 14 93 103.85473 -0.16183853
p 14 92 102.2994 -1.4339523
p 15 91 100.70458 -1.4360962
p 16 90 99.60597 -2.4837456
p 17 89 98.59452 -3.3577995
p 18 88 98.08147 -3.7186356
p 19 87 97.3173 -5.67984
p 20 86 96.53651 -5.453434
p 21 85 95.10411 -2.1895485
p 20 84 93.19417 -2.6292038
p 20 83 90.7527 -3.7175217
p 21 82 82.787575 -17.740257
p 22 81 78.73834 -19.723972
p 23 80 66.935646 -25.553596
p 24 79 64.33157 -32.86964
p 25 78 61.77253 -30.612732
p 26 77 59.916607 -18.652782
p 27 78 59.013084 3.8681564
p 28 77 55.89541 -35.211403
p 29 76 55.157295 -34.386547
p 30 75 54.510708 -19.749065
p 29 74 53.92946 5.1565094
p 30 73 53.456387 -35.50864
p 31 72 52.585327 -37.810616
p 32 71 51.933037 -34.27836
p 33 70 51.268475 -34.490635
p 34 69 50.7617 -26.880913
p 35 68 50.374912 -35.5927
p 36 69 49.90747 3.8305779
p 37 68 49.297577 -30.586918
p 38 67 48.740055 -23.184444
p 37 66 48.349117 -53.931366
p 36 65 47.996277 -17.45688
p 37 64 47.58701 18.97815
p 36 63 47.117287 3.7979488
p 35 62 46.695847 0.009315491
p 36 61 46.33186 2.2545376
p 37 60 45.97297 -0.41516685
p 38 59 45.67368 0.022317886
p 37 58 45.358486 0.055534363
p 36 57 44.99576 -0.029542923
p 37 56 44.752018 -0.34461975
p 37 55 44.533928 -0.008672714
p 37 54 44.43486 -0.0682621
p 37 53 44.22602 -0.119132996
p 37 52 44.22602 0.024160385
p 38 51 44.11969 0.006755829
p 37 50 44.038204 -0.02676773
p 36 49 44.038204 0.03139305
p 37 48 43.97656 -0.12045097
p 38 47 43.96716 -0.1926899
p 39 46 43.945637 -0.056602478
p 39 45 43.88898 -0.21985435
p 40 44 43.878048 -0.14274025
p 41 43 43.878048 -0.04377556
p 40 42 43.83581 -0.16197205
p 40 41 43.764843 -0.05863762
p 41 40 43.71402 -0.046316147
p 42 40 43.71402 -0.06463814

c 5 1.3932495
p 20 63 45.298862 8.732252
p 21 62 45.08581 7.786436
p 22 61 44.887005 0.094984055
p 21 60 44.66582 -0.2910576
p 22 59 44.500183 0.024442673
p 22 58 44.395977 0.01778984
p 22 57 44.335938 -0.019895554
p 22 56 44.326294 0.11899376
p 21 55 44.23931 -0.060539246
p 22 54 44.208897 0.06294823
p 22 53 44.10374 -0.08119202
p 23 52 44.008343 -0.033683777
p 24 51 43.96602 -0.26228714
p 24 50 43.91573 -0.29770088
p 25 49 43.905613 -0.043920517
p 26 49 43.905613 -0.089904785

c 6 0.39232635
p 25 195 44.359528 -0.016578674
p 26 195 44.350605 0.10547066
p 27 196 44.30634 -0.032676697
p 27 197 44.117336 0.10020256
p 28 198 44.086575 -0.15069199
p 29 199 44.04848 -0.030954361
p 30 199 44.01294 -0.19827843
p 31 200 43.991543 -0.10185623
p 32 201 43.986553 -0.09216118
p 33 201 43.974392 -0.1470356
p 34 202 43.9672 -0.010185242
p 33 203 43.9672 -0.06043434

c 7 25.449211
p 26 89 101.38605 0.29834366
p 27 88 98.91691 -2.6681366
p 28 87 97.42848 -5.22443
p 29 86 96.132774 -2.4545708
p 30 85 95.0183 -1.2156487
p 29 84 93.76493 -2.8917923
p 29 83 92.76867 -6.107296
p 28 82 83.36581 -9.42395
p 29 81 80.40286 -2.6750336
p 28 80 77.97304 -19.193611
p 27 79 75.93684 -15.591881

c 8 56.358673
p 27 171 100.00463 -1.421917
p 28 172 99.25063 -2.599327
p 29 173 98.941376 -1.9819756
p 30 174 98.850075 -0.16592789
p 29 175 98.81731 1.0445023
p 29 176 98.495285 -3.2281914
p 30 177 92.5083 -10.676697
p 31 178 88.32815 -6.674923
p 32 179 87.335335 -11.5500145
p 33 180 86.145645 -13.537739
p 34 181 85.03846 2.4190102
p 34 182 83.94769 -1.3306847
p 35 183 75.98668 -20.576954
p 36 184 74.97513 -19.18679
p 37 185 73.83193 -23.369953
p 38 186 72.54195 -24.98225
p 39 187 71.23739 -9.530426
p 38 188 54.626415 -44.38904
p 37 189 50.908962 -19.929783
p 38 190 47.75367 3.801468
p 37 191 46.8277 18.745146
p 38 192 46.173676 0.65634346
p 39 193 45.711758 10.014809
p 40 194 45.240322 -0.12931824
p 40 195 44.821854 0.007173538
p 40 196 44.663353 -0.23298836
p 41 197 44.380104 -0.061784744
p 42 198 44.23149 -0.1807251
p 43 199 44.03763 0.023199081
p 43 200 44.03229 -0.029273987
p 44 201 43.971478 -0.073459625
p 44 202 43.968845 -0.07432556
p 45 203 43.968845 -0.06708717
p 46 203 43.928444 -0.066898346
p 47 204 43.92564 -0.01700592
p 48 204 43.865032 -0.20615959
p 49 204 43.836426 0.05140686
p 49 205 43.836426 -0.0021781921
p 49 206 43.807484 -0.09152794
p 48 207 43.7404 -0.3323269
p 48 208 43.73599 -0.16328812
p 47 209 43.73599 -0.03645706
p 46 210 43.698765 -0.21995544
p 47 211 43.655228 0.021188736
p 47 212 43.655228 -0.07921982
p 46 213 43.645958 -0.024591446
p 47 213 43.645958 -0.03511429

c 9 0.23122787
p 28 38 43.708874 -0.02358818
p 29 39 43.708874 2.0980835E-5
p 28 40 43.71184 -0.026277542
p 29 41 43.735912 0.06448555
p 28 42 43.76057 0.14580345
p 29 43 43.779587 -0.06680679
p 29 44 43.779587 0.07775116
p 28 45 43.784683 0.01579094
p 29 46 43.83915 -0.04899788
p 30 47 43.85786 0.019367218
p 31 48 43.9401 -0.11218643

c 10 18.00042
p 30 165 102.8896 -0.12635803
p 30 166 102.34792 -1.2516174
p 31 167 101.27888 -1.6953049
p 32 168 101.06789 0.021282196
p 32 169 100.61691 -1.8018951
p 33 170 98.862946 1.486084
p 33 171 96.07391 -2.2900772
p 34 172 94.86362 -6.8813477
p 35 173 94.187935 -5.081089
p 36 174 93.29365 -8.128109
p 37 175 92.59337 -7.3908844
p 38 176 91.77641 -7.6100235
p 39 177 88.99413 -2.2779274
p 38 178 88.2027 -11.453167
p 37 179 87.24228 -11.507141
p 36 180 86.05351 -12.052425
p 35 181 84.88918 -12.536026

c 11 19.727531
p 35 70 82.08927 11.183071
p 36 71 93.65681 -6.4751434
p 37 72 96.05755 0.99108887
p 37 73 96.15739 -0.43618393
p 38 74 97.57905 -1.3627815
p 39 75 98.60625 -0.69735336
p 40 76 99.1777 -0.15358353
p 39 77 99.5923 -0.5035782
p 38 78 99.893524 -0.2389183
p 37 79 100.23272 -0.05831909
p 38 80 100.880905 0.1415062
p 39 81 101.056595 -0.3929596
p 40 82 101.33957 -0.15738678
p 39 83 101.39362 -0.09327316
p 38 84 101.48852 0.13847351
p 39 85 101.64529 0.1723671
p 40 86 101.8168 0.18173599

c 12 18.122627
p 40 185 84.98248 1.1260109
p 41 184 89.61822 -16.067696
p 42 183 91.65852 -13.274387
p 43 182 94.165054 -9.486671
p 44 181 95.70248 -6.0515175
p 45 180 97.589226 -3.7185364
p 46 179 98.94634 -1.2618637
p 45 178 99.90603 0.9311943
p 46 177 100.60508 -1.8044548
p 47 176 101.21997 -0.8937149
p 48 175 101.73739 -0.5758362
p 49 174 102.103386 0.12871933
p 48 173 102.406715 -0.0067443848
p 49 172 102.717995 -0.12207413
p 50 171 103.10511 0.09008789

c 13 0.6594925
p 45 56 44.467556 0.003961563
p 46 55 44.315235 -0.15285301
p 47 54 44.283913 0.15370941
p 48 53 44.207977 -0.119436264
p 47 52 44.166004 0.08150101
p 46 51 44.150738 -0.08247566
p 47 50 43.98032 -0.13046265
p 48 50 43.9585 -0.13802147
p 49 49 43.905563 -0.22053337
p 49 48 43.881134 -0.10280228
p 50 47 43.854935 -0.08105087
p 51 46 43.82808 -0.07900047
p 50 45 43.823727 -0.17403221
p 49 45 43.823727 -0.14259148
p 48 45 43.808064 0.022769928
p 47 46 43.808064 -0.11151314

c 14 53.23101
p 48 79 96.98656 0.402565
p 49 78 95.15386 -0.16582489
p 50 78 93.21753 -2.5272903
p 51 77 89.97774 8.840023
p 51 76 81.251686 -3.868248
p 52 75 80.26021 -13.111641
p 53 74 79.22475 -13.015392
p 54 73 78.061516 -17.674541
p 55 72 76.96446 -21.217236
p 56 71 76.20528 -0.63225174
p 57 72 71.90846 -5.7743187
p 58 72 63.113964 -10.186953
p 59 71 54.48856 -32.991425
p 60 70 53.12431 -32.40231
p 61 69 51.856827 -32.735336
p 62 68 50.773342 8.205627
p 62 67 49.605587 -27.69738
p 61 66 48.457485 -27.604797
p 60 65 47.987114 -14.29759
p 61 64 47.501667 17.953411
p 60 63 47.048306 5.033266
p 59 62 46.61315 -0.019638062
p 60 61 46.201004 1.1273918
p 61 60 45.80504 -0.3102703
p 62 59 45.43971 0.022956848
p 61 58 45.119957 -0.13346481
p 61 57 44.804024 -0.088890076
p 61 56 44.626667 0.07581711
p 60 55 44.358173 -0.064920425
p 61 54 44.278687 0.081689835
p 61 53 44.122814 0.16073036
p 62 52 44.050137 -0.08151436
p 61 51 44.030415 -0.034248352
p 60 50 43.971775 0.025129318
p 61 49 43.87635 -0.04753685
p 60 48 43.8196 -0.008142471
p 60 47 43.812855 -0.02817154
p 61 46 43.784557 -0.015211105
p 61 45 43.784557 -0.10797882
p 62 44 43.759087 -0.03742981
p 63 44 43.759087 -0.13359642
p 64 44 43.755547 0.028738022
p 65 44 43.755547 -0.08918381

c 15 40.220284
p 52 97 103.87263 -0.007083893
p 53 97 103.87263 -0.20967865
p 54 96 103.09816 -0.38396072
p 55 95 102.22721 -0.32789612
p 55 94 101.9538 -0.115291595
p 56 93 98.46326 -2.8344002
p 57 92 97.19654 -5.6836586
p 58 91 95.82579 -4.807377
p 59 90 94.989 -6.324028
p 60 89 94.29382 -2.811161
p 59 88 93.907974 -4.6831055
p 58 87 93.600845 -1.1842537
p 59 86 92.98815 -2.2727814
p 60 85 92.15893 -0.20751953
p 61 84 91.5812 -2.36314
p 62 84 91.5812 -3.9132614
p 63 83 88.78917 4.4556847
p 63 82 84.55305 -2.731388
p 62 81 83.50313 -4.9276543
p 61 80 81.823784 -1.5229263
p 61 79 75.67256 -11.076645
p 62 78 70.49249 -7.840866
p 61 77 68.39784 -21.39782
p 60 76 66.38123 -11.266239
p 61 75 63.862675 1.1802673
p 60 74 63.862675 -21.973293
p 59 73 63.652344 -24.083813

c 16 47.601223
p 53 185 91.56075 1.5890198
p 54 186 89.035255 -4.4830093
p 55 186 88.86797 -4.023594
p 56 187 81.48127 -15.142544
p 57 188 73.85467 -6.9040565
p 58 188 64.97235 -4.590904
p 59 189 63.107555 -5.4122887
p 59 190 59.030384 -24.30346
p 60 191 46.252132 -5.1791935
p 59 192 45.338947 20.23793
p 60 193 44.85786 11.295988
p 59 194 44.58472 -0.14855003
p 59 195 44.376263 -0.10943222
p 58 196 44.18773 -0.08090973
p 59 197 44.169197 -0.2539711
p 58 198 44.169197 0.16408157
p 58 199 44.03926 -0.11427879
p 59 199 44.03926 -0.2919464
p 60 199 44.00979 -0.25940895
p 61 199 43.981014 -0.28232574
p 62 200 43.981014 0.21898651
p 63 200 43.95953 0.030948639
p 64 199 43.95953 -0.11672783
p 65 198 44.066265 -0.055618286

c 17 31.75653
p 58 175 98.63075 -1.0518837
p 59 176 96.49565 -4.806698
p 60 177 93.7808 -5.2397614
p 61 178 92.48642 -9.670811
p 62 179 89.657524 -13.148651
p 63 180 86.85299 1.1428185
p 63 181 85.306755 -11.85183
p 62 182 78.81774 -14.739067
p 61 183 74.371666 -10.9625435
p 62 184 71.59602 -3.8391914
p 61 185 70.22323 -25.13816
p 60 186 68.6734 -25.640263
p 59 187 66.87422 -27.189896

c 18 49.214794
p 63 68 50.500813 -30.610409
p 64 69 51.369926 -21.182783
p 65 68 52.20352 0.5945816
p 66 69 52.895508 -36.073254
p 67 70 53.458965 -35.243923
p 68 71 54.12737 -31.961193
p 69 72 55.14711 -38.310547
p 70 73 59.971424 -11.301897
p 71 72 60.937916 -31.220284
p 72 71 61.76887 -15.724123
p 73 72 62.46863 -34.694584
p 74 73 63.783752 -34.53959
p 75 74 64.98214 -32.5369
p 76 75 66.115395 -24.592266
p 77 76 68.31607 -30.219574
p 78 77 70.689995 -27.330574
p 79 78 73.95094 -25.173504
p 80 79 78.72136 -17.87743
p 81 80 88.335526 -10.610905
p 82 81 95.72672 -3.377861
p 81 82 97.03163 1.0770073
p 82 83 99.71561 -2.7355194

c 19 16.335106
p 63 96 101.2732 -0.6974373
p 64 95 100.849815 -1.3127937
p 65 94 100.263306 -0.27088165
p 64 93 99.57867 0.8448715
p 65 92 98.39008 -2.1109924
p 65 91 98.12445 -0.49897385
p 66 90 92.5628 -6.459881
p 67 89 91.46436 -0.5183487
p 67 88 89.854485 -4.528038
p 68 87 88.73596 -2.3347435
p 67 86 87.66695 -9.197414
p 66 85 86.65161 -9.769981
p 65 84 85.648224 -7.9019203
p 64 83 84.938095 -4.5633354

c 20 14.849152
p 63 172 101.4055 -1.4676704
p 64 173 100.0902 -3.6161652
p 65 174 98.98354 -4.457115
p 66 175 97.86845 -1.200779
p 67 176 96.35653 1.4787369
p 67 177 91.4695 -9.990879
p 66 178 88.79087 -14.134163
p 65 179 87.76564 -15.903584
p 64 180 86.55635 -2.7117386
p 65 181 92.14767 -11.971531
p 66 182 93.432236 -6.1604958
p 67 181 95.63379 -11.782059

c 21 13.097351
p 68 89 91.2581 -5.054222
p 69 90 91.96884 -4.9741516
p 70 91 92.6667 -5.6962585
p 71 92 93.169754 -6.856514
p 72 93 93.500916 -5.108902
p 73 94 93.75605 -6.182537
p 74 95 94.133125 -5.1351547
p 75 96 94.53417 -3.4698792
p 76 97 95.19767 -5.795086
p 77 98 95.33732 -6.042099
p 78 99 95.950806 -6.1626244
p 79 100 97.26588 -3.6268578
p 80 99 98.37663 3.013958
p 81 100 100.84514 -3.2497406
p 82 101 102.73827 -0.657814
p 82 102 103.93589 -0.33378983
p 83 103 104.35545 0.04014969

c 22 0.5067711
p 72 55 43.992863 -0.04832077
p 73 55 43.992863 -0.118751526
p 73 56 44.019688 0.09552574
p 74 57 44.019688 -0.111494064
p 75 56 44.056423 0.15051842
p 76 57 44.143436 -0.20567894
p 77 58 44.216473 -0.038934708
p 78 59 44.216473 -0.06334114
p 78 60 44.23584 -0.16231918
p 77 61 44.23584 -0.22447777
p 77 62 44.335915 8.818926
p 78 63 44.499634 0.25901794

c 23 44.170223
p 73 201 43.961216 -0.43553925
p 74 200 44.056133 0.06081581
p 74 199 44.12485 0.13981628
p 75 198 44.40113 0.04794693
p 76 197 44.40113 -0.050640106
p 77 196 44.565456 -0.15303421
p 77 195 44.6547 -0.13127708
p 78 194 44.900455 0.65304947
p 77 193 45.069275 8.8209095
p 76 192 45.804604 -4.3643093
p 77 191 46.36924 -17.737007
p 78 190 59.26014 -12.566029
p 77 189 67.69296 -31.2417
p 76 188 72.86264 -10.743557
p 77 187 83.63651 -14.171623
p 78 186 88.13144 -3.13517

c 24 0.41122437
p 78 50 43.82869 -0.028097153
p 79 50 43.82869 -0.120695114
p 78 51 43.897854 0.017398834
p 79 52 43.907665 -0.14613914
p 80 53 43.96885 -0.024965286
p 81 54 44.042908 -0.050851822
p 82 55 44.09562 -0.0039634705
p 83 56 44.09562 -0.092458725
p 83 57 44.09841 -0.35687447
p 83 58 44.239914 -0.21459198
p 84 59 44.239914 -0.07079506

c 25 55.88059
p 78 179 99.588905 -3.189762
p 79 180 98.96581 -0.5205002
p 80 180 98.96581 -0.46076965
p 81 181 95.188194 -5.093979
p 82 182 93.458015 -5.929981
p 83 183 90.71453 -8.752403
p 84 184 87.283745 -14.111946
p 85 185 84.92879 -14.86834
p 86 186 81.732605 -35.10593
p 87 185 52.790684 -6.6745453
p 88 186 51.34887 -48.01571
p 89 187 50.26647 -24.255106
p 88 188 49.43457 -4.272091
p 89 189 48.716263 -1.5517693
p 88 190 48.11699 3.558838
p 89 191 47.569366 -12.553066
p 90 192 47.060104 -2.5847836
p 91 193 46.57825 11.875845
p 92 194 46.122684 0.07713127
p 92 195 45.690018 -0.24095535
p 92 196 45.363552 0.19543076
p 91 197 44.94559 -0.20758057
p 92 198 44.730835 0.14600563
p 91 199 44.46649 -0.09477234
p 90 200 44.28108 0.009996414
p 90 201 44.182873 0.10416412
p 91 202 44.04109 0.066158295
p 92 203 44.005844 -0.4001789
p 93 204 43.963333 -0.0379982
p 93 205 43.84754 -0.1028595
p 94 206 43.83117 0.064380646
p 93 207 43.831066 0.048139572
p 92 207 43.831066 -0.16758537
p 91 207 43.827656 -0.24923515
p 90 206 43.827656 0.0071964264
p 89 206 43.78388 -0.19219017
p 88 207 43.778698 -0.04988861
p 88 208 43.778698 0.025016785
p 88 209 43.731514 -0.09823418
p 87 210 43.708317 -0.44208336
p 88 210 43.708317 -0.08022308

c 26 40.591286
p 85 174 100.42265 -0.55581665
p 86 175 99.991325 -1.6117096
p 87 176 99.7714 -0.9574356
p 88 177 99.364845 -2.5829582
p 89 178 98.083206 -1.5341606
p 90 179 91.369644 17.981087
p 90 180 74.47211 -12.768135
p 91 181 71.10461 -6.9443245
p 90 182 67.709114 -33.259506
p 89 183 63.85012 -37.576347
p 88 184 59.831367 -41.294083

c 27 40.180584
p 88 75 77.825745 -0.120399475
p 89 74 75.48848 -19.984505
p 90 73 69.17923 -30.016598
p 91 72 66.521355 -31.059845
p 92 71 63.649696 -18.365952
p 91 70 63.11971 -2.2681885
p 92 69 63.11971 -30.64582
p 93 68 63.129208 -27.258133
p 94 67 63.7352 -0.9191284
p 95 67 63.76946 -4.8993073
p 96 68 63.939365 -30.052834
p 97 69 64.23084 -35.880066
p 98 70 65.380226 -15.660988
p 97 71 68.524475 0.1860733
p 98 72 71.054184 11.640785
p 97 73 79.24685 -20.689949
p 96 74 81.77372 -18.137749
p 95 75 84.195946 -14.971867
p 94 76 86.06153 -8.598843
p 95 77 88.127266 -12.518513
p 96 78 90.4546 -9.138065
p 97 79 92.00864 -11.328896
p 98 80 93.347534 -4.6225967
p 97 81 94.75534 1.3157616
p 98 82 95.87338 -5.7168236
p 99 83 97.78296 -5.3907585
p 100 84 99.76661 -3.9904175
p 101 85 101.25006 -2.2890244
p 102 86 102.516685 -1.859993
p 103 87 103.30029 -0.70869446

c 28 3.6149864
p 96 190 47.379837 -25.31571
p 97 191 46.87455 21.004313
p 96 192 46.437992 21.38347
p 97 193 45.96647 -0.18988419
p 98 193 45.52064 5.720356
p 99 193 45.31545 12.230427
p 100 194 44.910587 0.5136833
p 101 195 44.75288 0.08875084
p 101 196 44.698807 -0.18925285
p 102 197 44.61739 -0.044857025
p 103 198 44.41135 -0.09690666
p 104 199 44.41135 -0.076711655
p 105 199 44.24977 -0.25744438
p 106 200 44.186104 0.047525406
p 105 201 44.153004 -0.034748077
p 105 202 44.076717 0.07650566
p 106 203 44.009132 0.023477554
p 106 204 44.009132 0.057519913
p 105 205 43.986668 0.005004883
p 104 205 43.910213 0.012025833
p 103 205 43.91019 0.07496452
p 103 206 43.91019 0.09306145
p 102 207 43.836056 -0.12016487
p 101 208 43.81715 0.02617073
p 102 209 43.76485 -0.10250473
p 102 210 43.76485 -0.014152527

c 29 52.594807
p 103 59 44.38113 -0.07396698
p 104 60 44.504787 0.10814285
p 103 61 44.654476 -0.1582241
p 103 62 44.915405 9.409775
p 104 63 45.286373 -0.2532482
p 105 64 45.501137 -13.56477
p 104 65 70.449165 3.5919628
p 105 66 78.57615 -6.148857
p 104 67 83.713486 -0.5394516
p 105 68 93.05809 1.817318
p 105 69 93.40477 -4.044014
p 106 70 93.55005 -5.310665
p 107 71 94.25322 -6.1739883
p 108 72 95.51882 -4.3643913
p 109 73 96.97594 -3.4904213

c 30 53.828392
p 106 176 97.68132 -1.6285629
p 106 177 97.008865 -2.9745178
p 107 178 92.334816 -9.3805275
p 108 179 88.84185 -12.111912
p 109 180 82.324425 -14.396282
p 110 181 79.39248 -19.764866
p 111 182 75.711 -24.910423
p 112 183 69.23765 -25.86953
p 113 184 50.776665 -33.200714
p 114 185 50.06298 -41.149834
p 115 186 49.498028 -41.322086
p 116 187 48.782173 -42.50745
p 117 188 48.127857 -40.810146
p 118 189 47.55788 -25.26004
p 117 190 47.092453 1.0040321
p 118 191 46.694695 19.670542
p 117 192 46.30809 19.265482
p 118 193 45.883984 11.003773
p 119 194 45.338776 0.59438705
p 120 195 45.0787 0.05955696
p 119 196 44.891674 -0.09065437
p 118 197 44.701733 -0.28634644
p 118 198 44.558002 -0.048625946
p 117 199 44.479355 -0.11414337
p 117 200 44.33338 -0.10864067
p 117 201 44.166748 -0.18461227
p 116 202 44.140457 -0.009876251
p 117 203 44.04315 -0.13314629
p 118 204 44.04315 0.043561935
p 119 205 43.946365 0.07302284
p 119 206 43.85293 -0.063806534
p 120 206 43.85293 0.03187561
p 120 205 43.94624 -0.10955429

c 31 58.001568
p 111 168 101.892914 -1.27388
p 112 169 101.116264 -2.9853477
p 113 170 100.818504 -0.86815643
p 114 171 100.37375 -1.2446709
p 115 172 99.68368 -2.4702072
p 116 173 98.6666 -1.7311211
p 117 174 96.953415 -3.1865883
p 117 175 94.92847 -6.11644
p 118 176 90.91954 -9.936764
p 119 177 87.96639 -11.729958
p 120 178 84.523094 -14.018364
p 121 179 81.88351 -15.888176
p 122 180 78.91237 -18.352509
p 123 181 76.12946 -20.565228
p 124 182 73.31258 -24.932735
p 125 183 69.57953 -26.798817
p 126 184 66.2073 -30.789875
p 127 185 63.220795 -35.092083
p 128 186 59.440666 -54.021767
p 129 187 54.19846 -43.684204
p 130 188 49.56915 -17.762829
p 129 189 48.84555 -26.0812
p 130 190 48.242466 -33.03509
p 131 191 47.698254 -15.907938
p 132 192 47.188717 -0.06658363
p 131 193 46.711094 12.385147
p 132 194 46.223732 1.5616341
p 131 195 45.82094 0.20346832
p 132 196 45.348087 -0.26332855
p 132 197 45.01628 -0.2787361
p 133 198 44.931206 0.049081802
p 132 199 44.644203 -0.15039062
p 131 200 44.49356 0.052230835
p 132 201 44.335056 0.025096893
p 132 202 44.11178 -0.18465996
p 133 203 44.02353 -0.023967743
p 133 204 44.02353 -0.0054855347
p 132 205 43.97476 0.03901291
p 133 206 43.936867 0.039411545
p 132 207 43.891346 -0.091983795
p 133 208 43.891346 -0.08038139

c 32 0.49282074
p 112 50 43.874275 -0.067611694
p 112 51 43.874275 -0.2570362
p 113 50 43.876434 0.0417881
p 114 51 43.876434 -0.17043114
p 115 52 43.95992 0.026107788
p 114 53 43.95992 -0.08198547
p 115 54 44.000866 -0.15323257
p 114 55 44.010746 -0.014057159
p 114 56 44.06263 0.08981323
p 114 57 44.14984 0.009380341
p 113 58 44.28237 -0.1222229
p 113 59 44.282745 -0.24925423
p 112 60 44.367096 -0.15992355

c 33 43.785233
p 115 68 87.53035 -4.286274
p 116 67 83.46304 -19.286198
p 117 66 77.16651 -23.192753
p 118 65 69.18369 -12.845329
p 117 64 49.478405 4.1943684
p 118 63 45.69235 -1.9099274
p 119 62 45.260483 10.436703
p 120 61 44.904808 -0.15286636
p 121 60 44.597103 0.0035152435
p 121 59 44.42139 0.029407501
p 120 58 44.270626 -0.11277771
p 121 57 44.203785 -0.14535522
p 120 56 44.109062 -0.21065903
p 121 55 44.10254 0.12149429
p 120 54 43.961918 -0.070280075
p 120 53 43.961918 -0.17282104
p 120 52 43.94239 -0.2013874
p 119 51 43.93082 -0.04100609
p 119 50 43.867306 -0.06582832
p 120 49 43.854393 -0.07977295
p 120 48 43.854393 -0.007965088
p 119 47 43.840572 -0.06653595
p 118 47 43.78729 0.093925476
p 117 46 43.745117 -0.032585144
p 118 45 43.745117 -0.087106705

c 34 60.396267
p 117 81 104.26515 -0.12574005
p 118 80 104.180664 -0.09297562
p 119 80 104.15531 -0.050060272
p 120 80 103.81877 -0.2872734
p 121 79 102.91836 -0.5582504
p 122 80 102.91088 -0.20956421
p 123 80 102.22215 -0.8449364
p 124 79 100.79834 -1.6037712
p 125 78 100.01181 0.10149002
p 126 77 98.1189 -3.9851418
p 127 78 95.70293 -1.7225113
p 128 77 93.88204 -5.5160675
p 129 76 87.46349 -7.5932503
p 130 77 85.68244 -3.2680588
p 131 76 82.31262 -16.821186
p 132 75 80.59223 -23.871765
p 133 74 79.57014 -12.210468
p 134 73 78.418106 -3.6903954
p 135 72 76.8794 -2.980259
p 135 71 64.428085 -26.031784
p 136 70 53.241337 -35.839703
p 137 69 50.57843 -35.505505
p 138 68 49.648815 -41.090687
p 139 67 48.807167 -43.420002
p 140 66 48.114994 -21.3849
p 141 65 47.666348 -19.279987
p 140 64 47.22748 19.850368
p 141 63 46.814655 1.3952446
p 142 62 46.342995 -0.2061348
p 142 61 46.07242 -0.064805984
p 142 60 45.719097 -0.03353691
p 141 59 45.286118 -0.45137215
p 140 58 45.097225 0.15844917
p 141 57 44.746357 -0.1783104
p 141 56 44.546562 0.008605957
p 141 55 44.488518 0.054948807
p 142 54 44.24535 0.019863129
p 143 53 44.0794 -0.08495331
p 143 52 44.03017 -0.27480507
p 144 51 43.96539 0.09064484
p 145 51 43.868885 -0.14639282
p 144 50 43.868885 0.0746994

c 35 52.131172
p 120 167 102.421196 -0.6868477
p 121 168 101.80618 -0.5851517
p 122 169 101.15757 -0.3232193
p 123 170 100.6686 -1.5565224
p 124 171 100.03675 0.77248764
p 125 172 98.81731 -1.134655
p 124 173 97.64349 2.0414581
p 124 174 97.23224 -0.8941841
p 125 175 95.78755 -1.8241692
p 126 176 94.64663 -0.29292297
p 126 177 92.68963 -6.5720406
p 127 178 89.56778 -2.6691437
p 128 178 75.48061 -9.458389
p 129 179 68.419044 -31.564766
p 130 180 67.45324 -24.625126
p 131 181 66.90117 -13.300041
p 130 182 65.53282 -0.19425964
p 131 183 64.62939 -7.0651436
p 130 184 64.18135 -20.11819
p 131 185 63.645653 -42.7908
p 132 186 63.502888 -5.8751564
p 131 187 50.290024 -34.65428

c 36 1.1319275
p 122 63 44.89814 -0.9375496
p 123 62 44.616146 0.2975788
p 123 61 44.42403 0.1993351
p 124 60 44.40536 0.043367386
p 123 59 44.37949 -0.14172363
p 124 58 44.37949 -0.0015506744
p 125 57 44.28934 0.038093567
p 126 56 44.097397 -0.074596405
p 127 55 44.059246 -0.28232574
p 128 55 44.014664 -0.26145744
p 129 54 44.005253 0.14279747
p 129 53 43.964638 -0.072683334
p 128 52 43.95356 0.059799194
p 127 51 43.903854 0.003818512
p 127 50 43.86537 -0.40426254
p 128 49 43.86537 0.05467987
p 127 48 43.79116 -0.03321266
p 128 47 43.79116 -0.18584824
p 128 46 43.766212 -0.016340256
p 127 46 43.766212 -0.20371628

c 37 16.398232
p 128 82 100.099075 0.29603577
p 129 83 99.47768 -0.12560272
p 130 82 98.48285 -0.36503983
p 131 81 97.41627 -1.7589722
p 132 81 95.985146 -8.746681
p 133 80 91.64371 -6.0054054
p 134 79 90.67518 -6.9304504
p 135 78 89.37158 -4.582733
p 134 77 87.9032 -11.261135
p 135 76 86.10009 1.6938934
p 134 75 83.70084 -3.1424484

c 38 39.991573
p 133 186 63.502888 -25.582214
p 134 185 63.887806 -33.904224
p 135 184 65.01245 -29.43462
p 136 183 67.90532 -9.987736
p 137 184 71.48198 3.5410461
p 138 183 77.22255 8.982784
p 139 184 79.58693 5.8076706
p 140 183 81.482895 -11.538643
p 141 182 84.81674 -9.39558
p 142 181 86.51283 -8.435196
p 143 180 88.35129 -7.100792
p 144 179 89.13445 -6.889614
p 145 178 90.662735 -5.805969
p 146 177 92.14743 -7.455414
p 147 176 93.52547 -6.5330925
p 148 175 98.33702 2.4241524
p 148 174 98.14517 -0.9251518
p 149 173 98.14517 -2.9379845
p 150 172 98.60749 -1.1749725
p 151 171 99.6525 -1.2151566
p 150 170 100.84203 0.820446
p 151 169 101.61259 -1.7752991
p 152 168 102.34558 -1.7994423
p 153 167 103.49446 -0.8541336

c 39 54.9645
p 141 67 48.680214 -39.61112
p 142 68 49.62741 -45.230347
p 143 69 50.28966 -40.61747
p 144 70 50.96594 -40.80821
p 145 71 62.748615 -26.955635
p 146 72 63.48237 -22.510345
p 145 73 68.3139 -28.08923
p 144 74 69.347855 -8.900745
p 145 74 81.26401 -0.43196487
p 146 75 91.34037 -6.419754
p 147 76 93.66444 -6.2232704
p 148 77 96.94501 -4.2619705
p 149 78 98.39293 -4.2062035
p 150 79 99.20789 -0.9961891
p 151 80 100.80857 -1.6190033
p 152 81 102.29345 0.20523071
p 152 82 102.29345 -0.22758102
p 152 83 103.493034 0.31298065
p 153 84 103.52534 -0.1465149
p 154 85 103.644714 -0.52890015

c 40 58.614437
p 143 196 44.351288 -0.08400917
p 144 197 44.291893 -0.23813057
p 145 197 44.25302 -0.3408966
p 146 197 44.17493 -0.19159317
p 147 197 44.17493 -0.010246277
p 148 197 44.14413 -0.059818268
p 149 198 44.118805 0.085357666
p 148 199 44.075115 -0.042547226
p 149 200 44.0354 -0.13743973
p 149 201 43.92404 -0.3332615
p 150 202 43.908245 0.0976181
p 151 201 43.881798 4.196167E-4
p 152 202 43.858288 0.08475876
p 153 202 43.858288 -0.066244125
p 152 201 43.924507 -0.1084137
p 153 200 44.0004 -0.105285645
p 154 200 44.0004 -0.35741806
p 155 199 44.03977 0.05190277
p 154 198 44.085285 0.13249207
p 155 197 44.15741 -0.030590057
p 155 196 44.259815 -0.056884766
p 155 195 44.259815 -0.043785095
p 156 194 44.39478 1.0769691
p 157 193 44.580807 -0.067352295
p 157 192 44.811573 -0.58369064
p 157 191 46.12643 -18.63571
p 156 190 72.32576 3.2083168
p 156 189 80.76412 -1.5131416
p 156 188 83.96551 -11.8101845
p 157 187 85.654465 -13.954166
p 158 186 87.066574 -12.215862
p 159 185 94.82423 1.1675339
p 159 184 94.82423 -2.1331978
p 158 183 94.86912 0.8790283
p 159 182 94.86912 -4.0510254
p 160 181 97.75412 -3.5380363
p 161 180 98.97385 -2.2637024
p 162 179 100.35398 -1.0194778
p 161 178 101.17409 0.45440292
p 162 177 101.9865 -1.0085793
p 163 176 102.472725 -0.435524

c 41 0.14718246
p 151 49 43.80926 -0.11992264
p 152 48 43.78295 -0.076334
p 152 47 43.78295 -0.053791046
p 152 46 43.778973 0.016822815
p 152 45 43.778408 -0.17081451
p 152 44 43.709324 -0.034664154
p 153 43 43.695507 -0.22001457
p 154 42 43.69093 -0.12356377
p 155 42 43.679276 -0.05085945
p 156 42 43.667877 -0.18573761
p 157 42 43.66208 0.09300232
p 158 42 43.66208 -0.14271545

c 42 1.8475914
p 151 49 43.80926 0.0046138763
p 152 50 43.8541 0.052238464
p 152 51 43.88466 -0.09100914
p 151 52 43.963467 0.104774475
p 152 53 44.067196 0.04473877
p 151 54 44.138233 -0.010412216
p 151 55 44.179348 -0.06100464
p 151 56 44.31208 -0.15685844
p 151 57 44.35034 -0.22598457
p 151 58 44.35034 -0.039497375
p 152 59 44.432056 0.1160717
p 151 60 44.513683 0.08935928
p 152 61 44.754738 1.9189548
p 151 62 44.886494 11.740252
p 152 63 45.136192 -0.95702744
p 151 64 45.656853 -7.3430805

c 43 0.56777954
p 153 49 43.844566 -0.09291458
p 154 49 43.849487 -0.025938034
p 155 50 43.930748 -0.19817543
p 155 51 43.930748 -0.10541344
p 156 52 43.933712 -0.082668304
p 157 53 43.933712 -0.20261383
p 158 54 43.974773 0.0686779
p 158 55 44.083244 0.060228348
p 157 56 44.143757 0.086278915
p 156 57 44.17997 -0.09423828
p 155 58 44.31022 0.15434647
p 156 59 44.31022 -0.097595215
p 157 60 44.412346 -0.15095711

c 44 48.062584
p 158 70 91.81648 -6.2073555
p 159 69 90.46915 -9.827118
p 160 68 89.68614 1.8440628
p 160 67 88.66827 -9.950443
p 161 66 75.23751 -26.126091
p 162 65 68.896576 -9.066303
p 161 64 54.511402 5.486347
p 162 63 45.40254 -3.9237766
p 163 62 44.928093 7.644741
p 164 61 44.62361 2.7015247
p 165 61 44.43204 1.2233601
p 166 60 44.291145 0.059949875
p 165 59 44.242245 -0.050653458
p 166 58 44.180214 -0.22605324
p 167 57 44.15157 0.038816452
p 166 56 44.0537 -0.023313522
p 166 55 44.025562 -0.018102646
p 167 54 44.003407 -0.016557693
p 168 53 43.932613 -0.39657974
p 169 53 43.916508 -0.338686
p 170 52 43.916508 0.0142707825
p 169 51 43.90722 -0.08298302
p 169 50 43.877876 -0.14091492
p 169 49 43.87117 -0.14410591
p 168 48 43.7539 -0.051099777
p 169 47 43.7539 -0.2612896

c 45 0.4686432
p 167 197 44.242275 -0.09323311
p 168 198 44.228172 0.07983017
p 169 199 44.110146 -0.3160553
p 170 200 44.040707 0.13683891
p 171 201 43.89996 -0.08499718
p 170 202 43.858257 0.097011566
p 171 203 43.858257 -0.1165638
p 172 204 43.7912 0.04821968
p 171 205 43.78442 -0.09890556
p 170 206 43.781624 -0.10489464
p 169 207 43.773632 -0.05926895
p 170 208 43.773632 -0.1886673

c 46 50.192417
p 171 182 93.98151 -5.2760124
p 172 183 91.613884 -8.604073
p 173 184 88.92004 -10.718811
p 174 185 73.785065 -19.881378
p 173 186 71.08714 -11.515244
p 174 187 68.60428 -30.021122
p 175 188 65.110115 -36.02729
p 176 189 60.318954 -22.979637
p 175 190 51.974285 -3.2609558
p 176 191 47.250404 17.917484
p 175 192 46.6356 20.606207
p 176 193 45.980824 10.267254
p 175 194 45.457222 0.792305
p 176 195 45.024704 -0.46365166
p 177 196 44.72818 0.109910965
p 176 197 44.495316 0.030633926
p 175 198 44.19333 0.11719704
p 175 199 44.10269 -0.0049533844
p 174 200 44.019024 -0.15294647
p 173 201 43.93653 0.13017082
p 173 202 43.842205 -0.24393272
p 173 203 43.791378 -0.0929203
p 173 204 43.78909 -0.028968811
p 172 205 43.78909 -0.11172676

c 47 59.910633
p 172 91 104.023766 -0.035808563
p 173 90 103.70908 -0.4594841
p 174 89 103.49275 -0.1757698
p 175 88 102.87185 -0.20689774
p 175 87 102.352776 -0.77163315
p 176 86 101.417725 -0.5836296
p 177 85 101.31256 -0.92367935
p 178 84 101.12663 -0.9522171
p 179 83 100.477196 1.2225838
p 180 82 98.820816 1.1766014
p 180 81 95.99152 -2.486889
p 181 80 95.84387 -6.650429
p 182 79 95.70661 -4.299999
p 183 78 86.81404 -10.393936
p 184 79 70.63832 -6.4043007
p 185 78 68.26901 -24.189075
p 186 77 68.25396 -20.97483
p 187 76 68.21584 -18.650116
p 188 75 68.16867 -22.05774
p 189 74 68.134605 -21.933071
p 190 73 68.09332 -21.187382
p 191 72 68.006386 -17.061058
p 192 71 67.89036 -9.308216
p 193 70 67.7765 -13.596699
p 194 69 67.648384 -1.9252968
p 194 68 67.61538 -1.8781815
p 195 67 67.52435 -0.18221664
p 194 66 67.38613 -7.412491
p 195 65 67.15485 -6.117893
p 194 64 52.888805 0.6847458
p 193 63 45.70648 1.1636219
p 192 62 45.35768 2.6684647
p 191 62 45.1925 11.487215
p 190 61 44.967678 3.484066
p 189 60 44.825996 -0.18430138
p 188 59 44.67315 -0.0569973
p 187 58 44.434277 -0.048376083
p 188 57 44.26508 -0.1842289
p 189 56 44.205868 -0.07087898
p 190 55 44.113132 -0.16348648
p 191 55 44.113132 0.010063171

c 48 0.4058342
p 175 56 44.14359 0.07685852
p 176 55 44.01182 -0.29466057
p 177 55 43.999233 -0.17711449
p 178 54 43.961052 -0.04245186
p 179 54 43.94659 -0.2054348
p 180 53 43.905235 0.010187149
p 179 52 43.897476 -0.011579514
p 179 51 43.850433 -0.009748459
p 178 50 43.83985 -0.07287216
p 177 49 43.83944 -0.0049381256
p 178 48 43.809124 -0.023159027
p 178 47 43.764256 -0.10735512
p 179 46 43.764256 -0.023691177
p 179 45 43.758286 -0.04629898
p 180 44 43.737755 -0.034332275
p 181 45 43.737755 -0.14183235

c 49 60.41579
p 179 170 104.26956 0.033519745
p 180 171 104.13364 -0.25878906
p 181 172 103.82966 -0.53497696
p 182 173 103.0648 -0.61582947
p 183 174 102.20099 -0.68574524
p 184 173 100.28677 -0.6037216
p 185 174 99.06616 -2.4108353
p 186 175 98.16269 0.54909134
p 186 176 98.04359 1.8249855
p 187 177 95.96558 -0.7452812
p 188 178 94.87269 -5.3834953
p 189 179 93.39694 -6.5129128
p 190 180 92.0663 -4.234371
p 189 181 90.76777 1.2908783
p 190 182 89.562325 -7.7143707
p 191 183 88.71239 -6.0144653
p 192 184 87.574234 3.6651077
p 192 185 73.817154 -18.624268
p 193 186 70.837395 -27.306675
p 194 187 67.36407 -27.182873
p 195 188 49.972965 -23.385866
p 196 189 49.116444 -15.869148
p 195 190 48.34642 -0.40187073
p 196 191 47.246704 18.902996
p 195 192 46.66047 -0.48648453
p 194 193 46.201244 13.117125
p 193 194 45.505486 -0.01815033
p 192 195 45.384743 0.07770157
p 191 196 44.996906 0.14108849
p 191 197 44.661488 -0.25802612
p 190 198 44.481487 -0.10243416
p 189 199 44.29505 0.041196823
p 188 200 44.13662 -0.07761192
p 188 201 44.065292 -0.08813286
p 188 202 44.065292 -0.07809639
p 189 203 43.95913 0.056850433
p 188 204 43.878006 -0.1304512
p 187 205 43.872704 0.12229347
p 188 206 43.85377 -0.07349396
p 189 206 43.85377 -0.10985565
p 190 205 43.895683 -0.10429382
p 190 204 43.895683 -0.029994965
p 191 203 44.02188 0.12176514
p 192 202 44.131256 -0.108091354
p 193 201 44.25544 0.12859917
p 194 200 44.306805 -0.15793991
p 194 199 44.5739 -0.18673706
p 195 198 44.78483 0.028598785
p 196 197 44.942112 -0.20328903
p 197 196 45.24439 0.12192726
p 198 195 45.48961 0.09488869

c 50 44.716904
p 181 56 44.174126 -0.18581963
p 182 56 44.174126 -0.18611908
p 183 56 44.2318 -0.05331993
p 184 57 44.29279 -0.054677963
p 185 58 44.41757 0.07523918
p 186 59 44.502716 0.009372711
p 186 60 44.654194 0.03727913
p 187 61 44.698616 0.0065612793
p 188 61 44.959766 0.25006866
p 189 62 45.10287 8.13623
p 190 63 45.29417 -1.7604446
p 191 64 46.394283 -17.923727
p 190 65 58.742496 -27.76818
p 189 66 71.2071 0.051273346
p 189 67 77.662865 -9.067711
p 188 68 79.3493 -12.925774
p 187 69 81.16619 -12.424881
p 186 70 82.8685 -10.940144
p 185 71 84.20409 -9.252682
p 184 72 85.79427 -3.3988075
p 183 71 88.89103 -2.4023323

c 51 29.972717
p 187 91 97.76056 -3.5423012
p 188 90 96.11416 -8.130142
p 189 89 94.8826 -9.294113
p 190 88 93.89631 -9.484005
p 191 87 92.49256 -9.014179
p 192 86 88.41964 -8.173138
p 191 85 86.40506 -2.3664055
p 192 84 84.390526 -16.602962
p 193 83 82.66411 -18.622486
p 194 82 81.10216 -22.275558
p 195 81 79.40897 -12.0484085
p 194 80 77.21622 -1.0835838
p 195 79 73.82867 -4.2866516
p 194 78 71.439674 -2.8762512
p 195 77 70.487625 -31.191502
p 196 76 70.051796 -32.630337
p 197 75 69.628174 -32.193188
p 198 74 69.39543 -23.46473
p 199 73 69.18107 -12.117779
p 198 72 68.83759 -21.689125
p 197 71 68.44341 -20.310051
p 198 70 68.17002 6.5665665
p 197 69 67.97411 -19.750076
p 196 68 67.78784 -16.463741

c 52 51.62977
p 190 166 104.43362 -0.009803772
p 191 167 104.32311 -0.11475754
p 192 168 104.22693 0.21687317
p 192 169 104.01049 -0.23233414
p 192 170 103.89002 -0.20179749
p 193 171 103.72759 0.1053009
p 194 172 103.119774 -1.0099525
p 195 172 102.74265 -0.40161514
p 196 173 102.27695 -0.13124084
p 195 174 101.13468 1.3565865
p 195 175 100.1033 0.13396072
p 194 176 98.24466 -2.687664
p 195 177 94.15248 -6.606533
p 196 178 90.44129 -6.8622894
p 197 179 86.79979 3.764473
p 197 180 85.00447 -8.945599
p 198 181 75.46044 -22.835445
p 199 182 70.93169 -23.462814
p 200 183 68.342896 -20.740467
p 199 184 64.597374 -33.493618
p 198 185 60.20736 -36.63298
p 197 186 56.484585 -42.645145
p 196 187 52.80385 -38.457535

c 53 34.52797
p 195 95 104.0321 -0.2794075
p 196 94 103.644485 -0.6768112
p 197 93 103.23307 -0.8385849
p 198 92 102.66181 -0.8385773
p 199 92 101.32423 -1.418602
p 200 91 100.00682 -3.3835793
p 201 90 98.825676 -2.1332664
p 200 89 96.64356 -4.529682
p 199 88 94.57856 -4.097225
p 200 87 93.18293 -1.749939
p 199 86 91.679344 -10.730171
p 198 85 89.811516 -12.142086
p 197 84 87.863235 -8.846249
p 198 83 86.318634 -14.113979
p 199 82 84.88787 -14.35202
p 200 81 83.21497 -6.9589615
p 199 80 81.41784 -1.8305435
p 200 79 79.204796 -19.160942
p 201 78 77.181114 -18.949902
p 202 77 75.09024 -13.610313
p 202 76 70.69272 4.2257347
p 201 75 69.87666 -19.68808
p 200 74 69.50413 -21.637253

c 54 11.309204
p 201 79 91.78416 0.28570938
p 202 80 97.01174 -1.6425972
p 203 80 97.01174 -6.851227
p 204 81 97.28684 -0.6557503
p 203 82 98.24348 2.6048508
p 204 83 98.952415 -0.08777237
p 204 84 99.86349 0.42116165
p 205 85 100.296 1.0148201
p 206 86 100.55003 0.31271362
p 207 87 101.0967 -0.08230209
p 206 88 101.12605 0.12612915
p 207 89 101.54527 -0.49937057
p 206 90 102.052444 -0.045463562
p 207 91 103.09336 -0.8158722

c 55 27.889603
p 203 75 71.20868 -0.55423355
p 204 76 71.70252 -21.909088
p 205 77 72.20489 -26.790684
p 206 78 72.81883 -27.988941
p 207 79 73.683815 -25.696331
p 208 80 75.56335 -22.130543
p 209 81 80.30677 -17.353603
p 210 82 83.691086 -14.573093
p 211 83 86.8467 -14.324139
p 212 84 89.72815 -7.266163
p 211 85 92.8082 2.2785492
p 212 86 94.56295 -7.0265846
p 213 87 97.247185 -5.080971
p 214 88 99.09828 -3.1681328

c 56 0.6198311
p 204 58 44.30638 -0.17904854
p 205 58 44.30638 -0.03275299
p 206 57 44.203415 -0.14456749
p 207 56 44.17979 0.05488205
p 206 55 44.092255 0.042125702
p 207 54 43.997116 -0.08927727
p 207 53 43.974392 -0.008512497
p 207 52 43.878178 -0.28907013
p 207 51 43.878178 0.036281586
p 207 50 43.841362 -0.013807297
p 207 49 43.841362 -0.014507294
p 206 48 43.805 0.021591187
p 206 47 43.786327 -0.023988724
p 206 46 43.786327 0.03989601
p 207 45 43.72942 -0.13198471
p 206 44 43.68655 -0.062992096
p 205 44 43.68655 0.05019188

c 57 59.17064
p 204 170 103.11885 -0.16278076
p 204 171 102.35196 -1.231102
p 205 172 100.44741 -3.1231232
p 206 173 98.60868 -4.870632
p 207 174 96.65181 -7.0447655
p 208 175 93.91957 -8.645206
p 209 176 89.884125 -12.430656
p 210 177 86.896065 -15.8006935
p 211 178 83.07917 -19.614079
p 212 179 64.85142 -25.632236
p 213 180 61.859245 -10.543045
p 212 181 57.846275 -42.06714
p 211 182 54.343086 -40.382854
p 210 183 52.937675 -22.035542
p 211 184 52.08701 -1.5576935
p 210 185 51.317657 -41.809708
p 209 186 50.554726 -39.392227
p 208 187 49.774437 -43.86995
p 207 188 49.018185 -46.130592
p 206 189 48.421806 -35.6393
p 205 190 47.96279 -20.246851
p 206 191 47.51383 20.083448
p 205 192 46.965523 17.902327
p 206 193 46.524136 9.884884
p 207 194 46.117718 -0.15432358
p 208 195 45.66839 -0.10165787
p 207 196 45.301945 -0.37973404
p 208 197 45.066277 -0.35128403
p 209 198 44.855232 0.035284042
p 209 199 44.591164 -0.07027817
p 210 200 44.430614 -0.41763115
p 211 201 44.352695 0.06623459
p 210 202 44.222206 -0.4621563
p 209 203 44.15918 -0.0518322
p 208 204 44.078472 0.020252228
p 208 205 44.078472 -0.105196
p 208 206 43.982468 -0.2576294
p 207 207 43.94821 -0.070669174
p 206 207 43.94821 0.035720825

c 58 0.9276924
p 209 59 44.59869 0.30754662
p 210 58 44.302357 -0.0070343018
p 211 57 44.26496 -0.26685715
p 212 56 44.151997 -0.029136658
p 212 55 44.06329 -0.01607132
p 212 54 44.015114 -0.04591751
p 211 53 44.004272 -0.065914154
p 211 52 43.917618 -0.22826767
p 212 51 43.83653 -0.12018967
p 213 51 43.83586 -0.20402145
p 214 50 43.830906 -0.14176941
p 215 49 43.804115 -0.03709984
p 215 48 43.778908 -0.031902313
p 215 47 43.740955 -0.059524536
p 216 46 43.740955 0.07705116
p 215 45 43.70225 -0.006290436
p 216 44 43.70225 -0.06311226
p 216 43 43.694202 -0.13383484
p 216 42 43.670998 -0.12773705
p 215 42 43.670998 -0.22607231

c 59 52.80827
p 209 59 44.59869 0.16340637
p 210 60 44.667713 -0.15115929
p 210 61 45.11544 -0.3383484
p 211 62 45.508057 8.9964695
p 210 63 45.967247 0.27512932
p 211 64 47.106304 -15.976812
p 210 65 54.26205 -12.725897
p 211 66 62.644173 -39.30404
p 212 67 67.91896 -37.242985
p 213 68 72.998985 -29.78941
p 214 69 76.98222 -26.115654
p 215 70 80.45523 -11.334927
p 214 71 84.437584 3.5343208
p 215 72 88.076065 -13.029289
p 216 73 90.83615 -9.370895
p 217 74 94.72865 -5.9542313
p 218 75 97.40696 -4.3605003

c 60 0.2626152
p 214 203 44.03449 -0.10315704
p 214 204 43.95466 -0.16898537
p 214 205 43.89383 -0.06273651
p 214 206 43.88619 -0.15491486
p 214 207 43.865837 -0.30005836
p 215 208 43.857616 -0.114536285
p 216 209 43.849285 -0.048114777
p 216 210 43.808712 -0.05572319
p 217 211 43.808712 0.005115509
p 218 212 43.779774 -0.05932808
p 219 212 43.771873 -0.009958267
p 220 213 43.771873 -0.011505127

c 61 49.73556
p 216 50 43.810223 -0.2477169
p 217 49 43.81963 0.094631195
p 218 50 43.835506 -0.098882675
p 219 50 43.835506 -0.35185432
p 220 49 43.89204 0.0872097
p 221 50 43.89204 -0.23049355
p 221 51 43.940994 -0.089105606
p 222 52 43.9512 0.0015983582
p 221 53 43.966515 -0.11301613
p 222 54 43.966515 -0.016939163
p 223 55 43.99829 0.06498146
p 222 56 44.06806 0.14362717
p 221 57 44.095734 -0.17499542
p 220 58 44.226917 0.01067543
p 221 59 44.37672 -0.105314255
p 222 60 44.39647 -0.128685
p 223 61 44.573868 1.3829823
p 224 62 44.704624 7.3057365
p 223 63 45.004707 -1.1775494
p 222 64 59.28327 -0.18966484
p 223 65 78.828865 -5.176613
p 222 66 83.12725 -10.506008
p 223 67 87.08863 -14.246555
p 224 68 90.68231 -5.0400963
p 223 69 93.545784 -0.10713577

c 62 60.6895
p 218 161 104.47137 0.1266098
p 219 162 104.34183 -0.08169937
p 220 163 104.063126 0.09805679
p 220 164 103.71634 -0.4684677
p 221 165 102.72015 -0.6109314
p 220 166 102.49308 -0.18164444
p 221 167 102.31555 0.4130783
p 222 168 101.86451 0.2996254
p 223 169 100.73104 0.29862213
p 224 169 100.06497 -0.9642334
p 225 170 99.82662 -0.37815857
p 226 171 99.82662 -0.8855667
p 227 172 99.38264 -2.0564766
p 228 173 98.90525 -2.3761444
p 229 174 98.78937 -1.1376419
p 230 173 98.4824 -0.02960205
p 231 174 97.97898 -1.9130096
p 232 175 97.7898 -1.2759552
p 233 176 97.57821 -1.6707039
p 234 177 97.30999 1.0011024
p 235 176 96.97639 1.2504997
p 236 175 96.695206 0.43984604
p 237 176 96.381714 0.26233673
p 238 177 96.21592 0.07242966
p 239 176 96.18874 1.6600876
p 240 177 95.86302 0.5409546
p 241 178 94.98306 -2.5117188
p 242 179 94.48983 -1.4815445
p 243 180 93.918686 -2.3533745
p 244 181 93.405304 -1.9351234
p 245 182 93.10588 0.018325806
p 246 181 92.84076 -0.09386444
p 247 180 92.43419 -1.517128
p 248 181 91.81121 -1.1598167
p 249 182 91.04073 -2.080593
p 250 181 90.2014 2.3442879
p 251 182 89.183075 -3.136303
p 252 183 87.92502 -3.4523811
p 253 184 86.344246 -2.358963
p 254 185 84.28353 -0.47994232
p 253 186 81.322365 -1.0971489
p 254 187 66.824356 -16.136139
p 254 188 55.579414 -28.100769
p 255 189 47.08483 26.48642
p 254 190 46.41789 -21.24088
p 253 191 46.41789 0.8558941
p 254 192 45.102745 36.93615
p 253 193 44.796383 29.947973
p 254 194 44.62658 -0.05060959
p 255 195 44.547226 -0.1423912
p 255 196 44.33174 -0.03994751
p 254 197 44.249348 -0.4159813
p 255 198 44.244087 0.15352249
p 254 199 44.15915 -0.38876343
p 253 200 44.069405 8.087158E-4
p 254 201 43.9773 -0.056468964
p 254 202 43.91808 -0.036026
p 255 203 43.89365 0.011749268
p 255 204 43.781868 0.109615326
p 255 205 43.781868 -0.15104294

c 63 45.38916
p 219 187 89.35387 0.43572235
p 219 188 85.58605 -9.509468
p 220 189 77.30326 -20.470299
p 221 190 70.28282 -7.5174904
p 220 191 45.44603 1.046917
p 221 192 45.239517 20.590328
p 220 193 44.7996 11.447008
p 221 194 44.555164 -0.059316635
p 221 195 44.29822 -0.24517441
p 222 196 44.247574 0.051067352
p 222 197 44.19828 -0.009559631
p 223 198 44.11917 -0.11723709
p 222 199 44.068584 -0.097473145
p 223 200 44.008976 -0.17145157
p 224 201 44.000996 0.037546158
p 225 201 43.964706 -0.10918617
p 225 200 43.964706 0.022691727
p 226 200 43.976818 -0.014205933
p 227 201 43.999977 -0.31114388
p 228 200 44.027912 0.18597794
p 229 199 44.027912 -0.09362602
p 228 198 44.036507 0.031715393
p 229 197 44.072697 -0.18688393

c 64 0.36888504
p 225 35 43.665028 -0.013175964
p 226 36 43.682755 -0.018760681
p 226 37 43.68856 0.019536972
p 226 38 43.703392 0.043483734
p 226 39 43.70989 -0.065668106
p 227 40 43.710835 0.021892548
p 228 41 43.725937 -0.009098053
p 229 42 43.725937 -0.23841286
p 230 43 43.75986 -0.10585976
p 229 44 43.77265 -0.14546776
p 229 45 43.77265 0.042058945
p 229 46 43.805557 -0.0018806458
p 229 47 43.84775 -0.07511711
p 229 48 43.85476 -0.05446434
p 230 49 43.90793 0.058649063
p 231 50 43.967205 0.12212372
p 232 51 43.98411 -0.05142975
p 232 52 44.025944 -0.074588776
p 232 53 44.033913 0.00620842

c 65 47.28159
p 225 48 43.8931 0.1118412
p 226 49 43.92874 -0.19605827
p 226 50 43.94025 -0.12217522
p 226 51 43.94025 0.08396149
p 227 52 43.95653 -0.046110153
p 228 52 43.975227 -0.34881783
p 229 53 43.975227 0.019447327
p 228 54 44.00372 -0.27706718
p 227 54 44.00372 0.049797058
p 227 55 44.082684 -0.090127945
p 228 56 44.113995 -0.21115112
p 229 56 44.12197 -0.20379257
p 230 57 44.22306 -0.14664459
p 231 57 44.265816 0.05793953
p 232 58 44.355682 0.09376526
p 231 59 44.355682 -0.07762337
p 230 60 44.366077 -0.04532242
p 231 61 44.498978 1.4039955
p 232 61 44.681446 0.14028549
p 233 62 44.88343 11.863256
p 234 63 45.29701 -2.2388859
p 233 64 57.271343 -3.6442013
p 234 65 71.93057 -7.386444
p 233 66 79.83434 -5.301941
p 234 67 84.410934 -1.7294388
p 233 68 91.17469 -0.72250366

c 66 59.292427
p 225 90 104.50208 -0.31801605
p 226 89 104.49319 0.13715744
p 227 88 104.30055 -0.4366951
p 228 89 104.1185 -0.17140579
p 229 88 103.56733 -0.75549316
p 230 87 103.1994 0.16388702
p 230 86 101.845215 -0.8959656
p 231 85 99.86328 -4.5202484
p 232 84 91.08177 -4.792919
p 233 83 88.90401 -13.371101
p 234 82 86.54928 -6.8918114
p 233 81 83.711296 -3.2708778
p 234 80 80.2249 -3.6993408
p 233 79 59.2701 -9.171928
p 234 78 56.653606 -45.238426
p 235 77 55.716778 -41.26467
p 236 76 55.005173 -40.281
p 237 75 54.359238 -41.479237
p 238 74 53.763306 -39.53897
p 239 73 53.252518 -19.847055
p 240 72 52.839966 -36.50656
p 241 71 52.03164 -33.123478
p 242 70 51.382587 -14.538628
p 241 69 50.876804 -0.25860596
p 242 68 50.380474 -30.459023
p 243 67 49.89564 -29.81216
p 244 66 49.419678 -18.84236
p 243 65 48.948788 3.8531265
p 244 64 48.473858 -7.986862
p 245 63 47.98676 -0.028915405
p 244 62 47.498558 8.031567
p 243 61 47.031757 0.003944397
p 242 62 46.597054 9.8815365
p 241 61 46.204067 1.7691154
p 240 61 45.815422 0.26802635
p 239 62 45.209656 11.282351
p 238 63 45.209656 -0.27165794

c 67 5.4453125
p 228 165 101.9687 0.19375992
p 229 166 100.850655 0.35741425
p 230 167 100.50591 -0.9008522
p 231 168 99.96893 0.035575867
p 232 169 99.547516 -0.23110962
p 233 169 98.619675 -2.047474
p 234 170 98.182396 -0.15647888
p 235 171 97.993996 0.13163757
p 236 172 97.5748 -1.2844658
p 237 173 97.2066 -0.59033966
p 236 174 96.7788 1.2676048
p 237 175 96.523384 -0.42782974

c 68 8.746292
p 235 161 101.57538 0.6209526
p 236 162 100.98213 -0.2319107
p 235 163 99.96508 0.19403458
p 236 164 99.37593 -0.51888275
p 237 165 98.76475 1.2360954
p 238 166 98.423615 -0.40254593
p 239 167 98.06004 -1.1459656
p 240 168 97.71554 0.35777664
p 240 169 97.53596 -0.24209595
p 241 169 97.53596 1.9745445
p 242 170 97.278725 0.8776512
p 243 171 96.72625 0.7903786
p 243 172 96.48043 2.2464676
p 244 173 96.04315 3.155777
p 245 174 95.84358 0.050380707
p 244 175 95.1267 -0.8553505
p 245 176 94.66389 -0.40273666
p 246 177 94.12302 0.52537155
p 245 178 93.4389 -0.120155334
p 246 179 92.82909 -0.2519188

c 69 38.00233
p 240 74 54.085613 -40.893955
p 241 75 54.79511 -45.14134
p 242 76 55.588066 -42.077312
p 243 77 56.7309 -41.924004
p 244 78 57.47234 -48.81933
p 245 79 60.69112 -8.607309
p 244 80 81.85269 -21.889301
p 243 81 84.43222 -17.833237
p 242 80 86.77946 2.5466805
p 241 81 89.644424 -12.032127
p 240 82 92.087944 -10.99987

c 70 4.992401
p 240 167 97.861 0.9550171
p 241 168 97.6229 2.1421852
p 242 169 97.31796 1.3671608
p 243 170 96.919685 2.0598488
p 244 171 96.645035 -0.23250961
p 245 172 96.35889 -1.4974365
p 246 173 96.22564 -1.922432
p 247 172 96.75734 -0.44360352
p 248 172 96.940285 -1.4053154
p 249 171 97.11582 0.90987396
p 248 170 97.33514 1.0787773
p 249 169 97.35235 0.5011673
p 248 168 97.82421 0.8134346
p 249 167 97.87142 0.42817688
p 248 166 98.07294 -0.54973984
p 249 165 98.303955 -0.9303169
p 250 164 98.94648 -1.1679993
p 251 165 99.7412 0.4908676
p 252 164 100.07581 -1.7277718
p 253 163 101.21804 -0.12063599

c 71 59.452183
p 247 48 44.023212 0.08313942
p 248 49 44.12214 -0.19936752
p 249 50 44.23929 -0.2696991
p 250 51 44.304153 0.04420662
p 249 52 44.394035 -0.09815788
p 249 53 44.47896 -0.14263725
p 249 54 44.78213 0.2459259
p 250 55 44.953552 -0.059316635
p 251 56 45.13308 0.17204094
p 252 57 45.444477 -0.39258766
p 253 58 45.83579 -0.16805458
p 252 59 46.402027 -0.16607857
p 253 60 46.678265 -0.049678802
p 253 61 47.056038 1.254919
p 254 62 47.60455 0.24360275
p 253 63 48.260967 1.7558918
p 252 64 48.920177 -15.380266
p 253 65 49.62291 -44.535156
p 254 66 50.40395 -38.357136
p 255 67 51.276012 0.09102249
p 254 68 52.303463 -42.657566
p 253 69 53.710148 -40.475563
p 252 70 56.480488 -18.8935
p 253 71 61.33096 -35.420387
p 254 72 64.64331 -1.5381165
p 253 73 68.41287 5.076336
p 254 74 70.77867 34.353867
p 253 75 73.28985 -28.930714
p 252 76 75.579605 -10.651253
p 253 77 78.33279 -22.475105
p 254 78 80.733696 -0.35227203
p 253 79 83.68055 2.4819145
p 254 80 85.72425 19.988289
p 253 81 88.30581 1.6289787
p 254 82 89.93835 14.720245
p 253 83 92.22569 -10.729134
p 252 84 93.72028 -3.8141365
p 253 85 96.34288 -4.712311
p 254 86 98.62798 -4.713608
p 255 87 100.23461 -0.6784744
p 254 88 102.16685 -3.902153
p 253 89 103.475395 -1.1506195

avg 30.967045
end