//fileLoc: inputData/gradient11.png
//fluxMulti: 3.0 channelCutOff: 10
//wk_fmin: 0.0 wk_fmax: 1.0
//total_mass_shift: 7014.0
# 81
avgCurve 1.2013477

c 0 6.7578526
p 0 194 19.191673 -0.008693695
p 0 195 19.191673 -0.018032074
p 1 196 18.896076 -0.33491707
p 0 197 18.48768 -0.1090374
p 0 198 17.66435 -0.37890816
p 1 199 17.646938 0.2472744
p 1 200 16.82596 -0.066337585
p 0 201 16.405804 -0.06876564
p 0 202 16.331848 0.37722588
p 1 203 15.96355 0.5411053
p 0 204 15.033667 -0.1693325
p 0 205 14.934346 0.23419666
p 1 206 14.710904 0.23550034
p 0 207 14.542226 -0.29580975
p 0 208 13.918657 -0.02240944
p 0 209 13.747282 -0.39842033
p 0 210 13.3074 -0.49195385
p 0 211 13.3074 -0.24913502
p 0 212 13.23322 -0.36099482
p 1 212 13.23322 -0.29349852
p 2 212 13.168215 -0.4285574
p 3 213 13.161288 0.07837534
p 4 214 13.094749 -0.23713064
p 3 215 12.82254 -0.29886103
p 2 216 12.82254 -0.5432005
p 1 217 12.702152 -0.12038803
p 2 218 12.701993 -0.31523848
p 3 219 12.433821 -0.3036518
p 4 220 12.433821 0.13398504

c 1 59.65438
p 0 194 19.191673 0.23203564
p 1 194 19.40878 -0.023647308
p 2 193 19.607853 10.962603
p 3 193 19.982153 5.3818245
p 4 194 20.531292 0.14925766
p 5 193 21.575958 11.00795
p 6 192 22.53093 5.3417635
p 7 191 23.554106 6.4164753
p 6 190 24.528185 -7.2072334
p 7 189 25.771297 -7.1727686
p 6 188 27.11522 -18.229042
p 5 187 28.431524 -15.178713
p 4 186 29.646885 -11.018013
p 3 185 30.746687 -9.518474
p 4 184 31.975544 0.87350845
p 3 183 33.489635 -17.114738
p 2 182 35.093422 -13.814932
p 3 181 37.316776 4.4600487
p 2 180 39.22694 0.7078972
p 3 179 44.72609 7.795944
p 2 178 47.590866 -14.076584
p 1 177 49.97488 -0.48076248
p 2 176 52.264 3.5199738
p 1 175 54.617077 17.35529
p 2 174 57.27723 4.414604
p 1 173 60.378418 18.950867
p 2 172 64.34256 4.9074707
p 1 171 67.02857 12.579399
p 2 170 68.91095 -10.265057
p 3 169 71.91448 -9.25848
p 4 168 78.846054 -0.6467247

c 2 0.60160255
p 2 33 12.829863 -0.7503457
p 3 32 12.822688 0.03311205
p 4 31 12.632286 -0.22533941
p 5 30 12.504522 0.027554512
p 4 29 12.36199 -0.3164649
p 4 28 12.36199 -0.19973993
p 3 27 12.339064 -0.04331255
p 4 26 12.279068 -0.12511921
p 4 25 12.279068 -0.22946167
p 5 24 12.22826 -0.51440907
p 4 24 12.22826 -0.21291876

c 3 94.47911
p 3 143 106.750854 0.28775024
p 4 144 104.935555 -3.4848862
p 5 145 103.56795 -2.4319878
p 6 146 102.33384 -2.3351517
p 7 147 100.032906 -3.944584
p 8 148 98.26411 -4.665043
p 9 149 97.379265 -3.5342598
p 10 150 95.3918 -2.410965
p 11 150 93.79731 -5.1677666
p 12 151 82.247734 -12.108429
p 13 152 80.33624 -14.261055
p 14 153 78.91877 -15.1944275
p 15 154 73.98885 -17.235828
p 16 155 72.60575 -4.951557
p 15 156 71.02306 -8.640682
p 16 157 69.38212 -0.42858887
p 15 158 65.446434 -21.179638
p 14 159 63.69792 -9.905392
p 15 160 62.203194 -21.487057
p 16 161 60.76893 -16.730389
p 17 162 59.550373 -11.666046
p 16 163 58.345173 -0.0069236755
p 17 164 57.12502 -19.307003
p 18 165 55.666267 -16.76886
p 19 166 54.53641 -16.387749
p 20 167 53.319004 -15.244526
p 21 168 51.883327 -14.399616
p 22 169 49.43103 -15.190319
p 23 170 48.0929 -5.7487316
p 22 171 46.88261 2.4487686
p 23 172 45.783543 0.62444687
p 22 173 44.73313 -13.922085
p 21 174 43.6693 -12.805729
p 20 175 42.486763 -11.297462
p 21 176 41.14613 -13.739052
p 22 177 39.759884 -17.840054
p 23 178 38.608685 -13.547745
p 24 179 37.606655 -5.408018
p 23 180 36.60385 -9.895645
p 22 181 35.61491 -10.11031
p 21 182 34.637817 -4.2283707
p 22 183 33.670982 7.1277676
p 21 184 32.68803 2.0253315
p 22 185 31.679409 -3.303585
p 23 186 30.705885 -3.8369503
p 24 187 29.786718 4.559675
p 25 188 28.799011 -8.413062
p 24 189 27.702734 4.9507904
p 25 190 26.712147 8.594041
p 24 191 25.73182 4.2921953
p 23 192 24.75703 4.083165
p 22 193 23.801893 10.331376
p 21 194 22.813793 -0.04582882
p 20 195 21.806114 0.0371027
p 19 196 21.048153 0.16982651
p 18 197 20.224052 -0.12875938
p 17 198 19.495586 0.024918556
p 16 199 18.782976 0.26890087
p 15 200 18.034271 0.1004982
p 16 201 17.26258 -0.073207855
p 15 202 16.933874 0.16908264
p 14 203 16.427786 -0.18850517
p 13 204 16.112528 0.19818497
p 12 205 15.599231 -0.16691399
p 12 206 14.971854 -0.3509841
p 11 207 14.583498 0.04327488
p 10 208 14.211387 0.08753252
p 10 209 13.859885 -0.07242584
p 10 210 13.776 -0.2577095
p 11 211 13.589544 -0.51680756
p 11 212 13.589544 -0.2254734
p 11 213 13.332675 0.092041016
p 12 214 13.132461 -0.14866495
p 12 215 13.091334 -0.33305168
p 12 216 12.956458 0.035838604
p 12 217 12.887842 0.16690731
p 13 218 12.776929 -0.40435266
p 14 219 12.776929 0.16697264
p 13 220 12.589836 -0.2669034
p 12 221 12.523965 -0.6563835
p 12 222 12.481718 0.120999336
p 12 223 12.271748 -0.2904477
p 12 224 12.271748 -0.16197681

c 4 31.734268
p 3 218 12.587104 0.030451298
p 4 217 12.815299 -0.4998212
p 5 217 12.948401 -0.37207508
p 6 216 12.948401 -0.3152151
p 7 215 12.948771 -0.08298254
p 7 214 12.99185 0.023696423
p 7 213 13.245169 -0.4064536
p 7 212 13.358304 -0.070762634
p 6 211 13.469293 -0.2506857
p 6 210 13.603405 -0.01985073
p 5 209 13.714654 -0.32395363
p 4 208 14.291514 0.1519661
p 5 207 14.573019 -0.40014458
p 6 206 14.882361 0.043772697
p 7 205 15.235935 -0.019168377
p 8 204 15.541426 -0.08472061
p 9 203 16.031137 0.0563488
p 8 202 16.331865 -0.11550045
p 8 201 16.72028 -0.19605541
p 9 200 17.683254 -0.057998657
p 9 199 18.01737 0.005214691
p 10 198 18.580524 -0.16287422
p 11 197 19.057823 0.4542141
p 12 196 19.659105 -0.3937416
p 13 195 20.354424 -0.08496094
p 14 194 20.840704 -0.5307293
p 15 193 21.70193 4.3849525
p 14 192 22.536047 7.097912
p 15 191 23.414639 4.279929
p 16 190 24.34502 -5.0599947
p 15 189 25.395882 -4.0112114
p 16 188 26.65501 -6.746065
p 15 187 27.98898 -17.656929
p 14 186 29.087963 -15.5161705
p 13 185 30.558962 -10.59548
p 14 184 31.88272 2.0120735
p 13 183 34.28502 -17.390411
p 12 182 36.901962 -17.280342
p 11 181 44.321373 -6.6257133

c 5 36.024487
p 5 85 48.310806 -5.0557613
p 6 84 47.416344 -6.089321
p 7 83 46.564335 -1.9769745
p 8 82 45.726387 -2.743187
p 7 81 44.858055 4.9295464
p 8 80 43.963993 -0.07427597
p 9 79 43.06202 -9.208748
p 8 78 41.750595 -3.8358326
p 7 77 41.038048 -8.683208
p 8 76 39.974873 -5.1689262
p 9 75 38.9727 -7.3695374
p 10 74 37.926056 -7.3016777
p 11 73 36.833786 -4.5244865
p 12 72 35.91462 -13.508301
p 11 71 34.965084 -8.961853
p 10 70 33.940407 -4.1650696
p 9 69 32.908672 8.550987
p 8 68 31.97734 -5.7190742
p 9 67 31.077477 -3.172392
p 8 66 30.19897 -4.3844624
p 7 65 29.318375 6.637573E-4
p 8 64 28.410503 2.6096678
p 9 63 27.51633 5.2384863
p 10 62 26.644238 10.616515
p 11 61 25.786926 0.09150219
p 12 60 24.929255 0.61016273
p 13 59 24.068508 0.18785572
p 14 58 23.254162 0.43559647
p 15 57 22.455688 0.30737782
p 16 56 21.64118 0.32689762
p 17 55 20.809755 -0.051073074
p 18 54 20.1759 0.267869
p 19 53 19.375198 -0.06247902
p 20 52 18.897446 -0.050383568
p 20 51 18.28721 -0.048618317
p 20 50 17.73888 -0.4503746
p 21 49 17.259113 -0.533226
p 22 48 16.588606 -0.3628025
p 23 47 16.272436 -0.033161163
p 23 46 15.73028 -0.0878458
p 22 45 15.339525 -0.4405632
p 21 44 15.186355 0.064742565
p 22 43 14.607854 -0.6563773
p 23 42 14.348153 -0.04617119
p 24 41 13.978764 -0.013319492
p 24 40 13.692212 -0.10707855
p 23 39 13.558173 -0.26337385
p 23 38 13.227577 -0.20598793
p 23 37 13.226243 -0.3367076
p 24 36 13.090019 -0.14080715
p 23 35 13.062203 -0.069078445
p 23 34 12.723219 -0.2757864
p 24 33 12.720945 0.078148365
p 23 32 12.659393 0.010280132
p 24 31 12.587974 -0.14290333
p 24 30 12.444373 -0.040052414
p 24 29 12.413103 -0.11469936
p 23 28 12.31148 -0.26139212
p 24 27 12.31148 -0.14101744
p 23 26 12.286321 -0.66231203
p 24 26 12.286321 -0.29722595

c 6 45.806137
p 5 85 48.310806 -4.9833965
p 6 86 49.22331 -3.3491325
p 7 87 50.12325 -9.475319
p 8 88 51.02842 -6.7322006
p 9 89 52.104675 -6.1621113
p 8 90 53.302483 -7.4606743
p 7 91 54.444008 -8.645103
p 6 92 55.507595 -5.126709
p 7 93 56.591236 6.9021873
p 6 94 58.50544 5.820156
p 7 95 62.437447 -0.8323364
p 8 96 64.4744 -7.270275
p 9 97 66.19272 -9.124348
p 10 98 67.458206 -6.943699
p 11 99 68.14463 -5.1886063
p 10 100 69.5266 4.2923584
p 11 101 70.51253 -6.9751434
p 12 102 75.16439 -4.391529
p 11 103 85.67608 4.4936676
p 11 104 86.48432 1.7682571
p 12 105 87.01191 2.777279
p 12 106 87.2722 1.1681213
p 13 107 87.90946 -2.8040695
p 14 108 88.62946 -7.1085777
p 15 109 89.32757 -4.34449
p 14 110 90.06611 1.1164017
p 15 111 91.02864 -8.275925
p 16 112 92.71342 -4.797634
p 15 113 94.11694 -5.159958

c 7 1.2892647
p 8 26 12.205625 0.21276808
p 9 26 12.205625 -0.27052212
p 10 27 12.309649 -0.1698389
p 11 28 12.3527775 -0.011351585
p 11 29 12.365735 0.34960842
p 12 30 12.398966 -0.13055468
p 12 31 12.595203 0.34076357
p 13 32 12.595203 0.08155918
p 12 33 12.668557 -0.16899443
p 12 34 12.668557 -0.28851557
p 13 35 12.8307 0.046875954
p 13 36 13.062362 -0.22743464
p 13 37 13.113494 -0.060463905
p 13 38 13.421443 0.43994617
p 12 39 13.494889 -0.079752445

c 8 12.095555
p 14 62 24.58799 0.40172863
p 15 61 24.175613 0.18026161
p 16 60 23.458687 0.171072
p 17 59 22.796986 -0.020000458
p 18 58 22.272213 -0.087955475
p 19 57 21.614214 0.17004013
p 20 56 21.00368 -0.10604
p 20 55 20.30844 -0.1128788
p 20 54 19.845093 0.09479523
p 21 53 19.25111 -0.32180977
p 22 52 18.602272 -0.2758913
p 23 51 17.882734 -0.05911064
p 24 50 17.248304 -0.28118324
p 25 49 16.855532 -0.30989552
p 26 48 16.403875 0.24094772
p 27 47 16.027328 -0.13140583
p 27 46 15.535452 -0.15031052
p 28 45 15.331804 -0.47580433
p 28 44 14.907236 -0.25814867
p 28 43 14.527697 0.050709724
p 29 42 14.016142 0.17156649
p 29 41 13.894951 0.015616894
p 29 40 13.607087 -0.07902861
p 30 39 13.46068 0.034450054
p 30 38 13.364171 -0.14941883
p 31 37 13.292167 -0.16409111
p 31 36 13.208404 -0.4980693
p 30 35 13.165544 0.077934265
p 30 34 12.97205 -0.38566065
p 30 33 12.932793 0.0033311844
p 30 32 12.876251 -0.33033323
p 29 31 12.753527 0.010556698
p 29 30 12.621504 -0.15607357
p 28 29 12.4924345 -0.06312275
p 27 30 12.4924345 -0.031975746

c 9 79.90887
p 14 62 24.58799 10.225527
p 15 63 25.441904 5.706378
p 16 64 26.121792 4.4159393
p 17 65 26.905293 -0.11800289
p 16 66 27.782812 1.0736885
p 17 67 28.796324 -3.5139122
p 16 68 30.628832 -1.6280556
p 15 69 31.54054 -17.479382
p 16 70 32.3414 -7.996458
p 17 71 34.29367 -3.2954292
p 18 72 34.76248 -4.9883614
p 19 73 39.301155 8.730667
p 19 74 44.033863 8.622482
p 19 75 57.020252 19.685394
p 20 76 58.023743 8.37669
p 21 77 58.811073 -0.2658062
p 22 78 59.471264 -0.72094345
p 21 79 60.413918 4.714737
p 22 80 61.026344 1.4047508
p 23 81 61.71165 2.0580063
p 24 82 62.900024 5.904766
p 25 83 63.224617 0.13573074
p 24 84 64.21359 5.585026
p 25 85 64.67755 6.3938103
p 26 86 65.929695 -0.06912613
p 25 87 66.34639 3.4496422
p 25 88 66.84723 2.1393318
p 26 89 67.84034 5.6502113
p 26 90 68.288795 5.435562
p 27 91 69.27346 3.7432518
p 26 92 69.598724 1.0413284
p 27 93 70.35796 3.0257187
p 26 94 71.323784 3.0087547
p 27 95 72.328705 0.027397156
p 28 96 73.1661 -3.5349846
p 29 97 74.459366 -2.2146835
p 30 98 74.830376 -5.137203
p 29 99 75.45892 -3.1883736
p 28 100 76.66509 -7.7575455
p 27 101 79.02863 -3.8280907
p 28 102 79.47985 -6.181282
p 29 103 80.12667 -4.528469
p 28 104 83.67016 0.40941238
p 28 105 87.33681 2.423935
p 29 106 92.58222 2.4411163
p 28 107 93.957924 2.2017403
p 27 108 94.68296 2.1948318
p 26 109 95.71109 0.4041252
p 27 110 96.8921 1.1342812
p 26 111 98.314964 0.74139786
p 25 112 101.26395 -0.31484985
p 24 113 104.49686 -0.73724365

c 10 29.669138
p 23 53 19.072905 -0.2782631
p 24 54 19.234587 -0.54769135
p 25 55 20.075245 0.3556614
p 24 56 20.255232 -0.15464306
p 24 57 21.235033 -0.079711914
p 23 58 21.601135 -0.40227032
p 24 59 22.26961 0.3863964
p 23 60 22.800657 -0.5885744
p 24 61 23.635466 0.27551746
p 23 62 24.400787 9.244397
p 24 63 25.239325 6.375469
p 25 64 26.305094 6.593871
p 26 65 27.217434 -1.7334948
p 25 66 28.093918 -2.9933481
p 26 67 29.045938 -2.3791828
p 27 68 30.00669 -4.45273
p 28 69 30.982931 -8.117353
p 29 70 32.06852 -2.8323326
p 30 71 33.60467 -9.135185
p 29 72 35.080883 -11.442074
p 28 73 39.609657 -7.405321
p 29 74 42.93466 -4.780094
p 30 75 46.689537 -4.7034187
p 29 76 48.742043 0.030414581

c 11 95.74
p 25 140 107.85029 -1.4809685
p 26 141 102.64898 -4.7606926
p 27 142 100.56487 -10.185558
p 28 143 98.46656 -9.159588
p 29 144 96.88856 -10.130039
p 30 145 95.12913 -4.993454
p 31 146 93.522125 -4.5226555
p 32 147 92.063614 -7.496849
p 33 148 90.37003 -3.6391754
p 32 149 89.15999 0.9064522
p 33 150 87.860374 -2.9334793
p 34 151 86.73352 -2.49094
p 35 152 85.79224 -4.314579
p 36 153 84.84381 -5.1349373
p 37 154 83.86931 -3.499714
p 38 155 82.826126 -5.7403145
p 39 156 81.2199 -1.3119392
p 38 157 79.63737 2.3332863
p 39 158 78.24859 5.563427
p 38 159 77.15467 -1.0565376
p 39 160 76.297005 1.8407173
p 38 161 73.55404 0.18539429
p 37 162 72.46166 7.6739426
p 36 163 71.22287 -4.727955
p 37 164 68.323875 3.8039284
p 38 165 66.96329 4.2938194
p 39 166 65.29505 2.949623
p 40 167 63.39154 0.13241959
p 39 168 61.835957 7.363125
p 40 169 61.360092 1.8675919
p 39 170 60.686928 -1.0861015
p 40 171 59.78848 7.285568
p 41 172 58.502563 -1.1632729
p 40 173 56.494408 1.0309219
p 41 174 53.746155 -4.959427
p 42 174 52.350338 -4.838806
p 43 175 45.0571 -11.443634
p 44 176 44.19375 -9.734699
p 45 177 43.762848 -8.838882
p 46 178 41.624855 -10.725143
p 47 179 40.395462 -9.3563385
p 48 180 38.87147 -8.434872
p 49 181 38.47177 -6.488039
p 48 182 36.813194 4.2477455
p 49 183 35.832294 -9.631203
p 50 184 34.757748 -14.262959
p 51 185 33.598553 -17.108116
p 52 186 32.10365 -14.916561
p 53 187 31.209814 -3.72715
p 54 188 30.326948 -12.494295
p 53 189 29.06983 -6.36022
p 52 190 28.132614 -2.1562414
p 53 191 27.227783 11.871876
p 52 192 26.312517 5.732026
p 53 193 25.444988 5.6012573
p 54 194 24.681183 -0.27737713
p 54 195 23.800259 -0.11084747
p 53 196 23.07513 -0.19178104
p 53 197 22.401888 -0.3592596
p 52 198 21.488995 -0.29366112
p 53 199 20.351734 -0.8253546
p 54 200 19.82737 -0.3787117
p 55 201 19.17621 -0.117510796
p 54 202 18.557798 -0.047305107
p 53 203 17.90911 -0.07753563
p 53 204 17.38817 0.14213085
p 52 205 16.668753 -0.083563805
p 52 206 16.313885 0.11155319
p 52 207 15.725036 -0.016102314
p 53 208 15.353457 -0.034483433
p 53 209 15.019727 -0.3109603
p 52 210 14.37304 -0.18424797
p 52 211 14.027858 -0.14325476
p 52 212 13.955244 0.395967
p 53 213 13.585374 0.05026102
p 54 214 13.395977 -0.016230583
p 53 215 13.290829 0.014217377
p 53 216 13.207053 -0.101489544
p 53 217 13.0838585 -0.21374941
p 52 218 12.914435 -0.16305542
p 51 219 12.7758875 -0.41921473
p 52 220 12.7582855 -0.059803963
p 53 220 12.7241955 -0.031951904
p 54 220 12.7241955 0.0741992
p 55 221 12.712754 -0.34428644
p 55 222 12.61168 -0.038719177
p 55 223 12.585203 -0.20449781
p 55 224 12.426587 -0.12258816
p 56 225 12.426587 0.12499857
p 55 226 12.30786 0.04611492
p 54 227 12.2947035 -0.09191704
p 53 228 12.229744 -0.35630417
p 52 229 12.1821785 -0.043210983
p 52 230 12.1655855 -0.4356165
p 52 231 12.110292 -0.4479561
p 51 231 12.110292 -0.27760172

c 12 0.5139952
p 26 221 12.598206 -0.1373334
p 27 222 12.598206 -0.33586884
p 28 223 12.373425 -0.13960505
p 28 224 12.373425 -0.5348568
p 27 225 12.294775 -0.062198162
p 28 226 12.294775 -0.14583206
p 29 227 12.267001 -0.42583847
p 29 228 12.220653 -0.45268917
p 28 229 12.14354 0.206316
p 29 230 12.10942 -0.1096344
p 30 231 12.08421 -0.12522316
p 31 230 12.08421 -0.35539055

c 13 26.737179
p 26 221 12.598206 -0.0018138885
p 27 220 12.674737 -0.0808959
p 27 219 12.674737 -0.16553497
p 28 218 12.743808 -0.32025862
p 28 217 12.743808 0.09583378
p 29 216 13.098874 -0.005129814
p 30 215 13.207244 -0.1217227
p 30 214 13.351759 0.17669868
p 31 213 13.585824 -0.15275812
p 31 212 13.870573 0.1681838
p 30 211 14.039033 -0.12622833
p 31 210 14.322066 -0.04679966
p 32 209 14.635548 -0.28024054
p 33 208 14.911563 -0.08124781
p 32 207 15.247662 0.16096783
p 33 206 15.618053 -0.3337412
p 34 205 16.149387 -0.03712654
p 34 204 16.760794 -0.13832378
p 34 203 17.076447 -0.007081032
p 35 202 17.474396 0.12659645
p 35 201 18.014915 0.48570156
p 36 200 18.395218 0.5096178
p 37 199 18.882183 0.006339073
p 38 198 19.400301 0.09781742
p 39 197 19.86833 -0.01610279
p 40 196 20.10865 -0.3119278
p 40 195 20.474821 0.029658318
p 39 194 20.924135 -0.19671631
p 39 193 21.468916 9.467654
p 40 192 22.208542 7.5051327
p 41 191 23.561226 3.097106
p 40 190 24.30749 -7.689973
p 41 189 28.899082 -3.644372
p 40 188 33.637325 -10.463289
p 39 187 39.335384 -12.306946

c 14 4.543192
p 30 49 16.619682 0.15705967
p 31 48 16.159466 -0.14398956
p 31 47 15.679693 0.12343979
p 32 46 15.48053 -0.110611916
p 31 45 15.458873 0.24871826
p 32 44 14.913721 -0.36123037
p 32 43 14.422887 -0.039798737
p 32 42 14.089848 -0.34296942
p 32 41 13.840719 0.21588993
p 33 40 13.599144 -0.01994896
p 33 39 13.475847 -0.09203911
p 34 38 13.445678 -0.1060071
p 34 37 13.445678 0.017261028
p 33 36 13.173046 -0.3019104
p 34 35 13.112701 0.19131136
p 35 34 12.899063 -0.15296316
p 36 33 12.899063 -0.068742275
p 37 32 12.795705 0.0062203407
p 38 31 12.5502405 -0.018724918
p 37 30 12.414083 -0.17426062
p 38 29 12.414083 -0.044983864
p 37 28 12.304405 0.1957407
p 37 27 12.239277 0.067182064
p 38 26 12.123146 -0.25096893
p 38 25 12.07649 -0.4128523
p 38 24 12.07649 -0.28700018

c 15 2.6853142
p 30 226 12.300365 -0.2829299
p 31 225 12.394234 -0.31821775
p 32 224 12.521053 -0.22493267
p 33 223 12.6004095 -0.02631569
p 32 222 12.6004095 -0.05461645
p 32 221 12.655065 -0.0731349
p 31 220 12.72724 -0.27302694
p 32 219 12.791661 0.12423468
p 33 218 12.79748 -0.21968222
p 33 217 12.96496 -0.13361359
p 33 216 12.984358 -0.20220137
p 32 215 13.233952 0.2647977
p 33 214 13.481586 0.07945347
p 34 213 13.530017 -0.06069231
p 35 212 13.696539 -0.2519765
p 36 211 14.193572 0.12444162
p 37 210 14.434322 -0.48895788
p 38 209 14.825996 -0.020272732
p 37 208 14.98568 -0.524951

c 16 11.059401
p 34 40 13.686068 -0.44631386
p 35 41 14.183986 -0.037059784
p 36 42 14.462311 -0.39956522
p 36 43 14.730949 -0.082249165
p 35 44 14.878373 -0.09005165
p 36 45 15.142439 -0.10460806
p 37 46 15.5696945 -0.22169638
p 38 47 15.877209 0.17542458
p 37 48 16.168766 -0.10547972
p 38 49 16.697746 -0.011444092
p 37 50 16.972252 -0.27956676
p 38 51 17.65702 -0.44788074
p 38 52 18.292862 0.43062973
p 37 53 18.834158 -0.052498817
p 36 54 19.433168 0.17664051
p 35 55 19.693357 -0.43329525
p 36 56 20.66183 -0.21614933
p 36 57 20.879295 -0.19769096
p 37 58 21.297165 -0.20750332
p 38 59 21.921518 -0.23597813
p 39 60 22.465067 -0.6069021
p 40 61 22.931276 -0.691062
p 41 62 24.368238 8.708823
p 42 63 24.745468 3.7858582

c 17 81.06074
p 34 117 94.191475 -9.046864
p 35 116 93.18659 -7.198818
p 36 115 92.72181 -4.857811
p 37 114 91.59128 -2.1347694
p 38 113 90.22341 0.38277435
p 37 112 88.93023 2.6228104
p 38 111 87.81014 3.7009773
p 37 110 77.96757 -7.7841835
p 38 109 76.97713 -7.389488
p 39 108 75.56743 -3.1845322
p 38 107 73.719124 4.482048
p 39 106 72.31692 -0.9110069
p 38 105 70.886635 -8.086472
p 37 104 69.44142 -8.207474
p 38 103 68.244896 -10.543171
p 39 102 67.6096 -13.977707
p 40 101 67.227745 -8.118282
p 41 100 66.68538 -6.583996
p 42 99 64.192 -9.359146
p 43 98 63.54132 -4.9795837
p 44 97 62.148018 -7.446308
p 43 96 61.174328 4.254055
p 44 95 60.00724 -0.62973404
p 43 94 58.686882 -6.074028
p 42 93 57.269005 2.878292
p 43 92 55.145786 4.131386
p 44 91 54.133442 -4.522579
p 43 90 52.930607 -7.225067
p 42 89 51.88462 -6.4552593
p 43 88 50.88164 -6.653946
p 44 87 49.891624 -10.601795
p 45 86 48.874783 -5.95932
p 46 85 47.772007 -6.818859
p 45 84 47.15782 -8.017258
p 44 83 46.287876 -8.868248
p 43 82 45.286297 -5.70483
p 42 81 44.246704 -8.262133
p 43 80 42.993782 -8.162174
p 44 79 41.990215 -10.518349
p 45 78 40.896095 -8.147934
p 46 77 40.08977 -10.150982
p 47 76 39.293793 -5.586773
p 48 75 38.48519 3.7266598
p 49 74 37.559612 -7.522976
p 48 73 35.869476 -6.2706966
p 47 72 34.883884 -7.313921
p 46 71 33.807884 -12.10096
p 47 70 32.743946 -10.039312
p 48 69 31.808287 -4.597439
p 49 68 31.278013 -6.880064
p 48 67 30.011766 -8.49099
p 47 66 29.120924 -11.261515
p 46 65 28.217215 -10.23394
p 45 64 27.29729 -0.06732941
p 46 63 26.401485 4.881441
p 47 62 25.58243 7.147168
p 48 61 24.793901 -0.13098812
p 47 60 23.951773 -0.37312412
p 46 59 23.110706 -0.0149412155
p 45 58 22.275263 -0.30913067
p 44 57 21.363153 0.27257442
p 44 56 20.714684 0.2573309
p 43 55 20.365292 -0.41331673
p 43 54 19.550077 -0.32849312
p 42 53 18.660086 -0.29637432
p 43 52 18.399363 0.31083775
p 42 51 17.535324 -0.31497097
p 42 50 17.298096 0.18724346
p 41 49 16.578228 -0.075647354
p 42 48 16.328081 -0.23124504
p 42 47 15.867884 -0.25729275
p 41 46 15.542301 -0.17750263
p 40 45 15.176381 0.027820587
p 41 44 14.90075 -0.07563305
p 42 43 14.646148 -0.014327526
p 41 42 14.313922 -0.082629204
p 42 41 14.142996 0.10370684
p 41 40 13.735255 -0.2785535
p 40 40 13.702922 -0.24704742
p 39 39 13.702922 -0.20124817
p 38 38 13.377211 -0.25956154
p 38 37 13.309006 0.036245823
p 37 36 13.130734 -0.4458351
p 36 35 13.130734 -0.17035723

c 18 24.014053
p 39 159 77.9219 0.43071747
p 40 158 79.895164 3.2539062
p 41 157 81.25882 0.015117645
p 42 156 82.49742 -0.83358383
p 43 155 83.76566 0.9463959
p 44 154 85.42874 0.12425995
p 43 153 86.34802 -1.0238762
p 44 152 87.136696 3.8825493
p 43 151 88.29067 -0.27376556
p 44 150 89.51875 1.4408607
p 43 149 90.75189 -5.7475777
p 42 148 92.01341 -0.8010216
p 43 147 93.29653 -9.904488
p 44 146 94.452225 -2.5078125
p 43 145 96.62148 3.2498093
p 44 144 98.416725 -2.9964256
p 45 143 100.1207 -3.004303
p 44 142 101.93595 -2.6470642

c 19 3.812251
p 49 48 15.91403 -0.28796005
p 50 47 15.91403 0.039133072
p 51 46 15.596213 0.34325314
p 51 45 14.969946 -0.12858772
p 52 44 14.882664 0.10704565
p 53 43 14.587885 -0.39490318
p 52 42 14.372804 0.058006287
p 51 41 14.01487 0.053904533
p 51 40 13.853346 -0.0080423355
p 52 39 13.653355 0.17660236
p 52 38 13.414265 -0.026166439
p 51 37 13.29595 -0.047545433
p 51 36 13.29595 0.028587818
p 50 35 13.044855 -0.39622974
p 51 34 12.831025 -0.1414361
p 52 33 12.802713 -0.21296215
p 53 32 12.709436 -0.15550137
p 54 32 12.709254 -0.14021921
p 55 31 12.709254 -0.056256294
p 54 30 12.640633 0.14088488
p 54 29 12.489005 -0.13295889
p 55 28 12.489005 -0.08886242
p 56 28 12.477403 -0.2950964
p 57 27 12.477403 0.0058312416
p 57 26 12.339742 0.0016074181
p 57 25 12.339742 -0.084420204
p 58 24 12.275765 0.15910769
p 59 23 12.275765 0.11888552
p 60 22 12.248443 -0.31912088
p 61 23 12.248443 0.21926594
p 62 23 12.161152 -0.0050492287
p 63 22 12.101779 -0.009923458
p 64 21 12.101779 -0.33775902

c 20 82.11318
p 51 107 95.13124 -0.2356453
p 52 106 92.991516 -1.7072067
p 53 105 91.41852 -3.5927124
p 54 104 88.71323 -2.442566
p 53 103 86.99017 -0.2774124
p 54 102 84.92566 -5.3042793
p 55 101 82.909225 -6.8614464
p 56 100 81.13557 -5.3659706
p 57 99 79.65295 -5.530117
p 58 98 78.206635 2.774189
p 57 97 76.70654 2.1195068
p 58 96 74.98962 1.106739
p 57 95 71.40043 -1.0818672
p 58 94 70.18663 1.4623108
p 58 93 66.89619 -9.2835045
p 59 92 59.57379 -14.491585
p 60 91 58.603493 -14.370899
p 61 90 58.416836 -7.2783318
p 62 89 57.330105 -7.8656197
p 61 88 53.805767 0.34544754
p 62 87 52.31325 -3.0910797
p 61 86 51.36793 -12.939014
p 60 85 50.240524 -10.596657
p 59 84 49.214844 -5.9081554
p 60 83 47.59057 2.995243
p 59 82 46.312347 0.6343117
p 60 81 45.37375 -11.713276
p 61 80 44.620693 -15.114918
p 62 79 43.111378 -15.098167
p 63 78 42.069977 -4.9305916
p 64 77 40.832867 -10.19117
p 65 76 39.92587 14.979137
p 64 75 39.030113 0.083330154
p 65 74 38.05603 2.724968
p 64 73 37.07003 -8.952545
p 63 72 36.089703 -5.989361
p 62 71 34.953472 -7.5923424
p 63 70 33.525707 -3.4018993
p 64 69 32.478752 -1.6273327
p 63 68 31.4775 6.3851013
p 64 67 30.491753 -2.0622673
p 63 66 29.531982 -4.630375
p 62 65 28.586237 -2.1241627
p 63 64 27.634457 3.1337185
p 64 63 26.663565 4.090041
p 65 62 25.72568 0.032370567
p 64 61 24.803356 -0.95506
p 65 60 23.982622 -1.0533648
p 66 59 23.129131 -0.2697096
p 66 58 22.268217 -0.09071541
p 66 57 21.501808 0.20039272
p 65 56 20.730005 -0.028113365
p 66 55 20.049952 -0.09694481
p 65 54 19.417852 -0.35740185
p 66 53 18.761385 0.044438362
p 65 52 17.926567 0.02202797
p 66 51 17.233664 -0.1652031
p 67 50 17.005869 -0.2372551
p 67 49 16.33622 -0.079361916
p 66 48 15.801909 0.17324924
p 65 47 15.619888 0.31646252
p 64 46 15.146792 -0.118673325
p 65 45 14.79554 -0.0039544106
p 64 44 14.616329 0.20459843
p 65 43 14.238019 -0.11621046
p 64 42 14.045478 -0.023938179
p 63 41 13.789828 -0.3082838
p 64 40 13.738371 -0.2202034
p 64 39 13.575239 -0.27131462
p 65 38 13.541947 0.11558962
p 64 37 13.285439 -0.08012009
p 63 36 13.179407 -0.14318609
p 63 35 13.018059 -0.12621212
p 63 34 13.018059 -0.16506577

c 21 26.572277
p 53 172 58.889927 0.5477333
p 54 173 57.34642 0.6509743
p 53 174 55.865513 2.2789001
p 54 175 54.427853 1.9479904
p 55 176 53.196365 -3.5795364
p 56 177 52.36904 -1.4364719
p 55 178 51.807354 1.312191
p 54 179 51.27705 -2.9909973
p 55 180 50.736923 10.3982315
p 54 181 50.2644 -2.3249512
p 55 182 49.76846 4.9608555
p 56 183 48.903496 -3.2577114
p 56 184 37.482204 -12.690712
p 55 185 33.437164 -5.5925217
p 54 186 32.31765 -1.1166401

c 22 46.132236
p 53 172 58.889927 3.1326752
p 54 171 61.181248 -5.5739555
p 55 170 63.108467 1.4431915
p 56 169 64.621765 0.41407013
p 55 168 65.85223 3.1886406
p 56 167 66.909065 2.750248
p 55 166 68.40424 -2.135601
p 56 165 69.32468 2.3189926
p 55 164 70.128174 0.5170517
p 56 163 71.33952 2.025158
p 55 162 72.38307 2.1321259
p 56 161 73.51691 1.0760918
p 55 160 74.7143 -3.281479
p 54 159 75.9104 -3.5036697
p 55 158 77.31624 -6.3029633
p 56 157 78.26839 -8.412468
p 57 156 79.30563 -9.068932
p 58 155 80.42525 -9.436966
p 59 154 81.56588 -5.3957024
p 60 153 83.051445 -7.1591682
p 61 152 84.649414 -6.2301598
p 62 151 86.57199 -6.5797005
p 63 150 87.94354 -7.386204
p 64 149 89.33351 -7.371338
p 65 148 90.44902 -9.364307
p 66 147 93.1313 -6.839897
p 67 146 95.971985 -5.191601
p 68 145 97.88607 -6.0176125
p 69 144 101.97625 -0.3939743
p 68 143 103.994896 1.060051
p 69 142 105.02216 2.2889938

c 23 20.32125
p 55 142 103.74278 -2.7554245
p 56 143 101.2057 -5.3851624
p 57 144 97.90429 -7.8308144
p 58 145 96.06482 -1.6225548
p 57 146 94.23789 -7.9861145
p 56 147 92.56127 -6.1223106
p 57 148 91.13799 -0.9668999
p 56 149 89.98071 -11.494118
p 55 150 88.75849 -2.275116
p 56 151 86.77094 -9.87051
p 57 152 85.20281 -8.575623
p 58 153 83.42153 -8.037209

c 24 0.7885771
p 57 35 12.9528675 -0.077795506
p 58 34 12.834167 -0.1778512
p 58 33 12.787669 0.46905804
p 58 32 12.787669 -0.57189226
p 58 31 12.657237 -0.30858517
p 59 30 12.657237 0.060682297
p 60 29 12.558251 0.11841774
p 60 28 12.460195 -0.09327221
p 61 27 12.379913 -0.121275425
p 61 26 12.379913 -0.23140907
p 62 25 12.364064 0.08289194
p 61 24 12.16429 -0.18357229

c 25 30.726648
p 63 184 43.015007 -9.281982
p 64 185 40.619465 -1.2360821
p 63 186 32.842144 -1.2954998
p 64 187 30.683075 5.9004555
p 63 188 29.889074 1.8495007
p 64 189 28.835852 5.987501
p 63 190 27.84929 10.217258
p 64 191 26.919825 4.663701
p 65 192 26.02253 5.4279146
p 66 193 25.147755 8.406269
p 67 194 24.256794 0.022194862
p 66 195 23.36552 -0.538805
p 67 196 22.737692 -0.0013456345
p 66 197 22.00202 -0.36153507
p 65 198 21.40848 0.12955761
p 66 199 20.647192 -0.17646217
p 65 200 19.86894 -0.13390827
p 66 201 19.09589 -0.07339382
p 65 202 18.509079 0.18967438
p 65 203 17.960732 0.17953014
p 64 204 17.248436 -0.003200531
p 65 205 16.69839 -0.073186874
p 66 206 16.385813 0.039090157
p 67 207 16.083733 0.10574055
p 67 208 15.249365 -0.26957035
p 68 209 14.863185 -0.19460297
p 69 210 14.676775 0.2312913
p 70 211 14.304047 -0.27116632
p 70 212 14.036589 -0.21216631
p 70 213 13.908719 -0.29751873
p 69 214 13.864712 0.1274538
p 68 215 13.443403 -0.56302404
p 69 216 13.257935 0.34008932
p 69 217 13.202399 0.07649374
p 68 218 13.0105095 0.090091705
p 68 219 12.858996 -0.015499115
p 67 220 12.856245 -0.23926878
p 66 221 12.741913 -0.22922802
p 66 222 12.741913 -0.101510525
p 67 223 12.51757 -0.25976753
p 66 224 12.470458 0.14570808
p 67 225 12.459567 0.12046814
p 66 226 12.288359 -0.056715965
p 65 226 12.288359 -0.12960291

c 26 91.39372
p 70 116 104.51188 0.5947609
p 71 115 104.10016 -1.5044479
p 72 115 96.68602 -8.483128
p 73 114 94.78116 -6.9085274
p 74 113 93.00713 -8.523884
p 75 112 92.2941 -7.441452
p 76 111 91.48949 -3.7988396
p 75 110 90.52829 6.604664
p 76 109 89.7601 3.0319595
p 75 108 89.378815 3.4190063
p 76 107 88.32514 0.65779877
p 77 106 87.90541 1.6187744
p 78 105 87.16815 -0.9979286
p 77 104 86.07696 2.1734695
p 78 103 84.887 0.64694977
p 79 102 83.70724 -1.1234665
p 78 101 82.43388 0.5097351
p 79 100 81.256584 -2.6290512
p 78 99 79.546814 -0.14266586
p 77 98 77.3455 0.29493332
p 78 97 75.356064 -4.4240036
p 79 96 73.0242 -4.8014984
p 80 95 69.96224 -2.6558952
p 79 94 68.8391 -5.1022873
p 78 93 67.19082 -3.1275864
p 79 92 65.94405 -8.872322
p 80 91 65.04537 -3.4327316
p 81 90 63.558907 -3.6725388
p 82 89 62.57558 -1.2967529
p 81 88 60.437305 2.7983208
p 82 87 59.54293 7.3831253
p 83 86 58.786118 3.5629616
p 84 85 58.04779 1.924263
p 85 84 57.179295 -2.2603111
p 84 83 56.17101 11.314499
p 85 82 55.22311 8.745762
p 86 81 54.18633 5.868658
p 85 80 53.05594 3.625187
p 86 79 51.808502 10.356976
p 87 78 50.330093 -8.830799
p 86 77 48.283886 3.4955025
p 85 76 46.384354 6.3130035
p 86 75 45.285954 -4.5178585
p 86 74 44.937706 -4.8928337
p 85 73 44.803787 2.6026497
p 84 72 35.57406 -4.4297886
p 83 71 33.468105 -0.018032074
p 84 70 32.681202 -2.8986416
p 85 69 31.255682 -6.226202
p 86 68 30.4758 -2.8636093
p 87 67 29.533089 -11.176337
p 86 66 27.92595 -9.1869335
p 85 65 26.637808 -4.3444996
p 84 64 25.79847 -0.05467701
p 83 63 24.953966 6.109688
p 82 62 24.139849 9.046854
p 81 61 23.365778 0.16368484
p 80 60 22.57611 0.28009796
p 79 59 21.852879 -0.048594475
p 79 58 21.21989 0.1498251
p 78 57 20.128742 -0.2615633
p 78 56 19.992746 -0.046730995
p 78 55 19.121681 -0.1573286
p 79 54 18.523531 -0.2970066
p 80 53 18.020964 -0.2784462
p 79 52 17.70736 -0.35268307
p 80 51 17.405018 0.0032749176
p 79 50 16.812658 -0.4009552
p 80 49 16.062428 -0.526001
p 81 48 15.943016 0.44211817
p 82 47 15.324358 -0.5093427
p 83 46 15.058574 0.13073015
p 84 45 14.796973 -0.4376979
p 85 45 14.796973 -0.2993574
p 86 44 14.746593 0.22579145
p 85 43 14.483778 -0.34049034
p 85 42 13.964031 -0.46963167
p 85 41 13.948601 -0.21787596
p 85 40 13.590324 -0.1434741
p 85 39 13.590324 -0.12343645
p 85 38 13.473442 -0.28599596
p 85 37 13.385546 0.068706036
p 84 36 13.154698 -0.44446516
p 83 36 13.154698 -0.014853001
p 82 36 13.118155 -0.5077901
p 81 36 13.118155 -0.71236324

c 27 60.89467
p 71 161 73.76463 -7.6092987
p 72 162 72.048775 -11.619404
p 73 163 70.414604 -3.2436295
p 72 164 68.78637 -7.0916405
p 71 165 67.00058 -3.7100334
p 72 166 61.615124 3.3762665
p 71 167 59.98885 -2.190567
p 72 168 58.161045 -5.263775
p 73 169 55.350323 -15.231928
p 72 170 53.33003 5.68581
p 73 171 51.323227 -4.5494576
p 74 172 49.891758 -5.7472725
p 75 173 48.73197 6.6701736
p 74 174 47.888996 -2.0853882
p 75 175 46.486126 7.946993
p 75 176 42.507744 0.09606552
p 74 177 39.692677 -2.196968
p 73 178 38.57178 -4.1836166
p 74 179 37.47987 7.4086113
p 73 180 36.575493 -1.5126266
p 72 181 35.59171 -3.0993977
p 73 182 34.723244 10.666069
p 72 183 34.269585 3.183323
p 73 184 33.152504 7.40777
p 72 185 32.15459 7.2859287
p 73 186 31.024874 4.9058075
p 72 187 30.221851 -3.3784008
p 71 188 29.16311 -8.534318
p 72 189 28.273903 8.066299
p 71 190 27.40309 2.4269352
p 72 191 26.538404 6.013646
p 73 192 25.680853 11.627512
p 74 193 24.88519 7.528884
p 75 194 23.998747 -0.037158966
p 76 195 22.988092 -0.020248413
p 75 196 22.349895 -0.48876953
p 74 197 21.962954 -0.26949215
p 75 198 21.396286 -0.06643963
p 74 199 20.706738 -0.16920471
p 75 200 19.92969 -0.2958355
p 74 201 19.28142 0.20751095
p 75 202 18.581423 0.11141491
p 74 203 17.951256 0.08018303
p 75 204 17.324348 -0.015735626
p 74 205 16.662985 0.060382843
p 75 206 16.3305 0.08227348
p 74 207 15.935383 0.09343338
p 75 208 15.41201 0.05613041
p 74 209 15.014955 -0.093928814
p 74 210 14.587093 -0.10889006
p 75 211 14.312554 0.07742691
p 75 212 14.07264 -0.11531639
p 74 213 13.868779 0.27776527
p 75 214 13.510178 -0.20562124
p 75 215 13.250967 0.21397305
p 76 216 13.250967 -0.05830717
p 77 216 13.203796 -0.1433034
p 78 217 13.1973 -0.022587776
p 77 218 13.12295 -0.64784193
p 76 218 12.977554 -0.637619
p 75 219 12.869965 -0.19558859
p 74 219 12.869965 0.07518053

c 28 5.4136324
p 72 41 14.011611 0.3890524
p 73 42 14.094431 -0.18420315
p 74 43 14.365584 -0.0387578
p 74 44 14.554407 -0.0705719
p 73 45 15.073214 0.29502583
p 74 46 15.188148 -0.53959465
p 74 47 15.326627 -0.26142406
p 75 48 15.753738 0.06118965
p 74 49 16.241592 -0.2214756
p 75 50 16.699173 -0.35928726
p 76 51 17.26796 0.29195404
p 77 52 17.53245 -0.4884882
p 76 53 18.15484 0.022699356
p 75 54 18.788574 -0.08795738
p 74 55 19.425243 0.26061916

c 29 28.256401
p 81 96 72.7804 -2.8209534
p 82 97 75.54657 -1.6703339
p 83 98 77.86195 -1.6221962
p 84 99 80.565735 -1.9510117
p 85 100 82.94234 0.42653656
p 86 101 84.50696 1.6855087
p 87 102 85.442825 -1.3439941
p 88 103 86.29068 -3.6000786
p 87 104 87.57446 5.993637
p 88 105 88.8829 -0.112651825
p 87 106 90.143906 2.7010193
p 88 107 90.87161 -0.92739105
p 89 108 92.051285 -2.1209373
p 90 109 93.12829 -0.3493309
p 91 110 94.10656 -0.3802719
p 92 111 94.97387 -2.3933945
p 93 112 95.574814 -1.7526283
p 92 113 97.31587 -0.17647171
p 93 114 99.61513 -0.9464264
p 94 115 101.036804 -1.3589478

c 30 12.74382
p 81 115 102.03792 -3.7043076
p 82 114 99.91038 -2.200058
p 83 113 98.77743 -2.8492203
p 82 112 96.95577 0.5456848
p 83 111 95.639145 -3.8126411
p 84 110 94.24173 -3.344101
p 83 109 92.80506 -0.2961197
p 84 108 92.113655 -3.6222343
p 85 107 91.97025 1.8509445
p 86 106 90.35875 -0.073574066
p 87 105 89.2941 2.6436958

c 31 30.52967
p 83 151 83.911514 -3.4094925
p 84 152 82.88338 -1.8212471
p 85 153 81.12709 -2.9272957
p 86 154 79.3275 -2.5312881
p 86 155 78.77382 -1.7073822
p 87 156 71.06667 0.64944077
p 88 156 70.98575 0.30481339
p 89 156 70.98575 1.5969734
p 89 155 76.53608 -0.74230576
p 90 154 78.66432 -0.16496658
p 91 153 79.84134 2.3156548
p 92 152 80.85301 5.042881
p 93 151 81.79366 -3.4932327
p 92 150 82.66344 3.2096329
p 93 149 83.69094 2.2660408
p 92 148 84.76901 -0.6022873
p 93 147 85.8108 -7.6853256
p 94 146 86.80202 -7.1039085
p 93 145 88.06798 -13.151119
p 92 144 89.840355 -7.367054
p 91 143 98.518616 1.3285637
p 91 142 99.87095 1.4124908
p 90 141 101.51542 0.28909302

c 32 16.33916
p 84 187 29.414782 -7.139488
p 85 188 28.40268 -13.17078
p 86 189 27.473108 -9.224608
p 85 190 26.454174 10.804787
p 86 191 25.341343 8.039295
p 85 192 24.370699 7.2842913
p 86 193 23.611408 5.319852
p 87 194 22.901302 -0.20298004
p 86 195 22.376799 -0.037564278
p 87 196 21.729666 0.044460297
p 86 197 21.039751 0.1496973
p 87 198 20.172142 -0.4249611
p 87 199 19.57408 -0.003870964
p 87 200 19.418377 -0.077786446
p 86 201 18.838278 -0.094091415
p 87 202 18.275112 -0.06846237
p 86 203 17.627571 0.26194286
p 87 204 17.111143 -0.21093178
p 88 205 16.652605 -0.12792206
p 87 206 16.220581 -0.022163391
p 88 207 15.729188 -0.18487597
p 89 208 15.386545 0.11683273
p 88 209 15.048897 -0.1587596
p 87 210 14.803832 -0.4224782
p 88 211 14.725765 0.04202509
p 89 212 14.31875 0.024777412
p 90 213 13.925685 -0.20778227
p 90 214 13.542858 0.16900635
p 90 215 13.371354 -0.105321884
p 89 216 13.309783 -0.23485327
p 88 217 13.285735 0.1322813
p 88 218 13.07562 -0.14714622
p 88 219 13.07562 -0.28605556

c 33 12.319863
p 90 224 12.586731 0.02133751
p 91 223 12.655195 -0.33308077
p 91 222 12.655195 0.15612078
p 92 222 12.722765 0.06601238
p 93 221 12.78516 -0.23911095
p 93 220 12.940907 -0.09030533
p 94 219 12.953024 -0.096939564
p 93 218 13.118859 -0.1131444
p 93 217 13.210655 0.024596214
p 93 216 13.3474045 -0.3859582
p 92 215 13.444088 -0.09217548
p 92 214 13.768959 -0.08746958
p 93 213 13.878208 0.1968422
p 94 212 14.135363 -0.14990282
p 94 211 14.252145 0.029776573
p 94 210 14.514709 -0.19687986
p 93 209 14.832818 0.09656906
p 92 208 15.199858 0.016340733
p 91 207 15.459985 -0.20626593
p 92 206 16.150955 0.1350832
p 91 205 16.538605 0.030424118
p 92 204 16.812721 -0.18048573
p 92 203 17.475893 -0.21258736
p 92 202 17.94731 -0.05747223
p 93 201 18.312613 -0.1713953
p 93 200 19.153404 0.079013824
p 92 199 19.907312 -0.1355362
p 93 198 20.320976 -0.76666164
p 94 197 21.260311 0.022515297
p 93 196 21.788979 -0.05053425
p 94 195 22.366669 -0.47376537
p 95 194 23.0505 0.07653618
p 96 193 23.63799 1.4865341
p 97 193 24.436758 0.024357796
p 98 194 23.614838 -0.86426544
p 97 195 22.789793 -0.10613918
p 98 196 21.967045 -0.08002472
p 97 197 21.190578 0.14690495
p 98 198 20.380678 0.1963749
p 97 199 19.641079 -0.38636112
p 96 200 19.449766 0.70186996
p 97 201 18.425339 -0.95434284
p 98 202 17.765436 0.101382256
p 97 203 17.187325 -0.18827057
p 97 204 16.56821 -0.10095978
p 97 205 16.34476 -0.09789753
p 98 206 16.05092 -0.10937405
p 98 207 15.433457 -0.35496426
p 97 208 15.014205 0.121558666
p 98 209 14.872236 0.054537296
p 97 210 14.652868 0.03812504
p 96 211 14.209242 -0.41391706
p 97 212 14.199426 0.11475706
p 96 213 13.7750225 -0.6486244
p 95 214 13.7750225 -0.14775515
p 96 215 13.564903 0.13533592
p 96 216 13.23993 0.087114334
p 96 217 13.1823225 -0.10613775
p 97 218 13.006174 -0.01378727
p 98 219 12.936781 0.06313181
p 98 220 12.820293 -0.27470636
p 97 221 12.78835 0.0037841797
p 97 222 12.771667 0.09132862
p 97 223 12.771667 0.11172819
p 98 224 12.76253 -0.26515865
p 97 225 12.73534 0.051243782
p 98 226 12.57428 -0.0672884
p 98 227 12.434779 -0.24151897
p 97 228 12.429209 -0.21566439
p 98 229 12.387629 -0.038945198
p 97 230 12.291326 -1.0498013
p 96 231 12.291326 0.15856075
p 97 232 12.27901 -0.883646
p 98 233 12.171259 -0.26679707
p 97 234 12.156691 -0.048503876
p 98 235 12.156691 -0.2256298
p 99 235 12.116895 -0.20319748
p 100 234 12.116895 0.1704979

c 34 34.649418
p 91 33 12.833473 -0.36058378
p 92 33 12.833473 -0.4251361
p 93 34 12.833473 0.07614803
p 94 35 13.062075 -0.5626154
p 94 36 13.126482 0.023038387
p 94 37 13.199175 -0.13682556
p 94 38 13.346486 0.30919933
p 93 39 13.399388 -0.40259743
p 93 40 13.665693 -0.6063361
p 92 41 13.754366 -0.0040974617
p 92 42 14.117249 -0.3935728
p 92 43 14.22074 -0.0018253326
p 91 44 14.417218 -0.31896925
p 91 45 14.822053 -0.06341553
p 91 46 15.29133 -0.08416653
p 92 47 15.696641 -0.22427034
p 92 48 16.089924 -0.11068058
p 93 49 16.32625 -0.07841778
p 92 50 16.761673 -0.18318462
p 93 51 17.136633 -0.32954788
p 94 52 17.595385 -0.29738617
p 95 53 18.094286 -0.5125513
p 96 54 18.68509 -0.6949463
p 97 55 19.812845 -0.33454514
p 97 56 20.094568 -0.3434515
p 98 57 20.837334 0.45991802
p 97 58 21.565338 -0.112018585
p 96 59 22.203646 -0.071793556
p 97 60 23.059486 -0.37925053
p 98 61 23.918438 -0.44169903
p 97 62 24.666183 6.061927
p 98 63 25.298378 9.974746
p 97 64 26.38676 -1.249999
p 98 65 27.38659 -1.9282284
p 99 66 28.225657 -7.6871605
p 98 67 28.931297 -3.3819466
p 97 68 30.014711 -8.71895
p 96 69 30.987055 -7.3336926
p 95 70 32.131 -2.0208359
p 94 71 33.03388 -7.306015
p 95 72 34.1106 5.3541374
p 94 73 35.392303 -7.1608276
p 93 74 36.12473 -6.36948
p 92 75 37.06741 -5.8731003
p 93 76 38.16617 7.3352623
p 92 77 39.277817 0.030132294
p 93 78 40.23908 -10.506691
p 94 79 41.246677 -13.79137
p 95 80 42.533302 -15.966698
p 96 81 44.86007 -11.722654
p 95 82 46.34661 -17.741055
p 94 83 47.48289 -20.107525

c 35 62.828896
p 95 179 53.861546 -0.55293655
p 96 180 53.466843 13.280083
p 95 181 52.61674 -1.6612244
p 96 182 41.841343 15.014473
p 96 183 35.745197 5.964981
p 97 184 33.408146 -9.695852
p 98 185 32.433254 -18.430304
p 97 186 30.843756 -10.734224
p 96 187 30.042366 -5.278969
p 97 188 28.560963 0.39803886
p 96 189 27.579002 2.0386772
p 97 190 26.03726 -4.654784
p 98 191 25.468973 0.79071236
p 98 192 25.311785 3.294013
p 99 191 26.247967 -4.770543
p 100 190 27.154144 -10.73219
p 101 189 28.235483 -11.538376
p 102 188 29.33028 -6.430784
p 101 187 30.348251 2.5289688
p 102 186 31.40438 5.896509
p 101 185 32.393948 5.3467197
p 102 184 33.39825 6.1288757
p 101 183 34.41945 6.4081326
p 102 182 35.45822 3.1100063
p 101 181 36.50567 -7.8478584
p 100 180 37.543266 -15.458
p 101 179 38.592644 -6.36182
p 102 178 40.11626 -9.177284
p 101 177 40.95464 -5.3646812
p 100 176 41.89129 -7.718706
p 101 175 42.854034 7.7466583
p 100 174 43.9839 -1.2940788
p 101 173 45.040756 -8.617401
p 102 172 46.062897 -10.531458
p 101 171 47.180428 -11.439003
p 100 170 48.49516 -11.273094
p 101 169 49.774086 -13.252445
p 102 168 51.061024 -10.712172
p 101 167 52.513226 11.238983
p 102 166 53.9539 -14.665291
p 103 165 55.3542 -18.013496
p 104 164 57.361008 -8.170893
p 103 163 58.955803 -17.127651
p 102 162 60.21496 -20.05801
p 101 161 62.26877 -8.920933
p 102 160 63.9557 4.2061157
p 101 159 68.08368 0.75590897
p 102 158 70.75183 8.914829
p 101 157 74.08421 -13.753094
p 100 156 76.95185 -5.9217873
p 101 155 79.97494 3.6588783
p 100 154 82.27838 4.9627266
p 101 153 84.88834 -7.611717
p 102 152 86.803535 -7.3368835
p 103 151 88.14068 0.67358017

c 36 88.94156
p 98 29 12.49554 0.22983932
p 98 30 12.608542 -0.030776024
p 99 31 12.608542 -0.26100445
p 99 32 12.684735 -0.17965698
p 100 33 12.766772 0.11584091
p 101 34 12.766772 -0.14657736
p 100 35 12.981614 -0.031509876
p 101 36 13.077444 -0.032280445
p 100 37 13.282114 -0.001988411
p 99 38 13.402464 0.0860281
p 100 39 13.402464 -0.07006836
p 99 40 13.786729 -0.14011717
p 99 41 13.863813 -0.029716015
p 99 42 14.011468 -0.30089617
p 99 43 14.119881 -0.3029046
p 100 44 14.566793 0.3447795
p 99 45 14.646425 -0.4362607
p 100 46 14.92234 0.33806276
p 99 47 15.687758 -0.07151842
p 98 48 15.955315 -0.05332756
p 99 49 16.27154 -0.3656597
p 99 50 16.45319 -0.055929184
p 99 51 17.076252 0.23324585
p 100 52 17.660929 -0.37408924
p 101 53 18.351543 -0.24234867
p 100 54 19.262188 0.13569546
p 101 55 19.875132 -0.51066303
p 101 56 20.718174 -0.29629612
p 102 57 21.306858 0.010053635
p 102 58 22.087454 0.04151249
p 103 59 22.754192 -0.38162518
p 104 60 23.614307 -0.865325
p 104 61 24.568502 -0.29364395
p 104 62 25.547781 11.004009
p 105 63 26.54642 7.4896107
p 106 64 27.533564 3.792327
p 105 65 28.572851 1.7246075
p 106 66 29.72426 -8.328129
p 105 67 31.025175 0.9473305
p 104 68 32.602406 -9.229752
p 105 69 33.390495 3.812912
p 106 70 34.95811 -3.5247746
p 105 71 35.973454 7.8280506
p 106 72 36.862274 6.9569645
p 105 73 37.8997 11.964767
p 106 74 39.042793 -1.7894707
p 105 75 40.275997 3.5183983
p 104 76 42.295162 -0.7128105
p 105 77 43.62241 -2.2683105
p 106 78 45.206287 -2.8349075
p 107 79 46.704494 9.576988
p 108 80 48.81097 -5.274416
p 107 81 50.365433 6.717972
p 106 82 52.02063 -1.475111
p 107 83 53.708378 3.2490082
p 106 84 55.565186 2.2366219
p 105 85 56.828327 4.46035
p 104 86 59.683712 -0.38349533
p 105 87 60.531425 1.3723259
p 106 88 61.27223 -1.5694122
p 107 89 62.380245 -1.9925346
p 108 90 63.032135 2.1436653
p 109 91 64.167336 -3.6841908
p 108 92 65.320915 -2.2604408
p 107 93 66.38024 -3.949665
p 106 94 67.40258 -6.195465
p 107 95 68.53475 7.5777855
p 106 96 69.716446 -3.2133942
p 107 97 71.33643 5.468136
p 106 98 72.34291 -7.18367
p 107 99 73.43236 2.0674171
p 106 100 74.53356 -11.899853
p 105 101 75.67089 -3.9684296
p 106 102 77.37309 -10.723549
p 107 103 78.59917 -4.6015587
p 106 104 79.75146 5.4002
p 107 105 81.62214 -2.6763077
p 106 106 83.890915 2.7384987
p 107 107 85.22553 -6.0287323
p 108 108 86.58533 -11.194035
p 109 109 88.422264 -10.799572
p 110 110 91.84328 -7.92453
p 111 111 93.85481 -7.605938
p 112 112 95.906494 -8.412144
p 113 113 101.437096 -4.028141

c 37 3.3177395
p 100 227 12.280237 -0.47440243
p 101 228 12.280237 0.17702007
p 102 227 12.280237 -0.34397745
p 102 226 12.464896 0.08948326
p 102 225 12.5669155 -0.18118429
p 102 224 12.64098 -0.100693226
p 102 223 12.660577 -0.57258177
p 101 222 12.705121 0.12796116
p 101 221 12.776542 -0.08438158
p 101 220 12.830948 0.30955553
p 102 219 12.967581 -0.22084665
p 102 218 13.01163 -0.5077548
p 103 217 13.105677 0.20493174
p 103 216 13.338973 -0.23597097
p 103 215 13.338973 -0.18066978
p 103 214 13.3668165 -0.15918207
p 104 213 13.858137 0.3729272
p 105 212 13.887588 -0.1536932
p 106 212 13.895286 -0.07890701
p 107 211 13.924553 0.046881676
p 106 210 14.56448 -0.17116308
p 106 209 14.72372 -0.22667265
p 105 208 15.236276 -0.34886074
p 105 207 15.597977 0.1943469

c 38 3.7589703
p 107 51 17.497242 0.099822044
p 108 50 16.804502 -0.4692545
p 109 49 16.347319 0.042923927
p 109 48 15.87738 -0.26145935
p 110 47 15.46229 -0.22468281
p 111 46 15.170648 -0.42783022
p 112 45 14.925078 -0.09510803
p 111 44 14.650589 -0.5352988
p 110 44 14.347702 -0.57383776
p 109 43 14.123372 -0.5968056
p 109 42 13.983024 -0.15481806
p 110 41 13.983024 0.5084572
p 109 40 13.738272 -0.8329835
p 108 40 13.738272 -0.13647747

c 39 6.030905
p 107 51 17.497242 0.13617611
p 108 52 18.032576 -0.10242939
p 108 53 18.416773 -0.15854836
p 108 54 19.188807 -0.13960266
p 109 55 20.122334 0.14348125
p 110 56 20.704222 -0.36519527
p 111 57 21.665453 0.11464119
p 112 58 21.801943 -0.3968315
p 112 59 22.163044 -0.23176003
p 113 60 22.939404 0.40948105
p 112 61 23.528147 0.5135164

c 40 20.493061
p 108 184 32.916664 -6.9716816
p 109 185 31.75105 -5.7252083
p 110 186 30.950502 -6.6980305
p 111 187 30.197884 -10.919254
p 112 188 29.418371 -16.613216
p 113 189 28.790642 -15.466438
p 114 190 27.845306 2.264307
p 115 190 27.968903 -1.0967484
p 116 191 26.947826 2.6341896
p 115 192 25.885736 1.0470085
p 114 193 24.85671 5.156911
p 113 194 23.89955 -0.054312706
p 112 195 22.945972 -0.21420193
p 111 196 22.141335 0.00729084
p 110 197 21.39038 0.03863716
p 111 198 20.5896 -0.4207821
p 112 199 19.907084 -0.046289444
p 111 200 19.061007 -0.13200378
p 112 201 18.743534 -0.25908566
p 113 202 18.232569 -0.11240482
p 112 203 17.291658 -0.7063494
p 113 204 16.991665 -0.21599579
p 114 205 16.151716 -0.31993198
p 113 206 15.964905 0.022663593
p 112 207 15.541672 0.05838585
p 112 208 15.227211 0.24229383
p 113 209 14.691216 -0.26565123
p 112 210 14.691216 0.08720255
p 111 211 14.335373 0.024384499
p 111 212 14.085138 -0.039751053
p 110 213 13.969539 -0.05699873
p 111 214 13.71916 -0.19074011
p 111 215 13.479926 -0.26000118
p 112 216 13.474786 -0.035803795
p 113 217 13.306044 -0.1837182
p 112 218 13.288874 0.05662155
p 112 219 13.18503 -0.11931467
p 111 220 12.894465 -0.006067276
p 110 221 12.798959 -0.118805885
p 109 222 12.791369 -0.10852003
p 109 223 12.497358 0.00647974
p 109 224 12.497358 -0.18648338
p 109 225 12.460165 -0.4209857
p 109 226 12.423603 -0.25762415
p 110 227 12.423603 -0.06568575

c 41 88.18446
p 110 49 16.264217 -0.30686283
p 111 50 16.665068 -0.37204266
p 112 51 17.511497 -0.3729639
p 112 52 18.207077 -0.13373566
p 113 53 18.867949 0.4999714
p 114 54 19.475769 -0.052666664
p 115 55 20.247969 0.08486748
p 116 56 21.041164 -0.33044624
p 115 57 21.910753 -0.115213394
p 116 58 22.566717 -0.083530426
p 117 59 23.431753 0.7976246
p 118 60 24.303755 0.106879234
p 119 61 25.184742 0.37860203
p 120 62 26.10149 9.066783
p 121 63 27.045694 4.7130785
p 122 64 28.007908 5.1286926
p 123 65 28.989613 1.0332794
p 124 66 30.029646 -9.136408
p 125 67 31.070965 -11.566467
p 126 68 31.940935 -0.123500824
p 125 69 32.952103 -9.362087
p 124 70 34.020065 -12.324793
p 123 71 35.369198 -7.322708
p 122 72 36.36357 -6.0828667
p 123 73 37.581856 6.3848553
p 122 74 38.329716 5.567568
p 123 75 39.501644 -5.1921577
p 124 76 40.566917 -5.931555
p 123 77 41.597324 8.077763
p 124 78 42.617367 -0.52316856
p 123 79 43.66703 -9.669468
p 122 80 44.715893 -8.577274
p 121 81 45.70743 -6.87426
p 122 82 47.066944 3.6461334
p 121 83 48.11007 -11.471809
p 120 84 49.569653 -11.815506
p 119 85 50.50794 -8.078968
p 120 86 51.546288 -13.05014
p 121 87 52.47868 -16.156353
p 122 88 53.60408 -10.336685
p 123 89 54.461254 -15.692478
p 124 90 55.538822 -17.73415
p 125 91 56.58251 -18.420696
p 126 92 57.649582 -18.678814
p 127 93 58.85475 -15.837357
p 128 94 60.11429 1.2192001
p 127 95 61.540394 -16.882542
p 126 96 63.18619 -20.865154
p 125 97 64.68768 -9.986313
p 126 98 66.01366 -23.342937
p 127 99 67.1398 -23.711132
p 128 100 68.79507 -12.275677
p 127 101 70.277214 -19.634933
p 126 102 72.281105 -11.295799
p 127 103 73.9104 -16.94741
p 128 104 75.680176 -19.605816
p 129 105 77.32558 -19.483875
p 130 106 78.59592 -19.387325
p 131 107 80.088615 -17.134468
p 132 108 81.92041 -17.983593
p 133 109 84.75269 -9.222286
p 132 110 87.02774 4.484173
p 133 111 92.426544 3.876297
p 132 112 97.53218 4.6913757
p 133 113 98.730194 -10.314808
p 134 114 104.44868 -4.5384445

c 42 47.21454
p 113 152 76.247856 -4.6933327
p 114 153 74.98778 -0.012584686
p 113 154 73.805244 1.9056015
p 114 155 72.45947 -6.519287
p 115 156 70.99939 -6.3834
p 116 157 69.86383 -5.613018
p 115 158 68.71374 -6.6109505
p 114 159 67.25654 -9.104542
p 115 160 65.98709 -9.269482
p 116 161 64.708244 -1.3475876
p 117 162 63.360016 2.888771
p 116 163 61.735455 -1.3320732
p 117 164 60.365204 8.634167
p 116 165 59.14936 3.6996765
p 115 166 58.061165 0.62675476
p 114 167 56.960503 1.7504387
p 115 168 55.675827 -1.6160202
p 114 169 54.385944 -1.3122902
p 115 170 53.11227 -2.5169525
p 116 171 51.6799 2.8265038
p 117 172 50.191456 -4.9827385
p 116 173 48.82094 -0.11419678
p 117 174 47.506927 -3.0622444
p 118 175 46.43982 -2.0892334
p 119 176 44.885544 3.3986263
p 120 177 43.44882 -8.933285
p 119 178 42.033714 -2.1554184
p 118 179 40.802067 5.8576355
p 117 180 39.674923 -8.838436
p 118 181 38.671432 1.03339
p 119 182 37.744465 -2.568222
p 118 183 36.849674 6.818737
p 119 184 35.87869 8.306919
p 118 185 33.618935 4.2935677
p 117 186 32.414124 7.681175
p 116 187 31.22532 -9.044733
p 117 188 30.10539 6.313818
p 116 189 29.033318 3.6355753

c 43 26.52578
p 113 152 76.247856 0.49197388
p 114 151 78.852684 -3.4149666
p 115 150 80.9864 -4.537197
p 116 149 82.25862 -6.701832
p 117 148 83.457054 -4.813183
p 116 147 84.273 3.2962494
p 117 146 88.894356 -1.0616226
p 117 145 95.31642 2.6944885
p 117 144 95.8446 3.413597
p 118 143 96.49504 1.6196213
p 119 142 97.25381 -1.1151123
p 120 141 98.26868 -1.3113098
p 121 140 99.66444 -0.84885406
p 120 139 101.33217 -1.840538
p 119 138 102.773636 -1.8046837

c 44 4.6247272
p 121 204 17.158087 -0.28069305
p 122 205 16.63751 -0.023909569
p 123 206 16.083632 0.1323204
p 124 206 15.868604 0.14238071
p 124 207 15.868604 0.23117256
p 125 208 15.62649 -0.033812046
p 126 209 15.001955 -0.12792587
p 127 210 14.880203 0.5286422
p 126 211 14.155593 -0.43648005
p 127 212 13.895566 0.01788044
p 126 213 13.786521 -0.16647148
p 127 214 13.581681 -0.0060367584
p 127 215 13.581681 -0.124937534
p 128 216 13.455818 0.07524538
p 128 217 13.340435 -0.26645136
p 129 218 13.020121 -0.21275091
p 128 219 12.942896 -0.32774067
p 127 220 12.799049 -0.015189171
p 126 221 12.555887 -0.22664738
p 125 222 12.53336 -0.07440281
p 125 223 12.53336 -0.12518835

c 45 91.763336
p 127 207 15.884472 0.07976389
p 128 206 16.21878 -0.38672256
p 129 205 16.763279 0.073028564
p 130 204 17.30392 -0.16152382
p 131 203 17.842558 -0.12699032
p 131 202 18.413029 0.057044983
p 131 201 19.07492 0.21189785
p 130 200 19.831673 -0.026314735
p 129 199 20.575233 -0.04637623
p 130 198 21.267448 0.12125301
p 129 197 22.076565 -0.5059099
p 130 196 22.930735 -0.5730934
p 131 195 23.809114 -0.91708565
p 132 194 24.685665 -1.2578783
p 133 193 25.591398 1.0433111
p 134 192 26.535301 8.118298
p 133 191 27.49764 7.676092
p 134 190 28.4672 -1.8773355
p 133 189 29.126585 1.474987
p 134 188 30.436577 -1.7636108
p 133 187 31.432783 7.055874
p 134 186 32.454494 5.0122795
p 133 185 33.47949 9.064459
p 134 184 34.489037 9.342121
p 133 183 35.490936 2.511404
p 134 182 36.578133 -0.20794678
p 135 181 37.578777 -2.435398
p 134 180 38.648308 -0.69890404
p 135 179 39.762276 -4.2006836
p 136 178 41.12182 -3.640705
p 135 177 42.15663 10.208942
p 136 176 43.183117 -1.6206322
p 137 175 44.273678 -7.9529305
p 136 174 45.566265 2.53545
p 137 173 46.567936 -12.379871
p 138 172 47.48811 -9.505955
p 139 171 48.512386 -9.121336
p 138 170 49.614574 -11.304192
p 137 169 50.75231 -7.745182
p 136 168 51.919376 -10.079805
p 137 167 53.135677 3.2380638
p 136 166 54.531227 -12.440655
p 135 165 55.58954 -0.46667862
p 136 164 56.500507 -12.235016
p 137 163 57.845097 -15.303265
p 138 162 58.46382 -12.937492
p 139 161 59.772617 -11.947105
p 140 160 60.86305 -15.553001
p 141 159 62.062252 -10.75119
p 142 158 63.9786 -10.371595
p 141 157 65.12466 0.80762863
p 142 156 66.32987 -18.802837
p 143 155 67.67792 -15.374645
p 144 154 69.37965 -9.83226
p 143 153 70.45467 0.75029373
p 144 152 71.81146 -17.753365
p 145 151 73.26465 -9.903725
p 144 150 75.10213 -17.305618
p 143 149 77.45018 -17.196465
p 142 148 78.94139 -19.99926
p 141 147 80.09127 -9.690018
p 142 146 81.068794 0.46919632
p 141 145 82.331245 7.1102943
p 142 144 83.96805 -18.447933
p 143 143 85.992584 -18.309948
p 144 142 87.40589 -15.470699
p 145 141 92.56928 -1.0932884
p 144 140 96.14268 -11.680851
p 143 139 98.18838 -10.765194
p 142 138 102.41684 -3.1768456
p 143 137 107.647804 -2.8238182

c 46 5.513706
p 137 52 17.844122 -0.1333704
p 138 51 17.599571 0.019062996
p 139 50 16.887243 -0.25000572
p 138 49 16.46631 0.16390419
p 139 48 16.13991 -0.08328152
p 140 47 15.815167 -0.29151058
p 140 46 15.444573 -0.43139076
p 141 45 15.186575 0.2952547
p 141 44 14.722451 0.09836006
p 142 43 14.156715 -0.29925966
p 143 42 13.914768 -0.2868495
p 144 41 13.827026 0.03583622
p 144 40 13.615523 -0.1383028
p 145 39 13.56628 0.010020733
p 145 38 13.22759 -0.020062447
p 146 37 13.210521 -0.39470387
p 146 36 13.039273 0.0702672
p 146 35 12.883222 -0.16864061
p 147 34 12.883222 -0.07738018
p 147 33 12.831033 -0.12248087
p 146 32 12.732942 -0.07740879
p 147 31 12.690388 0.051089764
p 147 30 12.665245 -1.3589859E-4
p 148 29 12.504532 -0.2599759
p 147 28 12.504532 -0.061857224
p 146 27 12.445877 -0.120731354
p 145 28 12.445877 0.10965443
p 144 27 12.442589 -0.31435013
p 143 27 12.368721 -0.30781555
p 142 28 12.330416 0.13714457
p 142 27 12.330416 -0.15679026

c 47 51.764862
p 139 94 66.676315 -11.672672
p 140 93 65.07255 -16.800388
p 141 92 63.19349 -4.545288
p 140 91 61.392864 6.411022
p 141 90 60.21417 2.053463
p 140 89 58.848682 -0.8266182
p 141 88 57.29433 -16.554264
p 142 87 55.821167 -19.142826
p 143 86 54.149487 -18.465717
p 144 85 52.910778 -16.102795
p 145 84 51.525406 -15.809288
p 146 83 50.13701 -15.337547
p 147 82 48.860504 -10.64555
p 148 81 47.50224 -8.240971
p 147 80 46.11159 2.0813103
p 148 79 44.760902 1.5655861
p 147 78 43.401794 1.547493
p 148 77 42.121876 -9.398609
p 149 76 41.03449 -1.8499489
p 148 75 39.83798 5.0420914
p 149 74 38.554314 4.5632
p 148 73 37.47997 2.7094955
p 149 72 36.474438 -2.0291061
p 150 71 35.422653 -5.3399277
p 149 70 34.068096 8.351578
p 150 69 33.04819 -2.4836388
p 151 68 31.946577 -3.5262413
p 152 67 30.912966 -8.158995
p 151 66 29.921572 6.6452065
p 152 65 28.932062 -0.7623415
p 153 64 27.95004 0.018461227
p 152 63 26.956415 5.5732307
p 151 62 25.997683 5.6237526
p 150 61 25.092726 -0.007217407
p 149 60 24.176107 -0.3333254
p 148 59 23.287455 -0.15272713
p 148 58 22.334518 -0.51217556
p 147 57 21.989807 -0.19196606
p 147 56 21.149818 -0.19927216
p 146 55 20.395353 0.0069093704
p 145 54 19.630913 0.05114937
p 144 53 18.921642 -0.003148079
p 143 52 18.286352 -0.08818722
p 144 51 17.785448 -0.26881027
p 143 50 17.208162 0.025120735
p 143 49 16.357758 -0.1812563
p 143 48 16.271002 0.10386658
p 144 47 15.866728 0.056222916
p 143 46 15.405135 -0.3567195
p 142 45 14.911453 -0.40989637

c 48 1.7413778
p 140 33 12.942589 -5.722046E-4
p 141 34 12.978548 -0.20805216
p 142 35 12.978548 0.109773636
p 142 36 13.1764145 -0.36550522
p 142 37 13.257855 -0.0600729
p 142 38 13.356008 -0.2079792
p 142 39 13.567754 -0.09385252
p 142 40 13.717862 0.018851757
p 141 41 13.884361 -0.11291838
p 140 42 14.02354 -0.1797247
p 141 43 14.1903715 -0.19582129
p 140 44 14.683967 0.077703

c 49 5.181015
p 143 203 17.50134 0.07600975
p 144 204 17.010008 -0.20612144
p 143 205 16.664904 0.0911026
p 143 206 16.152853 0.080430984
p 143 207 15.801388 0.19632626
p 144 208 15.316082 0.18342543
p 145 209 14.782667 0.048467636
p 146 210 14.58742 0.37072468
p 147 211 14.191213 -0.15718651
p 148 212 14.052979 -0.27847672
p 148 213 13.736848 -0.07470417
p 148 214 13.66353 -0.094004154
p 149 215 13.539067 -0.5103369
p 150 216 13.473262 -0.06035471
p 150 217 13.349199 0.027466774
p 151 218 13.183404 0.0680089
p 150 219 13.032713 -0.0040102005
p 151 220 12.996421 -0.36485386
p 151 221 12.934979 -0.22836113
p 152 222 12.793707 -0.10192442
p 152 223 12.605227 0.036431313
p 153 224 12.584954 0.23872948
p 152 225 12.584954 -0.42353535
p 152 226 12.535055 -0.43171597
p 151 227 12.439671 -0.40697956
p 150 228 12.411356 -0.1651578
p 149 229 12.320326 -0.34776497
p 148 229 12.320326 -0.26803112

c 50 24.931395
p 143 203 17.50134 0.110809326
p 144 202 17.795982 -0.20298004
p 145 201 18.381788 -0.14671135
p 145 200 18.776182 -1.0068531
p 146 199 19.732372 0.2895527
p 146 198 20.378162 -0.09173775
p 146 197 20.378162 -0.3458376
p 147 197 20.576614 -0.06760788
p 148 196 20.850191 -0.4406004
p 148 195 21.039816 0.005270958
p 147 194 21.427662 0.24422455
p 148 193 22.071888 3.7497969
p 149 192 22.286398 4.5099773
p 148 191 23.180405 0.050127983
p 147 190 26.478905 -8.711613
p 146 189 42.432735 2.9327393

c 51 38.733536
p 149 173 52.08484 4.040695
p 150 174 51.061077 1.6398163
p 151 175 49.27226 -1.3806801
p 152 176 48.007595 1.4372978
p 153 177 46.04356 -5.137926
p 152 178 44.459763 5.4631386
p 153 179 41.53433 -4.532669
p 154 180 39.757854 -6.15625
p 155 181 37.449707 -12.5237465
p 156 182 35.526146 -15.819672
p 157 183 34.405563 -14.61384
p 158 184 33.339973 -5.966753
p 157 185 32.29215 -0.29153633
p 158 186 31.239964 1.2378502
p 157 187 30.17189 -8.039848
p 156 188 29.135887 -13.809446
p 157 189 28.248098 -6.0810184
p 158 190 27.390873 3.7722015
p 158 191 26.971497 3.2728434
p 157 192 25.98805 7.2438116
p 156 193 25.072271 7.7283554
p 155 194 24.220785 0.034031868
p 156 195 23.325615 -0.44027996
p 155 196 22.463852 -0.45244312
p 155 197 21.664406 -0.080225945
p 156 198 20.76952 0.11628628
p 156 199 20.233135 -0.3510599
p 156 200 19.448145 -0.3425417
p 155 201 18.624685 -0.036914825
p 154 202 17.924833 -0.24671459
p 153 203 17.603645 0.018748283
p 154 204 16.931902 -0.0885334
p 153 205 16.471382 -0.023781776
p 153 206 16.291443 0.07283783
p 153 207 15.546526 -0.24624777
p 153 208 15.433543 0.31020832
p 152 209 15.047377 -0.29024553
p 152 210 14.33468 -0.6361203
p 153 211 14.03327 0.26565313
p 152 212 13.919953 -0.24623013
p 151 213 13.748981 -0.24372244
p 152 214 13.589554 -0.24233866
p 153 215 13.560573 0.091367245
p 153 216 13.385895 0.055721283
p 152 217 13.351302 -0.10553312

c 52 43.416153
p 153 154 71.40675 -6.6624756
p 154 155 69.96359 -12.392475
p 155 156 68.730156 -13.119404
p 156 157 67.502235 -9.56316
p 155 158 66.059555 5.1602707
p 156 159 64.30962 -13.617054
p 157 160 62.77662 -17.266148
p 158 161 61.44991 -15.695541
p 159 162 60.134853 -7.898266
p 158 163 58.879406 -14.087135
p 157 164 57.64314 -11.851948
p 156 165 56.525177 -1.0347614
p 157 166 55.355583 -2.2999344
p 156 167 54.134995 3.9161758
p 157 168 52.87176 -10.882225
p 158 169 51.563873 -11.054047
p 159 170 50.227795 -9.546852
p 160 171 48.9574 -6.470625
p 161 172 47.798122 -7.1515827
p 160 173 46.67811 -7.6656647
p 159 174 45.558887 -3.029728
p 158 175 44.358044 -6.4686356
p 159 176 43.12177 9.06716
p 158 177 41.953644 -5.295471
p 159 178 40.91446 -7.6591644
p 160 179 39.85553 -7.860285
p 161 180 38.509464 -7.238121
p 160 181 37.385254 5.903631
p 161 182 36.29955 3.8586807
p 160 183 35.231884 7.439373
p 161 184 34.143135 7.056576
p 160 185 33.09207 3.1756744
p 161 186 32.061123 11.10232
p 160 187 31.036425 -0.7461071
p 161 188 30.015789 -5.722397
p 160 189 29.001024 -9.196659
p 159 190 27.990602 1.0215092

c 53 33.11663
p 153 154 71.40675 -8.990295
p 154 153 72.813095 -13.776535
p 155 152 74.17055 -12.836792
p 156 151 75.56199 -7.837044
p 155 150 77.101166 -13.207321
p 154 149 79.17256 -5.99844
p 155 148 80.46615 -12.855186
p 156 147 82.141815 -7.6185417
p 155 146 83.858 4.4979515
p 156 145 85.910576 -11.221844
p 157 144 87.124275 -11.554085
p 158 143 90.091995 -5.4740105
p 157 142 92.029106 3.744156
p 158 141 99.28965 -3.4509811
p 159 140 102.217514 -1.6149673
p 160 139 103.206474 -4.979965
p 161 138 104.523384 -4.925667

c 54 88.76563
p 154 115 101.96136 -7.38546
p 155 114 100.68868 -8.612698
p 156 113 98.72924 -5.5303535
p 157 112 96.98786 1.0222511
p 158 111 82.65179 -16.363522
p 159 110 80.90595 -16.876244
p 160 109 79.34436 -15.073616
p 161 108 78.26801 -7.3518524
p 160 107 77.60732 -9.076054
p 161 106 75.54339 -13.376095
p 162 105 74.24006 -13.8160095
p 163 104 73.14776 -11.984798
p 164 103 72.05718 -0.54881287
p 165 102 70.87543 -6.591278
p 164 101 69.56481 3.9641457
p 165 100 68.16778 -3.6903915
p 164 99 67.283226 -11.433807
p 163 98 65.670135 -12.834843
p 162 97 64.49685 -12.901051
p 161 96 63.35781 -7.6032143
p 160 95 62.394615 -8.004189
p 161 94 61.752224 -6.3742523
p 160 93 61.082546 -7.453377
p 159 92 59.899277 6.9518223
p 160 91 57.2333 -5.7167892
p 161 90 56.151634 -11.510345
p 162 89 54.954525 -13.931198
p 163 88 53.862923 -16.38955
p 164 87 52.92449 -8.066362
p 165 86 51.833458 -3.9128609
p 164 85 49.7596 2.717369
p 165 84 48.726406 4.4863567
p 164 83 47.674355 1.5095215
p 165 82 46.645393 -3.6456604
p 166 81 45.61784 -2.8933144
p 167 80 44.6299 -4.9995728
p 166 79 43.66776 -3.5952644
p 165 78 42.6848 -2.395996
p 164 77 41.77074 1.3653221
p 163 76 40.296852 -3.0427132
p 164 75 39.204662 7.040533
p 163 74 38.1646 3.2882519
p 164 73 37.16355 0.50686646
p 163 72 35.984653 0.32901382
p 162 71 34.91667 1.838131
p 161 70 34.01205 -0.5349102
p 162 69 33.032417 7.0804176
p 161 68 32.07906 1.6820488
p 160 67 31.133093 -11.364481
p 161 66 30.183544 -4.658743
p 162 65 29.214787 -0.32201672
p 161 64 28.207905 3.3268032
p 160 63 27.17828 5.1700716
p 159 62 26.249926 9.260174
p 158 61 25.382408 0.0037050247
p 157 60 24.308685 0.03192711
p 156 59 23.633709 -0.07886219
p 157 58 22.965672 0.080815315
p 158 57 22.16344 -0.113749504
p 157 56 21.479824 0.098296165
p 156 55 20.661444 -0.30221844
p 157 54 19.940058 -0.31442833
p 156 53 19.288513 -0.21186924
p 157 52 18.548428 -0.27287483
p 158 51 17.84944 -0.09934044
p 159 50 17.45564 -0.09888649
p 159 49 16.94993 -0.31068993
p 160 48 16.256365 -0.6182537
p 161 47 16.177418 -0.15954256
p 161 46 15.172194 -0.69679546
p 160 45 15.034643 0.046001434
p 159 44 14.734806 0.03656864
p 160 43 14.267025 -0.26222563
p 160 42 14.029731 0.020559788
p 160 41 13.65053 0.11658287
p 161 40 13.3388815 0.007606983
p 161 39 13.195727 0.14853382
p 162 39 13.195727 -0.23834181

c 55 12.383746
p 167 63 24.677952 1.0920029
p 168 62 24.4042 3.5155659
p 169 61 23.697378 -0.22043228
p 170 60 23.232193 -0.3277874
p 171 59 22.851633 -0.85741615
p 172 58 22.280807 -0.53364086
p 173 57 21.694414 -0.67719746
p 174 56 21.141241 -0.29845142
p 175 55 20.526527 -0.13636303
p 174 54 19.664213 0.09810066
p 173 53 18.866491 -0.2229433
p 173 52 18.432388 -0.27929115
p 172 51 17.709843 -0.11518288
p 173 50 17.28238 -0.33585262
p 174 49 16.690355 -0.020445824
p 175 48 16.30697 0.01663208
p 176 47 15.772317 0.17072296
p 175 46 15.135771 -0.11286402
p 176 45 14.974491 0.116396904
p 175 44 14.532137 -0.072859764
p 176 43 14.41853 0.009306431
p 176 42 14.103937 -0.3848443
p 176 41 13.890506 0.09788084
p 176 40 13.749728 0.16507912
p 175 39 13.437014 -0.24401522
p 175 38 13.366222 0.09806442
p 176 37 13.1144285 -0.058338642
p 175 36 12.949737 -0.3012085
p 175 35 12.842305 -0.29391003
p 176 34 12.713904 -0.4722643
p 177 33 12.713904 0.050290585
p 176 32 12.654997 0.21240807
p 177 31 12.552745 -0.05194521
p 178 30 12.478534 0.008125305
p 179 29 12.36483 0.08900881
p 180 28 12.294206 -0.012309551
p 181 28 12.294206 -0.018190384

c 56 39.524075
p 170 179 52.75586 -3.0133533
p 171 180 50.178703 -7.810257
p 172 181 48.537025 -5.805313
p 173 182 46.256897 -7.6698227
p 174 183 42.253 -10.339657
p 173 184 40.729958 9.964706
p 174 185 38.265533 -7.2130623
p 175 186 35.646194 -0.005264282
p 174 187 31.598806 -9.988897
p 173 188 29.833988 -9.018656
p 174 189 28.313507 0.9984398
p 173 190 26.883446 -4.175476
p 172 191 25.736736 0.14208794
p 173 192 24.666428 7.7041807
p 172 193 23.662766 2.4992151
p 173 194 22.761833 0.11085701
p 172 195 21.947412 -0.2304306
p 171 196 21.330359 0.02935505
p 170 197 20.565664 -0.33907795
p 171 198 20.1718 0.18527508
p 172 199 19.571535 -0.097257614
p 173 200 19.102886 -0.2600031
p 173 201 18.395834 -0.3007536
p 174 202 17.80892 -0.57341385
p 175 203 17.543718 -0.10044193
p 175 204 16.75541 -0.23293686
p 176 205 16.28967 0.33883667
p 175 206 15.742409 -0.11259556
p 176 207 15.575234 -0.17165089
p 177 208 15.3167515 0.0726037
p 176 209 14.886732 0.12900686
p 177 210 14.618527 -0.21447659
p 177 211 14.390218 -0.05171728
p 177 212 14.308201 -0.25176954
p 178 213 13.909362 -0.1398201
p 177 214 13.690495 -0.148664
p 176 215 13.473223 -0.08407211
p 175 216 13.396951 0.011988163
p 174 216 13.396951 -0.34512854
p 173 217 13.320004 -0.44417715
p 172 218 13.231785 0.17349482
p 171 218 13.231785 -0.077674866

c 57 83.344
p 173 146 95.3113 -4.412407
p 174 147 92.94717 -1.5520515
p 173 148 90.36242 -3.4624863
p 174 149 87.25245 -6.468628
p 175 150 85.115234 -7.877495
p 176 151 82.96036 -7.2699356
p 177 152 80.358376 -5.3677406
p 178 153 79.08468 -4.032551
p 179 154 77.266525 -3.208683
p 178 155 75.76507 0.89380646
p 179 156 74.34811 -3.4189415
p 180 157 72.862274 -3.7241402
p 179 158 71.164856 1.9818192
p 180 159 69.67622 -1.3194809
p 181 160 68.34523 -5.3756638
p 180 161 66.879234 3.2780228
p 181 162 65.396225 -0.83698654
p 182 163 63.488377 -4.141533
p 183 164 61.766006 -8.4530945
p 184 165 59.868866 -3.6350021
p 185 166 58.30508 -5.355591
p 186 167 56.751984 -3.5104637
p 187 168 55.00892 0.92772865
p 186 169 53.349857 3.473526
p 187 170 51.93794 1.6270943
p 186 171 50.523415 -1.8900032
p 185 172 49.34256 -6.959341
p 186 173 48.04768 -2.1482391
p 187 174 46.76063 -4.9817314
p 186 175 45.477825 -0.56346893
p 185 176 44.25439 -8.540096
p 186 177 43.133446 5.9189606
p 185 178 41.999714 -2.540203
p 184 179 40.782738 -3.2353477
p 185 180 39.559486 -3.4751167
p 186 181 38.5243 -1.5459538
p 187 182 37.44759 -7.0805244
p 186 183 35.8304 -1.4997787
p 185 184 34.814827 -1.248991
p 184 185 33.7017 -7.9147034
p 185 186 32.4108 -4.897068
p 186 187 31.297134 -4.612194
p 187 188 30.167824 -13.804943
p 186 189 29.049778 -9.019772
p 185 190 28.040163 -4.7187405
p 184 191 27.13692 0.19317818
p 185 192 25.833218 5.461733
p 186 193 24.83525 -0.454813
p 186 194 23.862978 -0.21882725
p 186 195 23.05175 -0.8049164
p 187 196 22.185192 -0.6975393
p 188 197 21.402348 -0.534276
p 189 198 20.73576 -0.29060745
p 189 199 19.789804 -0.011855125
p 189 200 19.17072 -0.38791275
p 188 201 18.582472 -0.06885624
p 187 202 18.11855 0.0064926147
p 188 203 17.579863 0.15186596
p 188 204 16.894855 0.1030159
p 189 205 16.46817 -0.4087019
p 190 206 16.227423 -0.1271162
p 190 207 15.465711 -0.45907354
p 189 208 15.318308 0.15037155
p 190 209 14.9037485 -0.037591457
p 189 210 14.493767 -0.111112595
p 189 211 14.465118 0.3198185
p 190 212 14.0611 -0.15038061
p 191 213 14.0611 0.031209946
p 190 214 13.644143 -0.35935926
p 191 215 13.556843 -0.2810359
p 191 216 13.186257 -0.21739626
p 192 217 13.180525 -0.07358217
p 192 218 13.099733 0.009996891
p 192 219 13.001583 -0.06401873
p 193 220 12.886293 -0.0023941994
p 192 221 12.841211 -0.03821087
p 191 222 12.753454 -0.06772566
p 192 223 12.753454 -0.41028023
p 193 223 12.68121 -0.06098318
p 194 224 12.561834 0.08061981
p 194 225 12.485656 0.1251936
p 195 226 12.419685 0.09988785
p 196 227 12.419685 0.03835821
p 196 228 12.410852 0.04820299
p 195 229 12.277959 -0.07823038
p 196 230 12.229034 -0.207654
p 195 231 12.20999 -0.26735687
p 195 232 12.1684675 -0.3308487
p 194 233 12.1684675 -0.5135164
p 194 234 12.060841 -0.46440315
p 193 235 12.055317 0.1725173
p 192 235 12.055317 0.089565754
p 191 236 12.040826 0.13067341
p 192 237 11.993832 -0.12990522
p 192 238 11.967298 0.1798687
p 193 238 11.967298 -0.11498499

c 58 22.786491
p 178 151 81.81603 -3.7895393
p 179 150 83.51798 -8.727291
p 180 149 84.87905 -9.152111
p 181 148 86.56252 -5.4920692
p 180 147 88.55686 0.14243317
p 181 146 90.6325 -8.146503
p 182 145 92.90828 -5.158993
p 183 144 94.888855 -5.4239883
p 184 143 100.58686 -0.8706093
p 185 142 101.0875 -4.97665
p 186 141 103.41813 -6.619461
p 187 140 104.60252 -3.8278809

c 59 87.7383
p 183 112 100.57091 0.6816864
p 184 111 99.59119 0.11828232
p 185 110 98.62872 1.518753
p 186 109 97.68397 2.0105438
p 187 108 96.68016 0.19560242
p 186 107 95.582954 0.36764526
p 187 106 92.1719 2.586563
p 187 105 91.017944 3.8265686
p 188 104 87.92719 6.2674904
p 189 103 85.18742 0.5880699
p 190 102 84.02525 0.19025803
p 189 101 82.93538 1.8492584
p 190 100 81.60061 3.6697578
p 189 99 80.06006 -4.076866
p 190 98 79.138245 2.5469208
p 191 97 78.20693 -4.3745003
p 190 96 77.12737 1.6367378
p 189 95 75.70307 0.950531
p 188 94 73.487404 -2.5909767
p 187 93 67.86813 -3.5207443
p 186 92 64.63851 -5.5204735
p 187 91 62.66507 4.957798
p 186 90 59.996788 1.5512695
p 186 89 53.921284 18.071442
p 187 88 51.666904 -4.7668343
p 188 87 50.456985 -5.556118
p 189 86 48.811333 -3.277111
p 190 85 47.80642 -6.065357
p 191 84 46.63435 -8.048325
p 190 83 45.680054 -7.810734
p 189 82 45.088783 -2.1664772
p 188 81 43.36678 -7.5437126
p 187 80 42.638664 -4.8996105
p 188 79 41.739357 7.6552086
p 187 78 40.884342 -2.7550087
p 186 77 40.181694 -2.5937042
p 185 76 39.348957 14.286627
p 186 75 38.257996 -1.0383015
p 187 74 37.1229 -7.8949413
p 186 73 36.164707 9.655373
p 187 72 35.252583 -4.489891
p 186 71 34.107124 -3.1056442
p 185 70 33.032906 -0.18474007
p 184 69 31.967175 -2.2004433
p 185 68 30.905088 -1.5490437
p 186 67 30.002193 -7.9513283
p 185 66 29.109823 7.640604
p 186 65 28.221745 5.931388
p 185 64 27.33496 9.352788
p 186 63 26.451904 9.672232
p 187 62 25.577349 7.5985537
p 188 61 24.710396 -0.0072832108
p 187 60 23.853943 -0.2201128
p 186 59 23.029093 -0.09906769
p 187 58 22.082855 -0.18074036
p 186 57 21.324036 0.08401775
p 187 56 20.592913 -0.2811823
p 186 55 20.187792 0.2662096
p 187 54 19.518925 -0.068146706
p 186 53 18.915133 -0.30164433
p 187 52 18.143444 0.16358662
p 187 51 17.446861 -0.6163616
p 186 50 16.845924 0.13885403
p 185 49 16.392683 -0.23045158
p 184 48 16.03555 0.15009451
p 185 47 15.377841 -0.27677345
p 185 46 15.247472 -0.13225555
p 186 45 14.8299675 -0.120212555
p 185 44 14.482861 0.039533615
p 185 43 14.245277 -0.22583246
p 185 42 13.660808 -0.34359598
p 186 41 13.660808 0.48479366
p 185 40 13.466624 -0.40360165
p 185 39 13.325617 -0.061514378
p 185 38 13.217571 -0.22392559
p 185 37 12.931893 -0.3035035
p 186 36 12.83261 -0.025253296
p 186 35 12.83261 -0.21307802

c 60 55.232372
p 192 85 47.875576 -14.800545
p 193 86 49.093884 -12.717548
p 194 87 50.338043 -7.9876957
p 193 88 52.16919 3.7325478
p 194 89 54.0495 -8.763893
p 195 90 58.316017 1.0096321
p 196 90 60.272728 1.3864326
p 197 91 62.28331 0.7154579
p 198 92 68.783615 9.188416
p 197 93 69.57629 6.829624
p 198 94 70.2771 -4.8961525
p 197 95 70.8821 2.934742
p 196 96 71.48384 -2.5992126
p 197 97 72.16109 4.8042336
p 196 98 73.418015 1.5318451
p 197 99 75.50415 -0.96077347
p 198 100 76.67059 -0.16721344
p 199 101 78.33647 -1.4914284
p 200 102 79.41652 -2.8861694
p 201 103 81.02444 -6.097149
p 202 104 81.970825 -6.877407
p 203 105 83.154205 -9.503315
p 204 106 84.956154 -3.8691063
p 205 107 88.81043 -8.933697
p 206 108 97.375046 -2.4649277
p 207 109 101.57733 1.2508392
p 208 110 103.10795 -1.0260277

c 61 3.6498528
p 192 204 16.830378 -0.25461388
p 193 205 16.5435 0.08334923
p 194 206 16.114918 -0.19208813
p 193 207 15.748463 -0.22029352
p 193 208 15.346244 -0.61701584
p 194 209 15.1471195 -0.06432629
p 194 210 14.41044 0.011715412
p 194 211 14.268644 -0.20776081
p 194 212 13.876293 -0.22449684
p 194 213 13.784833 -0.12539339
p 195 214 13.599223 0.16373253
p 194 215 13.430105 -0.31264544
p 193 216 13.180525 -0.25418806

c 62 23.94916
p 192 204 16.830378 -0.12654209
p 193 203 17.61054 -0.25217438
p 194 202 17.977877 -0.576314
p 195 201 18.91238 -0.21635723
p 195 200 19.540571 -0.068621635
p 196 199 19.867445 -0.30999088
p 197 198 20.371338 -0.4467888
p 197 197 21.320257 -0.62338734
p 196 196 22.113668 0.21215725
p 197 195 22.87383 -0.1293068
p 198 194 23.650904 0.5460186
p 199 193 24.425114 8.062855
p 200 192 25.254698 7.178645
p 201 191 26.162172 -4.1058865
p 200 190 27.198593 -5.043705
p 199 189 28.280943 -10.717258
p 198 188 29.285156 -15.654463
p 197 187 30.340822 -12.929625
p 196 186 31.972609 -8.195354
p 197 185 34.57397 12.32723
p 196 184 35.085304 -6.496788
p 195 183 35.81785 -11.178743
p 196 182 40.779537 -0.2577591

c 63 3.0560007
p 197 38 13.206738 0.14642572
p 198 37 13.139823 -0.17211628
p 198 36 12.907987 -0.43877077
p 199 35 12.864579 -0.24480295
p 200 35 12.806459 -0.33995056
p 201 34 12.797311 -0.027627468
p 200 33 12.644545 -0.43401384
p 199 32 12.561357 -0.058339596
p 200 31 12.561357 -0.016612053
p 201 30 12.471413 -0.6897154
p 202 29 12.350875 -0.05150032
p 203 30 12.350875 -0.28643227
p 203 31 12.3957615 -0.09274626
p 203 32 12.541718 -0.26359415
p 204 33 12.541718 -0.17401314
p 205 34 12.644213 -0.22859383
p 204 35 12.6913595 -0.1267538
p 203 36 12.954744 0.014023304
p 203 37 13.039636 0.0513134
p 204 38 13.109191 0.14274263
p 203 39 13.1680765 -0.07776785
p 203 40 13.381422 0.023795605
p 203 41 13.826074 -0.13277912
p 203 42 13.968379 -0.02717638
p 203 43 13.978006 -0.20923138
p 202 44 14.284899 -0.017138004
p 202 45 14.396888 -0.0030879974
p 203 46 14.695135 0.2315855
p 202 47 15.081193 -0.23418522
p 202 48 15.406876 -0.11905098

c 64 91.12491
p 197 217 12.998558 -0.026953697
p 197 218 12.998558 -9.77993E-4
p 198 218 13.006522 -0.014581203
p 199 218 13.006522 0.10365152
p 200 217 13.167599 -0.42380905
p 201 216 13.245053 -0.28473282
p 202 216 13.328017 -0.007224083
p 203 215 13.475777 -0.025388718
p 203 214 13.537455 -0.3001647
p 202 213 13.996856 -0.19828033
p 202 212 14.076082 -0.10255432
p 203 211 14.259134 -0.27242804
p 204 210 14.919689 -0.40384197
p 204 209 15.1749525 -0.03889036
p 204 208 15.454438 -0.26040268
p 205 207 15.806068 0.20481491
p 204 206 16.136454 -0.39792728
p 205 205 16.755877 -0.009119034
p 206 204 17.308086 -0.0976181
p 205 203 17.739916 0.1687851
p 206 202 18.412958 -0.052200317
p 207 201 18.86017 -0.39060307
p 207 200 19.667532 -0.02598381
p 208 199 20.664795 -0.2752447
p 209 198 21.02436 0.32317066
p 209 197 21.815548 -0.37666607
p 208 196 22.585669 -1.0161476
p 207 195 23.2841 -0.8494005
p 206 194 23.87197 -0.18996048
p 207 193 24.89783 9.377448
p 206 192 25.763805 5.3263435
p 205 191 26.629572 -0.2529192
p 206 190 27.221354 -6.3092403
p 207 189 28.402256 -10.852831
p 208 188 29.813543 -13.107208
p 209 187 30.87266 -9.734003
p 208 186 31.48287 -7.440918
p 207 185 32.765903 -5.681568
p 206 184 33.746204 -5.601879
p 207 183 34.825962 11.665447
p 206 182 35.477623 3.525404
p 207 181 36.199203 6.0212
p 206 180 37.053123 5.7322197
p 207 179 37.958614 7.534546
p 206 178 38.942234 8.373953
p 207 177 40.037495 6.818203
p 206 176 41.180893 5.4820805
p 207 175 42.33884 7.7256794
p 206 174 43.47037 6.2695694
p 207 173 45.02163 9.393608
p 206 172 45.813786 2.7081623
p 207 171 47.17775 3.8964424
p 206 170 47.94717 -6.5822678
p 205 169 48.943928 -9.550896
p 204 168 53.894096 5.367609
p 205 167 53.894096 -3.183979
p 206 166 55.408295 -8.799568
p 207 165 56.745113 -7.173809
p 208 164 57.982582 -4.456703
p 209 163 59.2376 -4.7248325
p 208 162 60.99413 7.55579
p 209 161 65.64355 3.5190048
p 209 160 68.81074 0.2035904
p 208 159 70.24396 2.6637268
p 207 158 71.02839 1.018692
p 206 157 72.44373 -0.83833694
p 205 156 73.649185 -1.3905716
p 204 155 74.669754 5.9374084
p 203 154 75.45558 -5.842224
p 204 153 76.722115 -4.4011345
p 205 152 78.555145 -1.5242043
p 206 151 80.59507 -5.6435776
p 205 150 82.00348 -7.885704
p 204 149 83.047165 -11.825085
p 203 148 84.20549 -8.488235
p 204 147 86.013695 -10.188717
p 205 146 88.34873 -1.2103882
p 204 145 93.07919 1.9316368
p 204 144 94.192795 3.7654953
p 205 143 96.69675 -0.62205505
p 206 142 99.71016 -0.69428635
p 205 141 102.73197 1.9828835
p 206 140 104.12347 1.0994186

c 65 21.309181
p 198 69 33.735085 -6.9331245
p 199 68 28.178307 -16.056858
p 200 67 27.073208 -13.358801
p 201 66 26.070284 -8.718725
p 200 65 24.798563 8.032173
p 201 64 24.181032 10.70979
p 200 63 23.308405 7.4940853
p 201 62 22.52729 6.154545
p 202 61 21.825354 -0.30327225
p 202 60 21.115776 0.2532425
p 202 59 20.422941 -0.20344925
p 202 58 19.890642 -0.0796175
p 202 57 19.490349 -0.091487885
p 203 56 19.15508 -0.27689266
p 202 55 18.697428 -0.10647011
p 203 54 18.143953 -0.120658875
p 203 53 17.454447 0.2203474
p 204 52 16.97824 -0.20381069
p 205 51 16.671158 -0.2518034
p 206 50 15.945515 -0.64678574
p 207 49 15.63665 0.20911932
p 208 48 15.23311 -0.43697357
p 208 47 14.873182 -0.12207985
p 208 46 14.529065 -0.24005508
p 207 45 14.282666 0.23630762
p 208 44 14.061598 0.093845844
p 208 43 13.904091 0.23092222
p 209 42 13.747946 -0.31623983
p 209 41 13.683565 -0.065792084
p 210 40 13.365279 -0.11917639
p 210 39 13.365279 0.08646917
p 209 38 13.237441 0.06627464
p 210 37 12.969352 -0.14508486
p 210 36 12.742782 -0.09810972
p 209 35 12.599434 -0.069667816
p 210 34 12.586034 0.13235378
p 209 33 12.425904 -0.4582858
p 208 33 12.425904 -0.331995

c 66 22.424591
p 199 149 91.23929 0.08540726
p 200 150 82.62233 -8.030506
p 201 151 80.62861 -4.255127
p 200 152 79.302444 1.8741226
p 201 153 77.85758 -5.259262
p 202 154 76.32847 -6.0190697
p 203 155 75.341866 -2.300354
p 204 156 74.39088 0.24108124
p 205 157 73.34828 -0.82222366
p 206 158 71.80594 -1.7988358
p 207 159 70.349205 -1.2340851
p 208 160 68.8147 1.7975311

c 67 1.3259726
p 208 214 13.78939 -0.22722769
p 209 215 13.530202 0.04131031
p 209 216 13.4535675 0.32280397
p 210 217 13.221953 -0.022835732
p 210 218 13.212282 0.029997349
p 210 219 13.155101 -0.039101124
p 211 220 13.155101 -0.3250432
p 211 221 13.040856 -0.026696205
p 212 222 12.746862 -0.10453129
p 213 223 12.569129 -0.018736362
p 214 224 12.511031 -0.23221827
p 214 225 12.463417 -0.061875343
p 215 225 12.463417 -0.35634947

c 68 19.867462
p 209 71 32.25391 2.406557
p 210 70 31.673025 -5.1278477
p 211 69 30.191833 -10.970104
p 212 68 29.16156 -14.064743
p 213 67 28.015425 -15.742107
p 214 66 26.79613 -7.9688873
p 215 65 26.208008 -2.8313894
p 214 64 24.268072 0.78112316
p 213 63 23.577417 2.7523766
p 212 62 22.812815 10.210979
p 211 61 22.107857 -0.019469261
p 210 60 21.383165 -0.013401985
p 211 59 20.689112 -0.25035477
p 212 58 19.997948 -0.18747616
p 212 57 19.373182 0.10233307
p 213 56 18.811893 0.3304491
p 212 55 18.074942 -0.07970238
p 213 54 17.479818 0.009173393
p 212 53 17.071064 -0.38712406
p 211 52 16.700947 0.06015587
p 212 51 16.16233 -0.5376978
p 213 50 15.944083 -0.1668768
p 212 49 15.24905 -0.4968176
p 213 48 14.997893 -0.2972331
p 214 47 14.604172 0.07220173
p 215 46 14.316152 0.10380888
p 216 45 14.16673 0.029381275
p 216 44 14.028608 0.10024643
p 215 43 13.758991 -0.05162716
p 214 42 13.5628 -0.32041597
p 213 41 13.5628 0.24150753
p 214 40 13.314153 -0.21760988
p 213 39 13.161493 -0.019233704
p 214 38 12.993535 -0.35798788
p 215 37 12.824124 -0.27976894
p 216 36 12.790056 -0.09793949
p 217 35 12.6630745 0.11701155
p 217 34 12.6012745 -0.050992012
p 218 33 12.567082 -0.087240696
p 217 32 12.507247 -0.19761133
p 216 31 12.4736395 -0.48174667
p 216 30 12.386447 -0.5249944
p 215 29 12.386447 -0.08885479

c 69 48.066517
p 209 71 32.25391 -6.00239
p 210 72 33.3487 8.76515
p 209 73 33.923016 0.5150547
p 210 74 35.48347 -3.3848
p 211 75 35.985317 -9.035364
p 210 76 37.279003 9.453186
p 211 77 38.33958 0.096307755
p 210 78 39.32372 5.9619064
p 211 79 40.461777 -0.07127762
p 212 80 41.588596 -14.996075
p 213 81 42.97081 -16.819126
p 214 82 44.66939 -18.072922
p 215 83 45.98366 -18.331764
p 216 84 47.02197 -22.692253
p 217 85 48.920727 -17.569721
p 218 86 64.88897 -7.0030212
p 218 87 75.426636 -1.254818
p 219 88 77.367805 -2.308216
p 220 89 80.32043 -1.0309105

c 70 92.682884
p 217 142 104.94454 -1.9442596
p 218 143 102.46716 -2.277935
p 219 144 100.56939 0.009391785
p 218 145 98.10582 -4.009033
p 217 146 95.72223 -4.4813614
p 218 147 93.43847 -6.797451
p 219 148 91.25595 -6.2983437
p 220 149 89.527016 3.9378166
p 220 150 88.87295 -5.6669846
p 219 151 77.836754 -14.906235
p 218 152 76.24411 -5.4531937
p 219 153 73.74243 -15.564869
p 220 154 71.95956 -8.175472
p 219 155 70.262344 1.0647545
p 220 156 69.09803 1.6187096
p 219 157 67.925934 2.894638
p 220 158 67.1562 0.1758728
p 219 159 64.669044 -14.883377
p 218 160 63.209618 -9.002411
p 219 161 61.82272 -1.7556343
p 218 162 59.927246 -17.015602
p 217 163 58.74045 -5.639765
p 218 164 56.9086 -2.754486
p 217 165 55.686428 6.776043
p 218 166 54.559166 -9.092758
p 219 167 53.410633 -2.8423538
p 220 168 52.015396 -9.424561
p 219 169 51.010735 4.5095863
p 220 170 49.926704 -6.8595505
p 221 171 48.373604 -4.1263237
p 220 172 46.990654 4.9348946
p 221 173 45.779636 -5.1385612
p 222 174 44.77142 -10.705872
p 221 175 43.873947 6.340557
p 222 176 43.15056 -9.087196
p 223 177 41.951824 11.629356
p 222 178 41.009254 6.880272
p 223 179 39.95612 2.6056137
p 222 180 38.744278 -2.1130257
p 221 181 37.523636 0.9955406
p 220 182 36.563835 1.6267776
p 219 183 35.824604 -5.3028946
p 220 184 34.477608 1.3261433
p 221 185 33.372456 -4.3250294
p 220 186 32.325745 7.3035965
p 221 187 31.354364 17.089884
p 220 188 30.357616 -4.2087326
p 221 189 29.31967 7.5632896
p 220 190 28.302135 -4.861294
p 221 191 27.362267 12.583769
p 220 192 26.463333 4.1461935
p 221 193 25.586433 2.4198484
p 220 194 24.727755 -0.7959595
p 219 195 23.903267 -0.2892332
p 220 196 23.08303 -0.24719334
p 219 197 22.269743 -0.23437023
p 218 198 21.425081 0.28918457
p 217 199 20.69198 -0.014564514
p 218 200 20.107956 -0.08882809
p 219 201 19.390316 -0.35279465
p 218 202 18.690577 -0.01986599
p 217 203 18.064514 0.07003784
p 217 204 17.509878 -0.13870049
p 217 205 17.038267 -0.052758217
p 218 206 16.434496 -0.067165375
p 219 207 15.8157425 -0.5966072
p 220 208 15.526802 -0.5057106
p 220 209 14.994106 -0.06452274
p 221 210 14.642494 0.10275078
p 220 211 14.286597 -0.54487133
p 219 212 14.131899 0.2789464
p 220 213 13.682049 -0.5511761
p 221 214 13.585145 -0.13558769
p 222 215 13.417746 -0.33854342
p 223 216 13.308156 -0.21792507
p 222 217 13.098504 -0.1468172
p 223 218 13.074034 -0.20435333
p 224 219 12.993144 -0.35971594
p 225 220 12.863384 -0.11453915
p 226 220 12.693796 -0.09067726
p 227 221 12.561798 -0.1828084
p 228 222 12.507604 -0.11803007
p 227 223 12.507604 -0.057416916
p 228 224 12.413253 -0.16112423
p 229 225 12.261661 -0.16860771
p 229 226 12.261661 -0.42649984

c 71 11.946531
p 221 64 24.081022 0.26271343
p 222 63 23.380535 4.7987766
p 223 62 22.6645 0.21647072
p 223 61 21.876448 -0.41539383
p 224 60 21.212406 -0.37909126
p 225 59 20.09844 -0.7837715
p 226 58 19.610727 -0.5973873
p 227 57 19.003944 0.30828762
p 228 56 18.43658 -0.021471024
p 229 55 17.816055 -0.08683109
p 230 54 17.42628 -0.051546097
p 231 53 16.953985 -0.15619755
p 231 52 16.205786 -5.340576E-5
p 232 51 15.785517 0.11315346
p 233 50 15.330444 0.12731266
p 233 49 14.916704 -0.0697813
p 233 48 14.629208 -0.13299227
p 233 47 14.261044 -0.002646923
p 233 46 14.261044 0.015113831
p 232 45 13.94994 -0.496006
p 233 44 13.704953 -0.08543205
p 232 43 13.384842 -0.07863474
p 233 42 13.244144 -0.32882023
p 234 41 13.154964 0.1730423
p 235 41 13.07541 -0.11057472
p 236 40 12.960783 0.11991501
p 237 39 12.919872 -0.18301773
p 238 39 12.919872 -0.070794106
p 239 38 12.759428 -0.032260418
p 240 37 12.75866 -0.08503723
p 241 36 12.667527 -0.13436604
p 241 35 12.641709 0.16957188
p 240 34 12.581598 -0.103402615
p 241 33 12.373329 -0.34409332
p 240 32 12.337981 -0.15714788
p 239 31 12.194106 -0.13642645
p 239 30 12.194106 -0.5266166
p 238 29 12.192463 0.078771114
p 238 28 12.134491 -0.6246128
p 238 27 12.134491 -0.5312071

c 72 84.936386
p 223 108 97.75954 -2.0471497
p 224 107 94.7654 -4.074009
p 225 106 93.38052 -2.2459145
p 226 105 91.17984 -3.1943665
p 227 104 89.83516 -4.691387
p 228 103 88.39075 -3.7504807
p 229 102 86.819984 -3.872261
p 230 101 85.33695 -1.3033714
p 231 100 84.386314 2.4215775
p 231 99 83.934166 9.470707
p 232 98 77.02332 -0.69226456
p 233 97 74.504295 -4.43919
p 234 96 71.924355 -6.232006
p 233 95 69.68615 -2.242836
p 234 94 68.38106 -8.938671
p 235 93 66.75574 -7.3066177
p 236 92 65.55945 -2.7496376
p 237 91 63.12243 -4.215252
p 236 90 61.463554 1.0607452
p 237 89 59.937004 1.0086288
p 236 88 58.616867 -2.0672417
p 235 87 57.399242 3.8643532
p 234 86 56.349464 -0.7585068
p 235 85 55.538906 0.41674805
p 234 84 55.20926 5.6187134
p 233 83 54.347805 6.9613705
p 233 82 46.8765 0.7698746
p 232 81 45.113983 -2.9150448
p 233 80 43.21912 1.1224785
p 232 79 41.41306 4.0804977
p 233 78 39.847256 4.5221844
p 232 77 38.761005 -0.18981552
p 233 76 37.99842 -9.27721
p 234 75 36.55217 -8.543144
p 235 74 34.883083 -6.5974426
p 234 73 33.927944 -8.725304
p 233 72 32.443947 -2.3504295
p 232 71 31.112831 1.5810814
p 231 70 30.154373 -6.0243645
p 232 69 29.180737 11.128954
p 231 68 28.254972 -1.8626461
p 232 67 27.257723 -2.3035793
p 233 66 25.97084 -8.218682
p 232 65 25.132315 7.713835
p 233 64 24.188362 4.540657
p 234 63 23.410788 5.262706
p 235 62 22.615349 8.363774
p 236 61 21.820469 -0.09540367
p 237 60 20.999945 0.20461082
p 238 59 20.14223 0.13217163
p 239 58 19.226746 -0.4654436
p 240 57 18.818613 0.0687561
p 239 56 18.163158 -0.5133743
p 238 55 17.597136 -0.10610676
p 239 54 16.94377 -0.26040936
p 240 53 16.253271 -0.3325386
p 240 52 15.857574 -0.06104946
p 241 51 15.626687 0.0819993
p 241 50 14.929882 -0.1203475
p 242 49 14.657133 0.35776043
p 241 48 14.319149 0.02273035
p 241 47 14.024276 -0.24912548
p 242 46 14.024276 0.16974974
p 241 45 13.73595 -0.26575947
p 241 44 13.386679 0.20049334
p 241 43 13.2081995 -0.017169952
p 241 42 13.104201 -0.14166307
p 240 41 13.10107 -0.041582108
p 240 40 12.862085 -0.13281679
p 240 39 12.82315 -0.08269453

c 73 77.61346
p 229 152 89.66299 -1.2505836
p 230 153 87.0302 -2.0092163
p 231 154 85.17908 -3.2800293
p 230 155 83.4513 2.8364525
p 231 156 81.83773 -0.7155647
p 232 157 78.813896 -2.9024544
p 231 158 76.34003 3.8451347
p 232 159 75.30356 2.5295067
p 233 160 74.010574 1.1689568
p 233 161 70.79981 -0.909214
p 234 162 64.64333 -7.531067
p 233 163 61.46566 1.0232277
p 234 164 60.119045 2.5058365
p 233 165 58.7515 3.3017883
p 234 166 54.566704 -9.532509
p 235 167 53.21585 -12.502056
p 236 168 51.790363 -14.056576
p 237 169 50.809624 -4.3452873
p 238 170 49.787724 -8.047653
p 239 171 48.7714 -6.5439987
p 238 172 47.74529 3.4618187
p 239 173 46.683136 -5.098503
p 240 174 45.577538 -2.347536
p 239 175 44.469547 5.383301
p 240 176 43.43032 3.1054535
p 239 177 42.445232 -1.5496674
p 238 178 41.40868 -7.5418053
p 239 179 40.306522 -4.0672417
p 240 180 39.28385 -5.239252
p 239 181 38.201687 -4.3371315
p 238 182 37.087315 -5.746628
p 237 183 35.9675 -4.713688
p 236 184 34.82713 -6.5525227
p 237 185 33.69278 -3.0661488
p 238 186 32.67693 -1.5360336
p 239 187 31.67782 -2.0257187
p 240 188 30.702646 -10.105459
p 239 189 29.755535 8.165689
p 240 190 28.898691 6.788576
p 239 191 28.18685 5.82948
p 238 192 26.82324 -0.32686615
p 239 193 25.85081 5.0740395
p 238 194 24.903673 -0.43545914
p 239 195 24.031153 0.21456146
p 238 196 23.189932 -0.26247025
p 237 197 22.38429 0.1294651
p 236 198 21.616701 -0.4198475
p 235 199 20.8811 0.020914078
p 236 200 20.079548 -0.024679184
p 235 201 19.313906 0.0858593
p 236 202 18.639168 -0.49206924
p 236 203 17.963259 0.04014206
p 236 204 17.146482 -0.27917385
p 237 205 16.878136 0.068216324
p 238 206 16.290094 0.15462685
p 239 207 15.76244 0.08307648
p 238 208 15.237377 0.018704414
p 239 209 15.044243 -0.17344856
p 240 210 14.527022 -0.3085251
p 241 211 14.260805 0.07099533
p 240 212 14.0615425 0.1857481
p 239 213 13.764974 -0.13128662
p 238 214 13.348268 -0.18168068
p 239 215 13.348268 -0.10278988
p 240 216 13.10611 0.04478407
p 240 217 12.972169 0.015877724
p 239 218 12.797374 -0.01432991
p 240 219 12.773943 -0.30655098
p 240 220 12.636442 0.0345335
p 240 221 12.617927 -0.3028512
p 239 222 12.617927 -0.17673588
p 240 223 12.344796 -0.25390148
p 239 224 12.322502 -0.12339115
p 239 225 12.236305 -0.053466797
p 240 226 12.163891 0.004064083
p 240 227 12.139745 -0.23386383
p 239 228 12.123839 -0.11073446
p 240 229 12.110497 -0.182127
p 241 229 12.049531 -0.19193363
p 242 229 12.049531 -0.106462955

c 74 20.803986
p 229 152 89.66299 -0.7309265
p 230 151 91.66862 -2.161255
p 231 150 93.26618 -2.692688
p 231 149 97.440926 2.1130486
p 232 148 99.0122 0.13941193
p 233 147 101.59053 0.71905136
p 234 146 103.72522 1.481308
p 235 145 105.627235 0.30702972
p 236 144 107.06639 -1.3537827
p 237 143 107.82967 -0.4504013
p 236 142 108.75572 0.5543289
p 237 141 110.46697 -0.0881691

c 75 6.318142
p 231 202 18.455816 -0.0051021576
p 232 203 18.028042 0.16296005
p 233 204 17.50596 -0.30766487
p 232 205 17.005182 -0.593194
p 232 206 16.41486 -0.07085514
p 232 207 15.952697 0.11477184
p 233 208 15.478789 -0.43675232
p 233 209 15.105946 -0.2615385
p 233 210 14.865439 -0.12742376
p 232 211 14.398476 -0.07797766
p 233 212 14.053662 0.18167591
p 234 213 13.647516 -0.022990227
p 233 214 13.551144 -0.027048111
p 234 215 13.465612 -0.21030045
p 234 216 13.284576 -0.23504734
p 235 217 12.983375 -0.32842588
p 235 218 12.930747 -0.3268504
p 236 219 12.850358 -0.22972059
p 237 220 12.615658 -0.25409794
p 238 221 12.610159 -0.15786314
p 238 222 12.534674 -0.04300785
p 237 223 12.402162 -0.14114046
p 236 224 12.257695 -0.06689119
p 235 225 12.221317 -0.055448532
p 236 226 12.137674 -0.40106535
p 237 227 12.137674 -0.30654955

c 76 47.283653
p 238 168 52.03736 -11.762268
p 239 167 53.140137 -12.845299
p 240 166 54.25432 -11.717712
p 241 165 55.4316 -13.003559
p 242 164 56.64315 -10.467281
p 241 163 57.75686 -18.212875
p 240 162 58.877224 -11.136787
p 241 161 60.025166 -20.220943
p 242 160 62.21194 -21.683128
p 243 159 63.53204 -22.608475
p 244 158 64.885605 -23.287598
p 245 157 81.93805 6.3260307
p 244 156 83.5474 -1.1452675
p 245 155 85.060326 -5.1939964
p 246 154 86.90489 -1.04356
p 245 153 88.19241 -4.086323
p 244 152 88.58453 -3.975399
p 245 151 89.66832 2.0880241
p 244 150 91.01879 -2.8185234
p 245 149 92.17198 2.2933388
p 244 148 93.55446 -6.223503
p 243 147 94.74492 -8.2338295
p 242 146 96.51108 -2.315258
p 243 145 97.72558 -6.107811
p 244 144 99.321014 -2.255806

c 77 13.488592
p 243 67 26.903696 -5.5234423
p 244 66 25.969616 -6.968052
p 245 65 25.077463 -5.54296
p 244 64 24.030472 15.81159
p 245 63 22.920193 9.631718
p 246 62 21.953957 0.08658981
p 247 63 21.12561 -1.3538427
p 248 62 20.636698 6.1346445
p 249 61 19.995632 -0.60293865
p 250 60 19.465425 -0.19390869
p 251 59 18.981321 0.051711082
p 252 58 18.584951 0.1570139
p 251 57 17.68733 -0.41852474
p 252 56 17.276768 -0.18066883
p 253 55 16.824709 0.16740894
p 253 54 16.581383 -0.5792227
p 254 53 16.22244 -0.11499405
p 253 52 15.855807 -0.3060751
p 252 51 15.384355 -0.05599308
p 253 50 14.980734 0.34291267
p 253 49 14.7203865 -0.2845559
p 253 48 14.535167 -0.5176425
p 254 47 14.470224 -0.21114922
p 254 46 13.994291 -0.7572613
p 253 45 13.415104 -0.43267536
p 254 45 13.415104 -0.2545619

c 78 76.778984
p 243 67 26.903696 -5.7673655
p 244 68 28.011072 -6.336071
p 245 69 29.19467 -4.1292715
p 244 70 30.43287 13.024055
p 245 71 31.664852 -2.2729893
p 244 72 33.98596 -10.045261
p 243 73 36.244785 -12.347078
p 244 74 38.423992 -13.4814
p 245 75 41.0391 -5.9488716
p 246 76 43.443043 -6.6824856
p 245 77 46.426567 11.420811
p 246 78 48.20953 -1.2141571
p 247 79 50.130596 -6.8712883
p 248 80 56.316494 2.3569527
p 248 81 56.551197 -0.55376244
p 247 82 58.656563 -2.9982872
p 246 83 63.55921 0.5674267
p 247 84 65.62559 5.4913025
p 246 85 67.08882 3.5947723
p 245 86 68.36286 2.8903732
p 244 87 69.17027 -2.438839
p 244 88 69.44321 -1.0396156
p 244 89 69.95483 -2.0102806
p 245 90 71.29206 6.4229126
p 244 91 72.77422 -0.2928009
p 245 92 73.67992 3.6217499
p 245 93 77.874626 0.21840286
p 246 94 79.45943 -3.6503296
p 245 95 80.540794 0.56100464
p 246 96 81.7697 -0.5051117
p 247 97 82.634094 2.5938835
p 248 98 83.82737 0.24423599
p 249 99 85.14464 -0.23463058
p 250 100 86.79137 -0.04373932
p 249 101 88.572334 1.9283142
p 250 102 90.25932 1.0003929
p 251 103 91.62446 -0.4353752
p 250 104 93.67607 0.9246979
p 251 105 95.218704 1.877697
p 250 106 96.438286 -2.20409
p 249 107 97.65379 -2.31604
p 250 108 100.08927 3.0293121
p 249 109 101.59555 6.752014E-4
p 250 110 103.68268 -0.5893402

c 79 14.130409
p 243 190 26.544317 -2.87214
p 244 191 25.837202 10.959557
p 243 192 24.985136 7.138484
p 244 193 24.25541 6.639825
p 245 194 23.497557 -0.43619728
p 246 195 22.917946 -0.45395374
p 247 196 22.223711 -0.26471233
p 248 197 21.593008 -0.26948547
p 249 198 20.894857 -0.48170757
p 250 199 20.146448 -0.39054394
p 251 200 19.641447 -0.3264904
p 252 201 18.470552 -0.71091175
p 253 202 18.046932 -0.068237305
p 253 203 17.614424 -0.12866879
p 252 204 17.159325 -0.19042492
p 253 205 16.731844 -0.2682457
p 252 206 16.307205 0.26828623
p 253 207 15.577699 -0.5450659
p 254 208 15.154458 0.30626583
p 253 209 14.773266 -0.101043224
p 253 210 14.399786 -0.26487017
p 253 211 14.11925 -0.4217739
p 254 212 13.798783 -0.11209965
p 254 213 13.733307 -0.20536041
p 253 214 13.662901 0.15117264
p 252 215 13.222474 -0.33631945
p 253 216 13.035921 -0.106206894
p 253 217 12.939741 -0.2954111
p 252 218 12.876459 -0.27139378
p 251 219 12.826267 -0.11260843
p 252 220 12.751662 -0.22475767
p 253 221 12.737648 -0.5659647
p 252 222 12.549245 -0.0052571297
p 252 223 12.532568 -0.1407404
p 251 224 12.431313 -0.029984951
p 250 224 12.413908 -0.20049763
p 251 225 12.413908 -0.014224529

c 80 17.609732
p 243 190 26.544317 -10.315622
p 244 189 27.624252 -14.586493
p 245 188 28.649607 -14.84712
p 246 187 29.664654 -12.769791
p 247 186 30.688046 -12.104908
p 248 185 31.665144 -8.378096
p 249 184 32.592915 -6.6833344
p 250 183 34.46848 -4.8888283
p 249 182 35.771633 -8.410196
p 248 181 36.66038 -9.285618
p 247 180 37.476974 -5.8135242
p 248 179 38.648148 6.2191124
p 247 178 39.50221 -7.8555183
p 246 177 40.995426 -9.835228
p 247 176 41.699165 -10.357769
p 248 175 42.71488 -15.864357
p 249 174 44.15405 -16.197842

avg 35.60005
end