//fileLoc: inputData/gradient11.png
//fluxMulti: 3.0 channelCutOff: 10
//wk_fmin: 0.0 wk_fmax: 1.0
//total_mass_shift: 136.25
# 82
avgCurve 1.3228837

c 0 1.0162983
p 0 215 8.402608 -0.22622776
p 1 216 8.402608 -0.30067062
p 2 215 8.485053 -0.021706104
p 3 214 8.615739 -0.29023933
p 4 213 8.695281 -0.35898829
p 3 212 8.714948 -0.14719725
p 3 211 8.818721 -0.08092642
p 2 210 8.93663 -0.18395376
p 2 209 8.93663 -0.2376337
p 2 208 9.187497 -0.07989645
p 3 207 9.388568 -0.118929386
p 3 206 9.418906 -0.045292854

c 1 72.52644
p 1 171 80.39415 0.57102203
p 2 172 79.33868 2.6698265
p 1 173 77.890884 3.2783813
p 2 174 74.92386 2.1023598
p 1 175 74.77141 1.6770401
p 1 176 69.29227 -2.9550018
p 2 177 68.05953 4.756691
p 1 178 65.92472 6.6589127
p 2 179 64.04071 -2.155693
p 3 180 62.962326 -1.4589081
p 2 181 60.374588 0.6479683
p 3 182 57.504578 4.7662582
p 2 183 53.43489 -2.9962654
p 3 184 49.420208 -4.797222
p 4 185 45.862534 -7.17774
p 3 186 43.35531 3.9261208
p 4 187 39.960693 -9.475784
p 5 188 21.9877 -32.08089
p 6 189 18.830961 -32.93166
p 7 190 17.587008 -25.674603
p 8 191 16.126247 -8.798444
p 9 192 15.057719 2.5669823
p 10 193 14.152689 -0.020920753
p 10 194 13.458927 -0.16420794
p 10 195 12.881003 -0.6081724
p 10 196 12.405669 -0.15414381
p 9 197 11.877043 -0.046664238
p 8 198 11.648083 -0.019860268
p 9 199 11.3586235 -0.0927887
p 10 200 10.976418 -0.040297985
p 11 201 10.742906 -0.0725255
p 10 202 10.47941 -0.41558313
p 9 203 10.238439 -0.058282852
p 10 204 9.980304 -0.29559422
p 11 205 9.757062 0.0020036697
p 10 206 9.572008 -0.013896942
p 9 207 9.364286 -0.24511671
p 9 208 9.355707 -0.12110567
p 10 209 9.107393 -0.14550018
p 11 210 9.014204 -0.05793333
p 12 211 8.801203 0.094584465
p 13 212 8.730828 0.09792614
p 13 213 8.714928 0.061906338
p 14 214 8.646476 -0.0062532425
p 13 215 8.57444 -0.12279272
p 14 216 8.5089655 -0.2595868
p 15 217 8.484646 -0.09006405
p 16 218 8.450473 0.03510475
p 17 219 8.221861 -0.0033049583
p 17 220 8.220448 0.06476784
p 16 221 8.219645 0.13523722
p 17 222 8.085255 -0.18804836
p 16 223 8.085255 -0.042081833
p 16 224 8.0524435 -0.21732378
p 17 225 8.019159 0.011947632
p 17 226 7.9457927 0.11562276
p 18 227 7.894987 0.11932564
p 17 228 7.8948984 0.19684696
p 18 229 7.8677034 -0.039821863
p 17 230 7.8677034 -0.108879566

c 2 95.08092
p 4 32 8.319863 -0.020274162
p 5 32 8.319863 -0.0136294365
p 4 33 8.336868 -0.24638033
p 4 34 8.375195 -0.23293543
p 4 35 8.43221 0.06110525
p 4 36 8.567357 -0.16544151
p 5 37 8.650956 -0.16189957
p 6 37 8.735651 -0.2405057
p 7 38 8.862363 -0.10486221
p 7 39 8.921848 -0.41438103
p 7 40 8.921848 -0.3870306
p 6 41 9.007146 0.21956873
p 7 42 9.340341 -0.116120815
p 7 43 9.75316 -0.42288208
p 6 44 9.855419 -0.30143166
p 5 45 10.364879 -0.47018528
p 5 46 10.685406 0.056580544
p 6 47 10.995169 0.0701642
p 6 48 11.556099 -0.0061006546
p 7 49 12.044014 -0.031933784
p 7 50 12.529638 0.028636456
p 7 51 13.0638485 -0.15081072
p 7 52 13.173195 -0.17244244
p 7 53 14.252088 -0.1070838
p 8 54 14.990725 0.17078543
p 7 55 15.679616 -0.024132729
p 6 56 16.392 -0.16710567
p 7 57 17.204454 0.062238693
p 6 58 18.016579 -0.18574429
p 6 59 18.836712 0.16204357
p 6 60 19.67738 -4.5013428E-4
p 7 61 20.532072 -0.41305637
p 7 62 21.346222 -0.31348896
p 7 63 22.14672 5.005007
p 6 64 23.136951 -4.3796663
p 7 65 24.236023 -14.453541
p 8 66 25.239899 -16.56622
p 9 67 26.156588 -10.550278
p 8 68 27.381826 10.828139
p 9 69 28.033457 1.2303352
p 10 70 29.136806 -16.337337
p 11 71 30.378294 -18.14892
p 12 72 31.39641 -12.6630535
p 11 73 32.263313 -16.758184
p 10 74 33.23308 -21.528107
p 9 75 34.221966 -21.896034
p 8 76 35.577766 -15.203392
p 7 77 36.203823 -14.499979
p 8 78 37.201275 -14.0145645
p 9 79 38.876663 -13.368963
p 8 80 39.351727 -12.358097
p 7 81 40.373844 -10.098248
p 8 82 41.476437 6.2855797
p 7 83 42.691544 -15.155994
p 6 84 43.882423 -18.56791
p 5 85 45.385643 -9.179676
p 6 86 46.310497 -16.683426
p 7 87 47.46563 -23.37986
p 8 88 48.92179 -20.888916
p 9 89 51.34419 -10.582031
p 8 90 52.472717 -19.277851
p 7 91 53.436035 -20.715885
p 6 92 55.452522 -12.397419
p 7 93 56.375443 3.426052
p 6 94 57.65353 1.0204849
p 7 95 58.731266 -21.399555
p 8 96 60.65677 -28.943783
p 9 97 62.663094 -27.297977
p 10 98 64.46215 -27.016521
p 11 99 66.118774 -13.997826
p 10 100 67.42277 2.830986
p 11 101 69.84876 -22.420147
p 12 102 71.84168 -12.526058
p 11 103 74.72723 13.325157
p 12 104 75.87941 -19.755394
p 13 105 90.18589 0.07725525
p 13 106 93.84093 -3.4217873
p 12 107 96.30323 1.3862381
p 13 108 98.114075 -1.0012054
p 14 109 99.58428 -4.015259
p 15 110 100.80662 -4.293789
p 16 111 101.952965 -3.794094
p 15 112 103.40078 -3.3604012

c 3 97.84185
p 10 148 106.33053 -0.91902924
p 11 149 105.08876 -1.0945587
p 12 150 104.01376 0.40141296
p 13 151 103.033264 -0.9330559
p 12 152 101.446465 -1.5719566
p 13 153 99.85361 -3.3967743
p 14 154 97.94286 -2.3821907
p 15 155 96.39456 -3.8483276
p 16 156 94.27693 -1.9927483
p 15 157 92.61867 -1.9387627
p 14 158 90.6469 8.124538
p 14 159 84.00898 -8.36087
p 15 160 79.10288 -15.346111
p 16 161 77.21545 4.4284782
p 15 162 74.99652 -0.4818077
p 16 163 69.93679 -13.449562
p 17 164 67.44756 -21.953579
p 18 165 65.34792 -19.804623
p 19 166 63.34989 -21.483387
p 20 167 61.338814 -27.179874
p 21 168 59.296387 -13.995884
p 22 169 57.322983 -25.127087
p 23 170 55.44352 -11.989635
p 22 171 52.96451 -1.2949829
p 23 172 50.653305 -0.51569366
p 22 173 48.444115 -29.893917
p 21 174 46.60261 -28.599236
p 20 175 44.556183 -17.675453
p 21 176 42.2964 -31.928898
p 22 177 40.56158 -30.780945
p 23 178 39.00878 -30.109081
p 24 179 37.322063 -11.007315
p 23 180 35.884926 -27.884972
p 22 181 34.45492 -27.93842
p 21 182 32.991203 -13.9178505
p 22 183 30.913162 3.7590656
p 21 184 29.328247 -2.434269
p 22 185 27.828505 -23.485373
p 23 186 26.280712 -15.879734
p 24 187 25.00413 -15.807627
p 25 188 23.825123 -14.661335
p 24 189 22.519543 6.687372
p 25 190 21.191742 3.1368523
p 24 191 19.976822 -1.0969648
p 23 192 18.80273 1.0612564
p 22 193 17.67329 15.562283
p 21 194 16.59293 0.07478714
p 20 195 15.589954 -0.050177574
p 19 196 14.666599 -0.16237688
p 18 197 13.921315 0.25396156
p 17 198 13.166524 0.011759758
p 18 199 12.450616 -0.4090109
p 19 200 11.646651 -0.2591629
p 18 201 11.051203 -0.30606508
p 17 202 10.816662 0.52728033
p 16 203 10.432542 -0.20418549
p 17 204 10.077561 -0.06853914
p 17 205 9.726124 -0.03050375
p 18 206 9.565756 0.13384342
p 19 207 9.335543 -0.06990099
p 18 208 9.182496 -0.19313955
p 17 209 8.90094 0.17897558
p 17 210 8.90094 0.3638296
p 18 211 8.669762 -0.06958008
p 18 212 8.669762 0.05439663
p 17 213 8.488681 -0.10568571
p 16 214 8.488681 0.017543316

c 4 50.361526
p 11 181 61.68699 -1.0743179
p 12 182 60.292168 -5.8644867
p 13 183 59.183937 -4.9622765
p 14 184 55.444973 -5.102539
p 13 185 54.009354 5.965702
p 14 186 51.472824 0.13637161
p 15 187 49.1372 -7.854126
p 16 188 45.940006 -6.114109
p 15 189 40.221275 8.637199
p 15 190 34.46355 -13.612564
p 14 191 16.701988 -12.416754
p 13 192 14.436772 7.798562
p 14 193 13.919161 7.651474
p 15 194 13.5303755 -0.036943913
p 14 195 13.154691 -0.25110483
p 13 196 12.897553 0.104801655
p 12 197 12.21234 -0.15883303
p 12 198 11.722331 -0.11941099
p 11 199 11.325461 -0.34815788

c 5 12.708621
p 14 62 21.20518 0.047956467
p 15 61 20.29348 0.041685104
p 16 60 19.374945 -0.4662695
p 15 59 18.582296 -0.12168312
p 15 58 17.762152 0.057314873
p 15 57 16.846975 -0.30915642
p 16 56 16.398415 -0.112119675
p 17 55 15.626801 -0.7112274
p 18 54 14.900042 0.2187376
p 19 53 14.202462 0.2852788
p 20 52 13.416101 0.3627596
p 21 51 12.677844 0.05340433
p 22 50 11.9869375 0.34919882
p 23 49 11.469332 0.25862932
p 23 48 10.979932 -0.21021271
p 24 47 10.913117 -0.049960136
p 25 46 10.277451 -0.43064642
p 24 45 9.873799 0.23454905
p 24 44 9.630518 -0.06399584
p 25 43 9.487509 -0.04540348
p 25 42 9.188137 -0.03282404
p 25 41 9.073383 0.10650873
p 24 40 8.861271 -0.097029686
p 24 39 8.835038 -0.26498985
p 24 38 8.724688 -0.048925877
p 25 37 8.539512 -0.2269187
p 26 36 8.496558 0.12587738
p 27 36 8.496558 -0.21171427

c 6 87.50809
p 14 62 21.20518 14.965472
p 15 63 22.146534 2.2572193
p 16 64 23.126102 -1.3399124
p 17 65 24.134815 -5.1369724
p 16 66 25.164324 0.5452423
p 17 67 26.280052 -5.2233925
p 16 68 27.553019 -10.80925
p 15 69 28.88015 -22.001322
p 16 70 30.12026 -19.859512
p 17 71 30.675941 -18.663898
p 18 72 31.758282 -17.548363
p 19 73 32.90839 -14.036404
p 20 74 34.24532 -10.539831
p 19 75 35.89542 6.62191
p 20 76 36.917812 -7.5759697
p 19 77 37.68633 -0.48103714
p 20 78 38.548405 -12.722755
p 21 79 39.645855 -26.018755
p 22 78 41.42229 -14.403584
p 23 79 42.375755 -19.534687
p 24 80 43.657543 -12.267153
p 23 81 45.131752 -0.2766304
p 24 82 47.147217 -19.48949
p 25 83 48.39117 -11.873554
p 24 84 49.774414 2.6750069
p 25 85 51.161224 -18.099556
p 26 86 52.49712 -10.678974
p 25 87 54.182537 5.448822
p 26 88 55.300026 -16.444363
p 27 89 57.379486 -9.657915
p 26 90 58.90806 4.858288
p 27 91 60.489433 3.2685013
p 26 92 62.27728 2.5000763
p 27 93 64.11241 2.392025
p 26 94 67.8194 3.4507027
p 27 95 68.90851 -16.686657
p 28 96 70.32642 -19.499126
p 29 97 72.22708 -18.499767
p 30 98 75.283356 -7.963146
p 29 99 77.32966 -16.113071
p 28 100 79.646545 -14.563602
p 27 101 83.094 -6.781849
p 28 102 89.35148 -5.641205
p 29 103 94.69234 0.39152527
p 29 104 97.0045 -1.0235748
p 28 105 100.596054 3.1818733
p 27 106 101.42485 0.8489189
p 26 107 102.61802 -0.7473793
p 27 108 103.59785 4.1312447
p 26 109 104.32723 1.304699
p 25 110 104.80187 0.786129
p 24 111 106.04664 1.0830841
p 23 112 107.40251 -0.042568207
p 24 113 108.713264 -0.52194595

c 7 51.50094
p 22 213 8.552897 -0.03627014
p 23 214 8.493416 0.323493
p 24 215 8.410866 0.002884388
p 23 216 8.219147 0.38909626
p 22 217 8.155293 -0.35167503
p 23 218 8.110936 0.10647011
p 24 219 8.110936 -0.2079935
p 25 220 8.12341 -0.08125305
p 26 220 8.145788 -0.16050196
p 27 219 8.218754 -0.04882145
p 28 218 8.388129 -0.038485527
p 28 217 8.519663 -0.13275957
p 28 216 8.519663 0.12341595
p 28 215 8.58231 -0.08612871
p 29 214 8.608205 -0.22743559
p 29 213 8.675308 0.118115425
p 30 212 8.919327 -0.01739502
p 31 211 8.9244 -0.24149561
p 31 210 9.16429 -0.32529402
p 32 209 9.257969 -0.15722084
p 33 208 9.409329 -0.10760498
p 34 207 9.738786 -0.32954407
p 34 206 9.795091 -0.52397203
p 35 205 10.328707 0.2204094
p 34 204 10.512403 -0.25487566
p 33 203 10.753927 -0.29151392
p 32 202 11.210117 0.5807023
p 33 201 11.61169 -0.23499489
p 34 200 11.927839 -0.2523818
p 35 199 12.428764 0.23998785
p 34 198 12.75118 0.037176132
p 34 197 13.090733 -0.3539691
p 35 196 13.651609 -0.50289345
p 36 195 14.20278 -0.09416485
p 37 194 14.456125 -0.4258027
p 38 194 15.1045265 -0.07262945
p 39 193 15.880141 14.891515
p 40 192 16.774952 4.205019
p 41 191 17.91654 -7.939287
p 40 190 19.748976 -18.153294
p 41 189 29.228222 -3.2913246
p 40 188 34.390453 -26.606907
p 39 187 44.397594 -19.056118
p 38 186 51.71823 -15.910862
p 37 185 59.611874 -8.46162

c 8 12.151831
p 25 64 20.226686 15.804715
p 26 63 19.450169 6.9718323
p 27 62 18.645653 14.744314
p 28 61 17.901127 -0.13528919
p 29 61 17.156742 -0.15210629
p 30 60 16.767065 -0.41217995
p 31 59 16.511992 -0.27847862
p 30 58 15.991815 -0.24238014
p 29 57 15.479376 -0.2377634
p 29 56 15.227113 -0.36955976
p 29 55 14.808632 -0.60423565
p 28 54 14.189094 -0.051021576
p 29 53 13.710331 -0.3449359
p 30 52 12.58695 -0.009239674
p 31 51 12.397462 0.005883217
p 30 50 12.004023 0.11611128
p 31 49 11.387102 -0.5213003
p 32 48 10.647855 -0.061247826
p 33 47 10.474714 0.050903797
p 33 46 10.23626 -0.18207979
p 34 45 9.854648 0.061273575
p 34 44 9.481383 0.07033968
p 34 43 9.179744 0.046283722
p 33 42 9.179744 -0.19504356
p 33 41 9.052183 -0.11762524
p 34 40 9.052183 0.23724985
p 33 39 8.799907 -0.14303732
p 34 38 8.734575 0.092285156
p 33 37 8.589619 -0.10424852
p 32 36 8.507349 -0.31001663
p 32 35 8.495988 -0.03128338
p 33 34 8.394978 0.047157288
p 34 33 8.34463 -0.3371749
p 35 32 8.260725 -0.026876926
p 35 31 8.254041 -0.12515116
p 35 30 8.168842 0.031575203
p 35 29 8.074856 -0.2124114
p 35 28 8.074856 0.008712292
p 36 27 8.074856 -0.16088295

c 9 45.91809
p 25 64 20.226686 -0.9948101
p 26 65 21.187588 -10.493814
p 25 66 22.351753 -8.06291
p 26 67 23.622797 -18.90648
p 27 68 24.581566 -20.48051
p 28 69 25.978205 -22.84001
p 29 70 27.410099 -19.676582
p 30 71 28.869528 -17.93153
p 29 72 30.107588 -23.88004
p 28 73 33.990368 -16.174812
p 29 74 36.128143 -18.516956
p 30 75 40.710167 -10.834833
p 29 76 47.013966 8.0612335
p 30 77 52.55975 -13.705971
p 31 78 66.144775 -4.4230766

c 10 98.0693
p 25 145 106.977165 -2.0603905
p 26 146 105.95451 -1.624363
p 27 147 104.45884 -1.9928398
p 28 148 101.77381 -5.274685
p 29 149 100.13901 -4.4079056
p 30 150 98.60896 -4.5242577
p 31 151 96.72464 0.49177933
p 32 152 94.46465 -0.35263062
p 33 151 91.90421 -0.7050133
p 34 152 89.81537 -3.1872787
p 35 153 88.58996 -2.8759422
p 36 154 87.45653 -4.1748734
p 37 155 86.27666 -5.556328
p 38 156 85.325294 -5.20557
p 39 157 84.0654 -6.9367714
p 40 158 82.35481 -0.12356186
p 39 159 81.202156 -2.9043694
p 38 160 79.8851 -3.5144577
p 37 161 78.72342 -3.472187
p 36 162 77.59026 1.6048126
p 37 163 76.471725 -1.6148453
p 38 164 75.33109 -1.3633766
p 37 165 74.255356 4.263584
p 38 166 73.34241 2.2449722
p 39 167 72.32339 -1.4105988
p 40 168 71.33798 -1.6620369
p 39 169 70.41511 2.3897285
p 40 170 69.50336 2.5752296
p 41 171 68.528366 -0.54963684
p 40 172 67.47232 6.0373993
p 41 173 66.35081 6.2148933
p 42 174 65.143425 -1.2821884
p 43 175 63.909496 -1.0201263
p 44 176 62.820126 1.1921196
p 45 177 61.757362 0.91561127
p 46 178 60.593925 0.32920074
p 47 179 59.23756 0.021438599
p 48 180 57.76798 -1.6061058
p 48 181 56.860138 -2.3438034
p 49 182 47.082035 -12.239807
p 50 183 46.858574 -13.1735115
p 51 184 45.4731 -17.35165
p 52 185 44.798893 -21.267254
p 53 186 44.26153 -7.8094177
p 54 187 43.87773 1.2477283
p 53 188 43.2449 1.2872963
p 52 189 41.361088 2.2625332
p 52 190 40.439728 -3.2407665
p 53 191 26.013783 2.0507412
p 54 192 18.253014 0.9200907
p 55 193 17.274445 14.157147
p 56 194 16.647844 0.38871002
p 55 195 15.801526 0.123668194
p 54 196 14.761455 -0.62501
p 54 197 14.330881 -0.37908316
p 53 198 13.629066 -0.12216568
p 54 199 13.386698 0.29070902
p 53 200 12.720743 -0.43814754
p 52 201 12.184831 0.0070142746
p 51 202 11.729032 0.11772585
p 51 203 11.500122 -0.103878975
p 50 204 11.050825 -0.48074389
p 49 205 10.74934 0.022645473
p 50 206 10.191294 -0.27792358
p 49 207 9.939715 0.26749992
p 50 208 9.682376 0.06621647
p 49 209 9.40941 -0.019323826
p 50 210 9.241711 0.051620007
p 49 211 9.043332 0.024250984
p 50 212 8.971963 -0.21680212
p 51 212 8.907869 -0.15581703
p 52 212 8.907869 -0.50710773

c 11 4.4432545
p 34 52 12.712326 0.5364175
p 35 51 12.106318 -0.72892284
p 36 50 11.877954 0.34221697
p 37 49 11.396597 -0.41271925
p 38 48 11.024195 0.21046782
p 39 47 10.380336 -0.29484272
p 38 46 10.137401 0.1584692
p 39 45 9.787401 -0.13879251
p 39 44 9.5818405 0.04329443
p 38 43 9.37274 -0.092362404
p 37 42 9.256153 -0.20755196
p 36 41 9.104648 -0.16838932
p 37 40 9.024203 -0.19049788
p 37 39 8.839097 -0.25608492
p 38 38 8.701045 0.032830715
p 38 37 8.667684 -0.31920433
p 38 36 8.375986 -0.25500345
p 39 35 8.347178 -0.12752819
p 39 34 8.318065 -0.17654657
p 39 33 8.269072 0.011852264
p 39 32 8.269072 -0.11509943

c 12 0.7304964
p 34 212 8.858131 -0.11845064
p 35 213 8.853469 -0.007186413
p 35 214 8.771799 -0.002521038
p 34 215 8.640176 -0.072583675
p 35 216 8.542606 0.09304476
p 35 217 8.507968 -0.079442024
p 34 218 8.507968 -0.11030674
p 35 219 8.307649 -0.118896484
p 34 220 8.214219 -0.2425046
p 34 221 8.214219 -0.26327467
p 34 222 8.127635 -0.16016245
p 35 222 8.127635 -0.14429665

c 13 93.08908
p 35 116 104.945244 -5.415577
p 36 115 95.90869 -14.260284
p 37 114 94.793724 -12.259537
p 38 113 94.07849 -5.094612
p 37 112 86.18768 -7.3450584
p 38 111 84.284195 -0.77085876
p 37 110 82.63217 -1.6793938
p 38 109 80.13699 -21.425594
p 39 108 77.90982 -10.855854
p 38 107 76.3603 2.366352
p 39 106 74.746025 0.8629265
p 38 105 72.79814 -21.035252
p 37 104 71.06245 -13.586002
p 38 103 69.67609 -24.025513
p 39 102 67.82929 -25.96275
p 40 101 66.50635 -23.335201
p 41 100 65.94013 -18.461384
p 42 99 61.680225 -22.186916
p 43 98 60.425957 -19.062744
p 44 97 59.14564 -11.974131
p 43 96 57.9894 3.2455826
p 44 95 56.926636 -3.9123955
p 43 94 55.872402 -18.79372
p 42 93 54.72468 8.090454
p 43 92 52.975067 -8.575916
p 44 91 51.846466 -11.911242
p 43 90 50.695747 -22.928661
p 42 89 49.483727 -13.336708
p 43 88 48.500618 -16.579277
p 44 87 46.991283 -23.995674
p 45 86 45.74255 -18.126732
p 46 85 44.50752 -13.56233
p 45 84 43.46271 -18.391376
p 44 83 42.488216 -21.99041
p 43 82 41.33509 -20.173565
p 42 81 40.19806 -13.8651905
p 43 80 39.296642 -20.248268
p 44 79 38.51777 -22.451912
p 45 78 37.025303 -21.047703
p 46 77 36.082443 -21.19349
p 47 76 35.042442 -19.660618
p 48 75 33.924232 -6.369053
p 49 74 32.872284 -14.25153
p 48 73 31.632515 -17.945984
p 47 72 30.68138 -15.769068
p 46 71 29.829762 -15.411955
p 47 70 28.917246 -16.433134
p 48 69 27.830257 -15.939281
p 49 68 26.64541 -11.3062525
p 48 67 25.869831 -21.717354
p 47 66 24.583511 -25.532171
p 46 65 23.55766 -25.804136
p 45 64 22.52935 -7.3544006
p 44 63 21.541365 6.389928
p 43 62 20.565693 10.846151
p 42 61 19.662193 -0.5507164
p 41 60 18.885298 0.051843643
p 42 59 18.038942 -0.1317501
p 42 58 17.22514 -0.07752323
p 42 57 16.37581 0.18222427
p 41 56 15.562281 0.04777479
p 40 55 14.782063 -0.14523697
p 39 54 14.07638 0.009377956
p 40 53 13.432393 -0.036245346
p 39 52 12.83344 0.14336872
p 38 51 12.354062 0.10449982
p 37 50 11.85616 -0.011279106
p 37 51 12.352798 -0.17201042
p 37 52 12.785897 -0.002257347
p 38 53 13.459028 -0.13598394
p 38 54 14.244975 0.39537048
p 37 55 14.898702 -0.32878304
p 36 56 15.462501 0.098086834
p 37 57 16.115868 -0.031067848
p 38 58 16.862228 -0.064219475
p 39 59 17.63285 -0.19625664
p 40 60 18.422758 -0.3487444
p 41 61 19.254953 -0.082466125
p 42 62 20.096548 13.561418
p 43 63 20.947014 6.1051483
p 44 64 22.258415 -3.973155
p 43 65 23.653889 -18.597824
p 42 66 25.086748 -17.344841
p 43 67 26.940313 -22.662872

c 14 1.7448263
p 38 223 8.035874 0.18551588
p 39 223 8.035874 -0.05844164
p 40 222 8.128465 -0.06907606
p 41 221 8.170652 -0.08014107
p 42 221 8.186294 -0.48373652
p 43 221 8.197075 -0.29390764
p 44 220 8.197075 -0.075882435
p 45 219 8.273547 -0.007938385
p 44 218 8.284153 0.22094727
p 45 217 8.284153 -0.06863356
p 44 216 8.399281 0.09597731
p 45 215 8.595357 0.035899162
p 46 214 8.714189 -0.091563225
p 46 213 8.855752 0.020652771
p 47 212 8.855752 -0.14260769
p 46 212 8.876527 -0.20476055
p 45 211 8.962344 -0.44244194
p 44 210 9.137085 -0.046137333
p 43 209 9.43558 -0.28587294
p 43 208 9.780701 -0.21215963

c 15 99.33347
p 52 109 107.26244 0.37072754
p 53 108 104.74115 -1.6444931
p 54 107 102.7965 -0.8998337
p 53 106 101.3016 2.4020882
p 54 105 100.100235 0.8780823
p 53 104 99.030876 2.0147438
p 54 103 98.29595 0.5437889
p 53 102 97.45446 -0.54091644
p 53 101 96.52542 -2.9345741
p 54 100 93.70286 -2.237545
p 55 99 91.590935 -4.878273
p 56 98 89.849365 -3.440384
p 57 97 88.654175 -1.2489891
p 56 96 87.37372 -2.4321709
p 57 95 85.64635 -3.8043137
p 58 94 84.64096 -6.1041794
p 57 93 83.91523 0.9900322
p 58 92 80.20976 -5.579273
p 59 91 78.914 -6.6838646
p 60 92 77.60387 -0.99840164
p 61 91 76.58206 -0.9421501
p 62 90 75.54409 -4.3604584
p 61 89 74.095795 -0.7277565
p 62 88 72.21551 -2.4020004
p 61 87 70.960884 -7.9717216
p 60 86 69.76441 -3.909111
p 61 85 68.62013 4.4103966
p 60 84 67.39966 -2.8491745
p 59 83 66.09559 1.3463287
p 60 82 64.542534 -2.4752617
p 61 81 63.39502 -7.136757
p 62 80 62.289524 -9.06041
p 63 79 61.235744 -3.159874
p 64 78 60.337513 2.324562
p 65 77 50.97087 -4.2782803
p 64 76 50.360542 6.8048286
p 65 75 50.298584 8.0673485
p 64 74 49.787952 5.436844
p 64 73 49.725002 -7.506302
p 63 72 34.019012 -19.337015
p 62 71 33.72623 -6.198004
p 63 70 32.72923 -15.436607
p 64 69 31.89518 -6.158312
p 63 68 24.975872 -1.4361172
p 64 67 23.567562 -2.8354511
p 63 66 22.25741 -21.584335
p 62 65 20.986086 -13.593634
p 63 64 19.692009 21.162148
p 62 63 18.59907 8.1817665
p 61 62 17.657427 0.14617825
p 62 61 16.775913 -0.525157
p 61 60 16.110939 -0.82035446
p 60 59 15.579598 0.09875345
p 61 58 14.850504 -0.4098673
p 62 57 14.253124 0.09034443
p 63 56 13.670921 0.10021162
p 63 55 13.168508 -0.46724033
p 62 54 12.775042 0.0033454895
p 61 53 12.299206 -0.21487808
p 60 52 11.8723 -0.08235073
p 61 51 11.418791 -0.17778778
p 62 50 11.097196 0.051638603
p 61 49 10.78148 -0.06569481
p 62 48 10.413735 0.25487185
p 61 47 10.046269 -0.17891312
p 60 46 9.9104 -0.18230247
p 61 45 9.7426815 -0.15708113
p 61 44 9.461285 0.007890224
p 61 43 9.432659 -0.1719346
p 61 42 9.304877 -0.16391277
p 60 41 8.999887 -0.18442869
p 59 40 8.866702 -0.03228855
p 59 39 8.742984 -0.018500328
p 59 38 8.6421 -0.025903702
p 58 37 8.4321995 0.006257057
p 57 36 8.323528 -0.23049068
p 56 35 8.297455 0.09041309
p 57 34 8.258536 -0.0964489
p 58 33 8.235213 -0.15376759
p 59 32 8.232895 -0.14913416
p 59 31 8.183219 -0.34751463
p 58 30 8.060318 -0.37435055
p 57 29 7.9876447 -0.08376026
p 57 28 7.962998 0.0706625
p 58 28 7.962998 0.049838543
p 59 27 7.9289722 -0.40912747
p 60 28 7.9289722 -0.20785809

c 16 27.748497
p 52 173 69.57565 -6.4585953
p 53 174 68.23967 -0.10443878
p 54 175 66.84322 2.56139
p 55 176 65.758896 -1.6085777
p 56 177 65.26314 -2.256195
p 56 178 51.891792 -17.502686
p 55 179 50.267685 -16.701233
p 54 180 49.362843 -10.666168
p 55 181 49.103676 7.5524025
p 54 182 47.715385 -10.526512
p 55 183 46.86029 -19.138432
p 56 184 45.816906 -8.79319
p 55 185 44.794285 -8.150364
p 54 186 44.141525 3.6236916
p 55 187 43.799515 -6.8664494
p 54 188 43.549824 -7.0124435
p 53 189 41.827156 1.3769913

c 17 42.962067
p 52 173 69.57565 0.6371994
p 53 172 70.814575 -3.898323
p 54 171 71.88833 -2.5669212
p 55 170 72.94403 -3.3735924
p 54 169 74.14555 -1.5843811
p 55 168 75.38824 -4.3474693
p 56 167 76.62474 -4.6098137
p 57 166 77.94051 -4.5097427
p 56 165 79.30464 -7.353012
p 55 164 80.70358 -3.4079933
p 56 163 82.15039 1.580822
p 55 162 83.447624 -5.6434784
p 54 161 84.82791 -2.955742
p 55 160 86.24202 -5.1265907
p 56 159 87.62114 -0.9167328
p 55 158 90.47137 2.479763
p 56 157 92.139496 0.37410355
p 57 156 93.529655 -2.1318817
p 56 155 94.94759 0.31534576
p 57 154 96.37002 -0.37185287
p 56 153 97.7814 0.24859619
p 57 152 98.969826 0.6055641
p 56 151 100.904106 0.12426376
p 55 150 102.15792 -0.52869415
p 56 149 103.22861 0.24150848
p 57 148 104.28188 -0.3676796
p 56 147 105.11958 -0.033176422
p 57 146 106.261314 -1.0364265
p 58 145 107.790794 -0.37746048
p 57 144 109.43629 0.27670288
p 58 143 110.65208 0.4162445
p 57 142 111.65895 0.14113617
p 58 141 112.53772 0.24380875

c 18 59.66002
p 55 218 8.328367 0.15830946
p 56 217 8.495288 -0.1756568
p 57 216 8.665527 -0.165627
p 58 215 8.665527 -0.1872096
p 58 214 8.763531 -0.45672798
p 57 213 8.840031 -0.1387043
p 56 212 9.019832 -0.2581253
p 56 211 9.200397 -0.52776
p 56 210 9.4344635 -0.19015026
p 57 209 9.644634 -0.051809788
p 58 208 9.802185 -0.20538187
p 58 207 10.40471 0.29648733
p 57 206 10.799021 -0.28824377
p 57 205 11.321586 0.0036964417
p 56 204 11.321586 0.0071902275
p 56 203 11.965827 0.18772078
p 57 202 12.228804 -0.20726871
p 57 201 12.380378 -0.4770522
p 58 200 13.197172 -0.26858425
p 58 199 13.61155 -0.3224373
p 58 198 14.182696 -0.37567568
p 59 197 14.650868 -0.03761387
p 60 196 15.493537 0.0692091
p 61 195 15.777274 -0.55081654
p 62 194 16.42826 -0.028755665
p 63 193 16.722876 8.2067585
p 62 192 17.49717 0.55170727
p 63 191 18.507484 -5.098295
p 64 190 20.98856 -14.26997
p 63 189 31.346392 2.3804035
p 63 188 42.675625 -0.159832
p 64 187 46.809254 3.104517
p 63 186 49.67682 4.4777565
p 64 185 54.78399 6.51178
p 63 184 57.26606 -3.7809258
p 62 183 60.88012 -4.114849
p 63 182 63.788563 3.0852432
p 62 181 67.98839 -0.16635132

c 19 18.820923
p 57 158 91.49047 0.4353714
p 58 157 93.561325 -0.3733139
p 59 156 95.50323 -2.3124733
p 60 155 96.9187 -0.7325096
p 59 154 98.512566 -0.021442413
p 60 153 99.55495 0.3301506
p 59 152 100.44947 -0.22982788
p 60 151 101.62614 -0.7885208
p 61 150 102.51649 -0.087322235
p 62 149 104.167435 -0.2811966
p 63 148 105.75279 0.61276627
p 64 147 106.8455 1.1880074
p 65 146 107.65461 -0.041160583
p 66 145 108.409485 0.35242844
p 67 144 109.22615 -0.027397156
p 68 143 110.31139 -0.14975739

c 20 102.47571
p 63 218 8.482178 0.1908884
p 64 217 8.611429 0.16034603
p 65 216 8.718938 0.049472332
p 66 215 8.733037 -0.1644578
p 66 214 8.765841 -0.08016157
p 65 213 8.998315 0.009444237
p 66 212 9.282717 0.42569923
p 67 211 9.312209 -0.03750229
p 68 210 9.612935 -0.14705658
p 69 209 9.750627 -0.18049097
p 69 208 10.107741 -0.18865442
p 70 207 10.309152 -0.10071373
p 69 206 10.762612 0.03812504
p 70 205 11.18897 0.21734524
p 69 204 11.587893 -0.2161088
p 68 203 12.007298 -0.2804041
p 69 202 12.857299 -0.046072006
p 70 201 13.546609 -0.09928465
p 71 200 13.865191 -0.4768958
p 71 199 15.3538475 0.11987066
p 72 198 16.086607 -0.14439774
p 71 197 16.8424 -0.17664051
p 70 196 17.390688 -0.55270576
p 70 195 18.625267 -0.89033985
p 71 194 19.608398 -0.9094763
p 72 193 20.58827 7.395913
p 73 192 21.629288 7.892584
p 72 191 22.658482 4.1294003
p 71 190 23.765501 -8.874559
p 72 189 24.910692 1.1011295
p 71 188 26.044958 -9.22092
p 72 187 27.106035 -12.40534
p 73 186 28.229496 -10.346286
p 72 185 29.372818 8.61095
p 73 184 30.416174 3.7746038
p 72 183 31.506826 6.728324
p 73 182 32.671326 9.34939
p 72 181 33.863434 0.25367355
p 73 180 35.05855 -14.736763
p 74 179 36.264767 -9.897617
p 73 178 37.54065 1.9453659
p 74 177 38.826256 -14.594482
p 75 176 40.044315 -11.596695
p 74 175 41.196712 4.499241
p 75 174 42.346394 -7.0635586
p 76 173 43.398186 -20.63704
p 77 172 44.62451 -11.703001
p 76 171 45.741558 -2.0870972
p 77 170 47.31588 -21.91669
p 78 169 48.616844 -13.274832
p 77 168 49.882236 3.0778465
p 78 167 51.100994 -20.108616
p 79 166 52.67795 -23.480316
p 80 165 53.559616 -24.067017
p 81 164 54.5587 -24.149883
p 82 163 56.05775 -20.614971
p 83 162 57.282066 -21.250755
p 84 161 58.80751 -28.811634
p 85 160 60.56777 -26.762272
p 86 159 62.39297 -25.471039
p 87 158 63.512733 -28.06873
p 88 157 65.14057 -14.370083
p 89 156 71.82577 -22.866974
p 90 155 76.08328 -19.96405
p 91 154 80.85096 -15.067867
p 92 153 83.40887 -13.873199
p 93 152 87.18268 -7.330147
p 92 151 89.96031 2.91333
p 93 150 91.6071 -0.08299255
p 92 149 94.01669 3.8118935
p 93 148 95.93923 -8.50444
p 94 147 99.29472 -3.2009506
p 93 146 100.557106 -8.3183365
p 92 145 101.73018 -7.747326
p 91 144 104.121605 -6.548195
p 90 143 109.053085 0.05622101
p 91 142 110.957886 -0.22858429

c 21 34.229572
p 70 161 78.27755 -9.089912
p 71 162 75.13904 -15.896763
p 72 163 74.04652 -13.049282
p 73 164 72.0004 -9.92511
p 72 165 69.19123 -12.997887
p 71 166 66.81217 -7.3456154
p 72 167 61.850487 -18.47874
p 73 168 59.50238 -12.892773
p 72 169 57.06228 2.6466866
p 73 170 54.640167 -4.7999687
p 72 171 50.550407 1.0434341
p 73 172 45.739315 -29.232033
p 74 173 44.047977 -37.73173

c 22 93.718834
p 73 114 102.22351 -10.000515
p 74 113 100.73258 -11.034798
p 75 112 98.73367 -11.996441
p 76 111 96.99433 -5.9781647
p 75 110 94.44159 1.3692245
p 76 109 92.59424 0.20908356
p 75 108 91.32714 0.65473557
p 76 107 90.328804 -9.934254
p 77 106 88.704315 -11.292351
p 78 105 87.54712 -8.582935
p 77 104 86.17682 -0.008811951
p 78 103 85.04692 -10.664997
p 79 102 83.77668 -4.2812233
p 78 101 82.474075 -1.4572144
p 79 100 81.55955 -4.474739
p 78 99 79.79389 -8.257973
p 77 98 78.67726 -2.0900383
p 78 97 76.93933 -5.912758
p 77 96 75.44821 3.4154472
p 78 95 74.09117 -3.0609474
p 79 94 72.943535 3.4817505
p 79 93 72.030594 -0.25621414
p 80 92 63.8043 -7.8996773
p 81 91 50.43621 -15.415596
p 82 90 49.295235 -3.7492561
p 81 89 48.158257 -1.7457657
p 82 88 47.05382 2.4864578
p 81 87 46.038742 2.5489197
p 82 86 45.01576 -16.218128
p 83 85 43.886894 -18.974728
p 84 84 42.638714 -14.675411
p 85 83 41.3956 -9.780743
p 84 82 40.270725 3.3223305
p 85 81 39.24078 -15.790783
p 86 80 38.262997 -17.24356
p 87 79 37.184536 -14.473452
p 86 78 36.19092 -17.477512
p 85 77 35.29177 -16.24102
p 84 76 34.435978 -14.925665
p 85 75 33.524063 -15.11985
p 86 74 32.45468 -15.085741
p 85 73 31.219522 -16.781382
p 84 72 29.946434 -17.19746
p 83 71 28.722876 -7.2280855
p 84 70 27.733698 -14.0333805
p 85 69 26.851713 -19.383364
p 86 68 25.854586 -13.573441
p 87 67 24.681534 -17.980324
p 86 66 23.655596 -20.036278
p 85 65 22.667702 -18.340313
p 84 64 21.63945 -4.8091736
p 83 63 20.460234 -0.10671425
p 84 62 19.565794 9.115868
p 83 61 18.710918 0.010847092
p 84 60 17.845778 0.10163975
p 83 59 17.04495 0.009768486
p 82 58 16.279856 -0.07442379
p 81 57 15.529295 -0.19064856
p 81 56 14.821434 0.09095383
p 81 55 14.136122 -0.28707218
p 80 54 13.447576 -0.096422195
p 81 53 12.789568 -0.26070642
p 81 52 12.150649 -0.3737216
p 81 51 11.6154585 -0.22850943
p 80 50 11.202574 0.16236544
p 80 49 10.60112 -0.22159576
p 81 48 10.0771475 -0.42896032
p 80 47 10.0771475 0.3134923
p 81 46 9.814327 -0.24525261
p 81 45 9.748387 -0.15261269
p 81 44 9.536917 -0.06766033
p 81 43 9.384577 -0.2949214
p 81 42 9.265463 -0.6333523
p 80 41 9.041047 0.16340637
p 79 40 8.844696 -0.110797405
p 80 39 8.844696 0.06381321
p 79 38 8.554839 -0.082657814
p 80 37 8.504679 -0.51657677
p 79 37 8.504679 0.12347555

c 23 29.382423
p 80 94 73.27678 -7.5575333
p 81 95 74.24674 -8.166077
p 82 96 75.3037 -3.9850464
p 81 97 76.446884 -0.5079117
p 82 98 77.52221 -7.3039474
p 83 99 78.73351 -9.078552
p 84 100 79.60004 -8.134491
p 85 101 80.66947 -8.348419
p 86 102 81.856636 -8.943035
p 87 103 83.02361 -7.6524734
p 88 104 84.19847 -5.949436
p 87 105 85.35162 9.602558
p 88 106 86.60711 -7.959152
p 89 107 87.962944 -10.546764
p 90 108 90.23988 -9.380402
p 91 109 91.3608 -9.993011
p 92 110 92.35875 -12.064053
p 93 111 94.37814 -10.679935
p 94 112 96.64828 -6.820606
p 93 113 100.33974 6.4937477
p 94 114 102.6592 -4.6305313

c 24 17.831423
p 84 188 25.660656 -19.886572
p 85 189 22.05161 -30.209831
p 86 190 20.537848 -14.117403
p 85 191 19.014732 22.426674
p 86 192 18.090897 7.198138
p 87 193 17.208385 0.08534622
p 86 194 16.356594 -0.6967726
p 87 195 15.852961 -0.17345238
p 88 196 15.228957 0.054520607
p 89 197 14.864137 -0.043476105
p 88 198 14.527065 -0.118852615
p 87 199 14.032845 -0.4036622
p 86 200 13.558908 -0.16028261
p 87 201 12.854068 -0.5067477
p 88 202 12.441466 -0.12068224
p 87 203 12.085545 0.20452452
p 88 204 11.734724 -0.10041189
p 89 205 11.268128 -0.4182396
p 88 206 10.906284 -0.31325054
p 88 207 10.383861 -0.2711978
p 88 208 10.14691 -0.17670345
p 89 209 9.871979 -0.0017299652
p 88 210 9.522648 -0.010700703
p 89 211 9.371815 -0.08796644
p 90 212 9.240669 0.023871422
p 89 213 9.036872 -0.2892456
p 88 214 8.960237 -0.14724827
p 88 215 8.836532 -0.27860355
p 89 216 8.692771 -0.06275272
p 90 217 8.692771 -0.049558163
p 91 218 8.453347 0.22685957
p 90 219 8.376341 0.18989754
p 91 220 8.353084 -0.009006023
p 91 221 8.353084 -0.07187796
p 91 222 8.295717 -0.13175201
p 90 223 8.230847 -0.09199762
p 89 224 8.230847 -0.25040293
p 89 225 8.080408 -0.21345043
p 89 226 8.080408 -0.078266144
p 90 227 8.016593 -0.027120113
p 89 228 8.010779 -0.20373392
p 90 229 7.8450794 -0.077534676
p 89 230 7.829233 -0.13674164
p 89 231 7.829233 -0.36832666

c 25 42.12814
p 84 188 25.660656 -13.78625
p 85 187 28.69855 -24.658354
p 86 186 33.6391 -22.748787
p 87 185 37.985836 -15.822334
p 88 184 46.96222 1.9406967
p 88 183 53.888268 0.71032715
p 87 182 56.938293 0.59236145
p 88 181 59.509506 0.59788513
p 87 180 62.765762 -5.8493423
p 86 179 65.05077 -5.426815
p 85 178 67.788795 -5.7137146

c 26 9.584305
p 88 199 14.192768 0.06386852
p 89 198 14.564639 -0.06023693
p 90 197 15.065949 -0.19064379
p 91 196 15.63914 -0.5276432
p 92 195 16.184076 -0.6051731
p 93 194 16.6792 -0.08866215
p 94 193 17.140858 6.3862658
p 95 194 17.87857 -0.11026955
p 95 195 17.49447 8.34465E-4
p 96 196 16.604094 -0.6049776
p 95 197 15.643251 -0.6943841
p 94 198 15.045771 -0.64112043
p 93 199 14.342547 -0.9198661
p 92 200 13.586239 -0.18906021
p 93 201 13.027118 -0.4439144
p 94 202 12.3711405 -0.15683031
p 93 203 12.029473 -0.4620428
p 92 204 11.627413 -0.071847916
p 93 205 11.053776 -0.48335743
p 94 206 10.716449 -0.15612984
p 95 207 10.327234 0.055524826
p 96 208 10.043787 -0.31427097
p 95 209 9.964885 -0.10734272
p 95 210 9.573575 -0.30163527
p 95 211 9.213172 -0.08606815
p 94 212 9.077814 0.09886885
p 95 213 9.077814 -0.12762499
p 95 214 8.931759 0.027801037
p 95 215 8.699205 -0.15836573
p 96 216 8.598563 -0.34650278
p 97 216 8.598563 -0.31110907
p 98 217 8.551229 -0.0031924248
p 98 218 8.408739 -0.18262291
p 99 219 8.294266 -0.1827941
p 100 220 8.294266 -0.20487833

c 27 71.33269
p 89 40 8.871292 -0.05510378
p 90 41 8.94209 -0.2315774
p 89 42 9.192925 0.09698439
p 89 43 9.384739 -0.04161358
p 90 44 9.542885 0.07019901
p 91 45 9.642055 -0.15288067
p 92 46 9.893209 -0.09608984
p 93 47 10.263326 -0.06244278
p 92 48 10.462137 -0.33474922
p 92 49 10.734792 0.061531067
p 93 50 11.100557 0.035413265
p 94 51 11.356761 -0.22368002
p 93 52 12.006258 0.32153606
p 94 53 12.55615 -0.11925697
p 93 54 13.001624 0.034841537
p 92 55 13.610968 -0.60701895
p 93 56 14.530702 0.36289167
p 92 57 15.337986 -0.7212696
p 91 58 15.922144 -0.4541092
p 91 59 16.471907 -0.5052328
p 92 60 16.757341 -0.6642246
p 93 61 17.233093 -0.465827
p 94 61 18.052893 0.06245327
p 95 62 18.944515 13.065481
p 96 63 19.860037 1.7763338
p 97 64 20.885395 -7.547064
p 98 65 21.996374 -19.162132
p 99 66 23.132065 -12.968624
p 98 67 24.187525 -16.139734
p 97 68 25.347225 -21.612358
p 96 69 26.46525 -21.812853
p 95 70 27.824535 -17.395649
p 94 71 29.23882 -12.603248
p 95 72 31.029776 3.770893
p 94 73 32.27627 -19.931534
p 93 74 33.590687 -20.896584
p 92 75 34.897476 -12.797106
p 93 76 36.416126 5.534416
p 92 77 38.59319 0.587574
p 93 78 50.53631 -11.0186
p 94 79 60.60618 -8.126789
p 95 80 65.48519 -4.9819107
p 96 81 68.55171 -4.148525
p 95 82 72.75019 -1.035553
p 94 83 75.98143 0.5004387
p 93 84 78.32752 -0.9820671
p 92 85 80.20398 -1.1949196

c 28 30.750849
p 95 180 48.993813 -9.3101635
p 96 181 45.402115 -13.006481
p 97 182 40.75885 -11.544876
p 96 183 37.224693 1.2276039
p 97 184 34.286102 -19.041946
p 98 185 32.59679 -22.535027
p 97 186 29.306553 -18.115654
p 96 187 27.667896 -11.265463
p 97 188 25.693686 -3.8042145
p 96 189 23.50186 -3.9565964
p 97 190 22.166426 -18.986952
p 98 191 20.661171 3.4341927
p 98 192 20.09398 4.385023
p 97 193 19.144148 11.765895
p 96 194 18.242964 -0.28280926
p 96 193 18.627962 14.137239
p 97 192 19.420635 5.9120626

c 29 91.14769
p 99 191 21.13963 -11.10275
p 100 190 22.562042 -33.441772
p 101 189 23.916069 -29.79638
p 102 188 25.488235 -13.971794
p 101 187 26.425777 0.08736801
p 102 186 27.53288 7.490039
p 101 185 28.58092 3.7595797
p 102 184 29.884201 6.1036243
p 101 183 31.207376 4.129094
p 102 182 32.691906 1.3659191
p 101 181 33.82496 -25.366413
p 100 180 35.788765 -22.912195
p 101 179 37.1975 -21.682182
p 102 178 39.133324 -16.319767
p 101 177 40.3081 -20.263332
p 100 176 41.83142 -15.722092
p 101 175 42.85842 5.158718
p 100 174 44.427765 -2.1127167
p 101 173 45.67383 -24.63721
p 102 172 47.424965 -15.330887
p 101 171 48.72273 -22.3082
p 100 170 50.379883 -15.572254
p 101 169 51.53691 -22.91529
p 102 168 53.00306 -14.826027
p 101 167 54.425045 9.917725
p 102 166 57.048748 -23.967808
p 103 165 59.248035 -25.59882
p 104 164 61.360348 -9.322954
p 103 163 64.743454 -24.970821
p 102 162 67.52522 -23.087173
p 101 161 71.83574 -8.104713
p 102 160 76.013306 -13.929813
p 103 159 84.10045 0.54930115
p 102 158 84.398285 -7.8567963
p 101 157 86.31935 -3.109806
p 101 156 92.609184 -1.1353226
p 100 155 93.34489 1.4401588
p 101 154 95.23965 -2.0509644
p 102 153 97.60167 -2.979248
p 103 152 99.8842 -1.2497025
p 102 151 101.103294 -0.45640945
p 103 150 102.157906 0.34760284
p 102 149 103.319885 -2.8551369
p 101 148 105.04016 -1.6302452
p 102 147 106.399284 0.55755234
p 101 146 107.393585 -0.8493271
p 102 145 108.800446 0.60450745
p 101 144 110.10343 -0.073913574
p 102 143 111.054115 0.021530151
p 101 142 112.287315 -0.6876602

c 30 16.384804
p 104 67 24.79482 -18.567802
p 105 66 23.693476 -17.069101
p 106 65 22.647093 -13.805177
p 105 64 21.589748 20.605877
p 106 63 20.520565 6.893738
p 107 62 19.46323 -0.27370262
p 107 61 18.238424 -0.65122604
p 108 60 17.504871 -0.50225925
p 109 59 16.591284 -0.38527393
p 110 58 15.996441 -0.3406868
p 110 57 15.140662 -0.14496136
p 109 56 14.351945 0.010983467
p 110 55 13.637596 0.025006294
p 111 54 12.899386 0.06040001
p 110 53 12.250415 -0.109464645
p 110 52 11.544109 -0.23657846
p 111 51 11.149503 -0.0642333
p 111 50 10.93357 -0.11182213
p 110 49 10.582084 0.04143858
p 111 48 10.305396 -0.052438736
p 112 47 10.102925 -0.021250725
p 111 46 9.830152 -0.039420605
p 112 45 9.552987 0.008241653
p 112 44 9.481206 0.36820698
p 113 43 9.342283 -0.05878687
p 114 42 9.012375 -0.3081813
p 115 41 8.976682 -0.65642405
p 115 40 8.807096 -0.71603584
p 116 39 8.670153 0.1264453
p 116 38 8.661538 0.07601309
p 117 37 8.507473 -0.23763943
p 117 36 8.455336 -0.36097956
p 117 35 8.410016 0.08426571
p 118 35 8.410016 -0.03692484

c 31 87.6907
p 104 67 24.79482 -16.208767
p 105 68 25.968912 -10.868765
p 106 69 26.935863 -10.136569
p 105 70 28.54696 12.0429735
p 106 71 29.935843 5.087206
p 105 72 31.16005 6.2530804
p 106 73 32.84275 2.7954102
p 105 74 33.625145 -13.274296
p 104 75 34.460236 -10.177685
p 105 76 35.36772 -13.129185
p 106 77 36.81569 -21.129509
p 107 78 38.13088 -18.21408
p 108 79 40.062244 -12.304752
p 107 80 41.360294 -14.4084015
p 106 81 42.519367 -10.190329
p 107 82 43.863144 10.125729
p 106 83 44.959 -14.088409
p 105 84 46.261753 -20.473831
p 104 85 47.646637 -12.340279
p 105 86 48.950665 -11.837601
p 106 87 50.765316 -21.713024
p 107 88 52.057793 -22.112339
p 108 89 53.452087 -21.114471
p 109 90 55.01524 -11.310112
p 108 91 56.92106 -18.608402
p 107 92 59.056347 -12.287252
p 108 93 61.436417 7.0635834
p 107 94 63.704437 -16.997921
p 106 95 66.28505 -11.090225
p 107 96 69.13378 -13.316029
p 108 97 73.60001 -2.404148
p 108 98 82.82107 -1.6593437
p 107 99 89.51064 1.1283798
p 106 100 91.27216 0.54556656
p 105 101 92.442795 -0.66334534
p 106 102 93.56027 0.5295296
p 107 103 95.084946 -0.29846573
p 106 104 96.717354 2.0164757
p 107 105 98.1016 -1.1639748
p 106 106 100.50918 1.1525383
p 107 107 101.73731 -0.9967079
p 108 108 103.14554 -0.984745
p 109 109 104.248405 -0.8780136
p 110 110 106.0571 -0.119213104
p 111 111 107.41645 0.053516388
p 112 112 108.09323 -1.4835167
p 113 113 109.5306 -0.26090622
p 112 114 110.73982 0.6455231
p 113 115 112.48552 -0.2336731

c 32 2.9713383
p 105 204 11.416365 -0.111430645
p 105 205 10.847733 -0.31274176
p 105 206 10.660075 -0.029785633
p 106 207 10.384963 0.061620235
p 107 208 9.94243 -0.3636899
p 106 209 9.633506 -0.014520168
p 106 210 9.453645 -0.09574461
p 105 211 9.317626 0.15895891
p 106 212 8.955817 -0.12317991
p 107 213 8.955817 -0.24535608
p 107 214 8.887506 -0.1663289
p 108 215 8.887506 0.19151306
p 109 215 8.630032 0.08547974
p 110 216 8.463411 -0.331501
p 111 216 8.445026 0.05873394
p 112 217 8.445026 0.0035653114

c 33 22.930264
p 108 184 31.28689 -12.724068
p 109 185 28.872475 -17.943031
p 110 186 27.082748 -21.089832
p 111 187 25.942688 -23.671997
p 112 188 24.822123 -31.835274
p 113 189 23.446577 -35.49596
p 114 190 22.11307 -29.223183
p 115 191 21.17829 0.14515114
p 116 190 22.176617 16.852234
p 117 191 21.165192 0.87079525
p 118 192 20.206818 2.059905
p 119 193 19.21876 12.958226
p 120 194 18.293568 0.29623508
p 121 195 17.378195 -0.06349754
p 122 196 16.419062 -0.10289574
p 121 197 15.801773 -0.47695827
p 122 198 15.1186695 -0.4287939
p 123 199 14.431382 -0.14477682
p 124 200 13.687427 -0.28793097
p 125 201 12.946936 -0.21004868
p 125 202 12.255932 -0.7172122
p 126 203 11.880053 -0.20999861
p 126 204 11.540508 0.088665485
p 125 205 10.883755 0.09105158
p 124 206 10.030347 -0.8611913
p 123 207 9.858819 0.11079931
p 123 208 9.762301 0.11861467
p 122 209 9.581115 -0.16978455
p 122 210 9.5141325 -0.114638805
p 121 211 9.162374 -0.25924253
p 121 212 8.788418 -0.49831247
p 122 213 8.724143 0.1097579
p 121 214 8.716145 0.12694693
p 122 215 8.716145 0.2636118
p 121 216 8.516326 0.017762661
p 120 217 8.39757 0.10128641
p 119 218 8.3566265 -0.43875504
p 119 217 8.3566265 -0.07573414

c 34 26.722527
p 109 98 74.1718 -14.645901
p 110 99 76.592995 -16.925785
p 111 100 79.371056 -13.40147
p 112 101 83.13538 -14.38612
p 113 102 85.4906 -11.834145
p 114 103 88.37733 -12.315292
p 115 104 90.3954 -6.591137
p 116 103 92.64489 2.3436852
p 117 104 94.41573 -8.161045
p 118 105 96.310646 -8.440598
p 119 106 97.88013 -7.671547
p 120 107 99.441025 -6.054695
p 121 108 100.894325 -0.705719

c 35 6.498063
p 113 57 14.531978 -0.07162142
p 114 56 13.911156 -0.27467155
p 115 55 13.180408 -0.0471797
p 116 54 12.577774 -0.12063742
p 117 53 12.039346 -0.02144146
p 117 52 11.876086 0.22100163
p 118 51 11.118868 -0.33430004
p 119 50 10.770358 -0.30502653
p 120 49 10.366643 0.56025314
p 121 48 10.014189 -0.07083511
p 120 47 9.872553 -0.012309074
p 121 46 9.641249 -0.09714556
p 122 45 9.479993 0.10604286
p 123 44 9.222021 -0.092592716
p 124 43 9.027169 -0.010591984
p 123 42 8.898382 -0.2854042
p 122 41 8.710985 0.17010736
p 122 40 8.710985 0.09351778
p 121 39 8.648883 -0.07772398
p 122 38 8.598804 -0.07753563
p 123 37 8.505544 -0.27822208
p 123 36 8.3592415 -0.22068262
p 122 35 8.3592415 0.41116
p 123 34 8.287398 -0.1656971
p 123 33 8.2731285 -0.08828068
p 122 32 8.169459 -0.072444916
p 121 31 8.169459 -0.07782507
p 122 30 8.167321 0.03392458
p 123 29 8.153629 -0.14586878
p 122 28 8.10867 -0.21752882
p 121 28 8.076853 -0.50520515
p 120 27 8.045067 -0.09349251
p 119 26 8.033915 -0.013842583
p 119 25 8.033915 -0.23926401

c 36 63.641342
p 113 153 86.894264 -2.4968796
p 114 154 81.84275 -4.158798
p 113 155 79.375084 0.20516968
p 114 156 77.212814 -6.894924
p 115 157 75.7366 -2.067299
p 114 158 74.17798 -0.9357376
p 115 159 71.85558 -11.266079
p 116 160 64.59125 -18.356163
p 117 161 62.934998 -6.718338
p 116 162 61.096905 3.4498024
p 117 163 59.206497 5.022156
p 116 164 57.033867 -3.8296623
p 117 165 55.152126 3.9624214
p 116 166 53.20482 -20.383087
p 115 167 51.13222 -17.91343
p 114 168 49.55379 -8.874882
p 115 169 48.33442 -21.583084
p 116 170 47.069386 -22.29634
p 117 171 45.85224 -13.954746
p 116 172 44.539158 6.578598
p 117 173 43.319847 -19.64692
p 118 174 42.141148 -22.543835
p 119 175 41.01167 -19.36877
p 120 176 40.02461 -10.669779
p 119 177 38.758045 -17.846657
p 118 178 37.75786 -16.962082
p 117 179 36.36129 -12.296774
p 118 180 35.15329 -11.992332
p 119 181 33.828728 -12.068527
p 118 182 32.4279 7.9188194
p 119 183 30.844925 5.0566597
p 118 184 29.194511 -11.379627
p 117 185 27.732695 -13.823652
p 116 186 26.486834 -18.44601
p 117 187 25.417242 12.584807
p 116 188 24.351397 -6.2485304
p 117 189 23.252924 -10.664153

c 37 21.922554
p 113 153 86.894264 5.1167297
p 114 152 89.72385 -1.8495407
p 115 151 92.13816 -4.021595
p 114 150 93.80462 5.2726746
p 115 149 95.06416 -1.4174805
p 116 148 96.465836 0.601326
p 117 147 97.392265 -2.4179497
p 116 146 100.35261 2.279869
p 116 145 100.486565 0.31472015
p 117 144 101.540146 1.830616
p 118 143 102.56157 2.9409409
p 118 142 103.39147 3.4083633
p 119 141 104.66858 -0.6877823
p 120 140 106.12584 -0.54958344
p 121 139 107.7068 -1.0114403
p 122 138 108.81682 0.36994553

c 38 11.500826
p 116 192 20.287458 11.7613125
p 117 193 19.288202 9.885062
p 118 194 18.381536 -0.6007595
p 119 195 17.414549 -0.35656452
p 118 196 16.73078 -0.3231554
p 118 197 15.938512 -0.043661118
p 118 198 15.259411 0.055657864
p 117 199 14.526698 -0.16472292
p 117 200 13.836389 -0.1613121
p 117 201 13.319793 -0.16505814
p 117 202 12.309207 -0.0313797
p 117 203 12.095918 -0.3599105
p 117 204 11.440369 -0.22931004
p 118 205 10.912828 0.06333828
p 118 206 10.391775 -0.43354273
p 118 207 9.982828 -0.2724743
p 119 208 9.798566 0.014239311
p 118 209 9.607952 -0.31624126
p 119 210 9.607952 -0.06335831
p 118 211 9.382332 0.09961748
p 119 212 8.979496 -0.3468132
p 120 212 8.924495 -0.20464182
p 121 213 8.786633 -0.03061676

c 39 57.04412
p 119 85 65.260666 -6.161495
p 120 84 63.36781 -11.219982
p 121 83 61.423805 -14.045956
p 122 82 59.76872 -0.73984337
p 121 81 57.333763 2.7312775
p 122 80 54.722603 -10.473862
p 123 79 52.45601 -20.644413
p 124 78 49.94856 -9.237503
p 123 77 47.546886 3.042595
p 124 76 44.497986 -3.228691
p 123 75 41.54758 -21.3978
p 122 74 38.99881 -12.768356
p 123 73 36.435833 0.20176315
p 122 72 34.1616 2.9643288
p 123 71 32.18543 -24.259373
p 124 70 30.242887 -31.142372
p 125 69 28.289135 -32.092743
p 126 68 26.684885 -13.945807
p 125 67 25.260902 -28.551313
p 124 66 23.749744 -23.981255
p 123 65 22.29085 -10.426115
p 122 64 20.925377 -0.15345764
p 123 63 19.632809 5.9058723
p 124 62 18.599352 15.927649
p 125 61 17.559464 -0.294734
p 126 60 16.60035 -0.0032844543
p 127 59 15.625367 0.41725254
p 128 58 14.649535 0.15333319
p 129 57 13.852123 0.27110767
p 129 56 13.133205 -0.37030745
p 130 55 12.547062 -0.38051033
p 130 54 12.306459 0.26875114
p 129 53 11.56295 -0.18900776
p 128 52 11.415836 -5.1927567E-4
p 127 51 11.029483 -0.42425537
p 128 50 10.695981 -0.27662373
p 129 49 10.575684 0.16642952
p 128 48 9.976898 -0.040094852
p 129 47 9.587247 -0.2932396
p 129 46 9.454154 -0.34398556
p 128 45 9.3853035 -0.27789402
p 128 44 9.26032 -0.35070896
p 129 43 9.047548 -0.10899973
p 129 42 8.778652 -0.20286417
p 129 41 8.738681 -0.4845314
p 130 40 8.651776 -0.07153273
p 130 39 8.496352 -0.36018276
p 129 38 8.440126 -0.24723911
p 128 37 8.389613 -0.054029465
p 128 36 8.389613 -0.12855673
p 128 35 8.323196 -0.052653313
p 127 34 8.216545 -0.3349166
p 126 33 8.216545 -0.24283552
p 125 32 8.216545 -0.30654097

c 40 49.105896
p 119 85 65.260666 -5.519005
p 120 86 67.29037 -12.91415
p 121 87 68.92814 -12.369652
p 122 88 70.87011 -7.9851646
p 123 89 72.23134 -12.4634285
p 124 90 73.87334 -13.888882
p 125 91 75.63067 -14.400379
p 126 92 77.55365 -12.632912
p 127 93 79.20679 -13.148449
p 128 94 80.79994 0.73365784
p 127 95 82.77474 -14.4872055
p 126 96 84.642494 -14.083458
p 125 97 86.836815 -4.0539513
p 126 98 88.68874 -11.274517
p 127 99 89.959854 -11.79982
p 128 100 91.138954 -6.0992355
p 127 101 92.482765 -11.516357
p 126 102 94.18882 -4.939701
p 127 103 96.04088 -8.754597
p 128 104 98.48405 -7.467705
p 129 105 99.62808 -7.3539124
p 130 106 101.343704 -5.9374657
p 131 107 102.695854 -3.134388
p 132 108 104.07847 -5.5997314
p 133 109 106.00349 -1.9823418
p 132 110 108.01299 1.3333054
p 133 111 109.94692 0.49707413
p 132 112 111.972435 1.4953117
p 133 113 113.152054 0.08824921
p 132 114 114.36656 0.29484177

c 41 0.58560085
p 125 214 8.652625 0.2012968
p 126 215 8.530495 -0.15739489
p 127 216 8.526637 0.033645153
p 127 217 8.526637 0.056572914
p 127 218 8.4949665 0.088238716
p 127 219 8.433193 -0.38042784
p 128 220 8.286784 -0.1714201
p 129 221 8.122083 -0.22172594
p 129 222 8.119196 -0.09048557
p 129 223 8.067024 -0.047470093
p 130 223 8.067024 -0.14382124

c 42 3.4782257
p 125 214 8.652625 0.16118479
p 126 213 8.743856 -0.11650801
p 126 212 8.851879 -0.17404318
p 127 211 9.175794 0.21952629
p 128 210 9.356369 -0.32821035
p 129 210 9.391886 -0.11006594
p 130 209 9.534547 -0.35541058
p 131 209 9.607367 -0.035455227
p 132 208 9.663073 -0.2594385
p 132 207 10.13 0.09091377
p 131 206 10.474228 0.05095005
p 132 205 10.964744 0.112487316
p 133 204 11.041901 -0.29112196
p 132 203 11.822665 -0.017085552
p 131 202 12.130851 -0.116342545

c 43 75.799484
p 130 160 83.91632 -5.5738754
p 131 161 81.222305 -6.02034
p 132 162 79.59699 -6.3700943
p 133 163 78.72555 -6.0455513
p 134 164 77.04977 -6.6794357
p 135 165 75.56238 -1.9304237
p 136 165 73.78074 0.069942474
p 137 166 66.33016 -8.700726
p 136 167 64.439545 1.0335808
p 137 168 61.160385 -1.4379883
p 136 169 59.453144 -1.2003899
p 137 170 57.611618 -14.762402
p 138 171 55.93789 -13.366535
p 139 172 54.602024 -10.731815
p 138 173 53.57646 -15.331329
p 137 174 52.48834 -9.446915
p 136 175 51.428516 -5.8470707
p 137 176 50.641262 -0.35412598
p 136 177 48.887386 -9.805901
p 135 178 47.32335 -3.8135242
p 136 179 35.8068 -14.940123
p 135 180 34.224277 -17.903622
p 134 181 33.024124 -10.497787
p 135 182 31.652645 3.8806953
p 134 183 30.22569 -13.968515
p 133 184 28.93248 -9.19006
p 134 185 27.750479 7.4755926
p 133 186 26.754845 4.9315567
p 134 187 25.209576 5.8793297
p 133 188 24.3374 2.121334
p 134 189 23.59001 -3.3184013
p 133 190 21.386852 -16.438662
p 132 191 20.008802 0.3567953
p 133 192 19.095522 8.000696
p 134 193 18.064228 13.099376
p 135 194 17.109308 0.4701748
p 136 195 16.122042 -0.11016464
p 135 196 15.043781 -0.95881176
p 136 197 14.567146 -0.50468636
p 137 198 13.849819 0.28512
p 138 199 13.172027 0.017714024
p 139 200 12.64871 0.2898698
p 140 201 12.069457 0.012404442
p 139 202 11.644542 -0.3043561
p 139 203 11.438669 -0.1393466
p 138 204 11.035181 0.21489334
p 139 205 10.593866 -0.7523427
p 140 206 10.3445835 0.014696598
p 140 207 10.025505 0.042761803
p 141 208 9.829652 -0.5729847
p 142 209 9.77118 -0.23837757
p 143 210 9.500777 -0.25442362
p 142 211 9.157012 -0.020441532
p 143 212 8.901505 -0.19416094
p 142 213 8.901112 0.06501341
p 142 214 8.843055 -0.2665305
p 142 215 8.826167 -0.13615704
p 141 216 8.574464 -0.42439795
p 141 217 8.555036 -0.011790752
p 141 218 8.493338 -0.0027656555
p 142 219 8.398811 -0.17075157
p 143 219 8.310228 0.04545355
p 143 220 8.310228 -0.38247347
p 143 221 8.254918 -0.3316536
p 144 222 8.254918 -0.1514659
p 144 223 8.241386 -0.0626502
p 144 224 8.241386 -0.5970373
p 145 225 8.2323 -0.051763535
p 144 226 8.231883 -0.65602255
p 143 227 8.193671 0.11489296
p 142 227 8.116839 -0.04425001
p 141 226 8.116839 -0.2413907

c 44 101.84628
p 135 35 8.349734 -0.2281866
p 135 36 8.476626 -0.21273041
p 135 37 8.525378 0.013358116
p 136 38 8.525378 -0.24727297
p 136 39 8.552372 -0.06264496
p 137 40 8.600861 -0.05612707
p 137 41 8.746271 0.014947414
p 136 42 8.867841 -0.27933693
p 135 43 8.9078665 -0.24554396
p 135 44 9.074639 -0.51784325
p 136 45 9.175753 -0.1715622
p 135 46 9.438881 0.29330778
p 136 47 9.72894 0.07511854
p 135 48 10.263567 0.28138542
p 136 49 10.411154 -0.29314756
p 136 50 10.5429945 -0.13517141
p 136 51 10.920009 0.20928574
p 137 52 11.277194 -0.7754426
p 138 53 11.795495 -0.07221937
p 139 54 12.221684 -0.0014033318
p 140 55 12.698792 0.033465385
p 141 56 13.130775 -0.14235926
p 142 57 13.639353 -0.16414547
p 143 58 14.191781 -0.1987524
p 144 59 14.539538 -0.51944304
p 145 60 15.34607 -0.3263979
p 146 61 16.166458 -0.70242405
p 147 62 17.129416 11.455673
p 148 63 18.122454 -7.8294563
p 149 62 19.247084 13.242969
p 150 63 20.354567 1.9873371
p 151 64 21.553701 -1.9609385
p 152 65 22.770464 -9.290845
p 151 66 24.022366 -9.619677
p 152 67 25.257416 -3.5067291
p 151 68 26.543028 -21.600065
p 150 69 27.932096 -23.498083
p 149 70 29.62656 -15.214267
p 150 71 30.775175 0.31510162
p 149 72 32.20745 -27.364487
p 148 73 33.942776 -16.25137
p 149 74 35.926777 2.2081833
p 148 75 37.861786 1.3049278
p 149 76 51.24278 15.99173
p 148 77 54.238552 -17.58191
p 147 78 55.783257 -12.0609455
p 148 79 57.38921 4.123089
p 147 80 58.87033 0.5594826
p 148 81 60.31791 2.0567055
p 147 82 62.635445 -18.419186
p 146 83 64.26017 -16.226082
p 145 84 67.005035 -15.989471
p 144 85 68.85701 -15.757179
p 143 86 71.29749 -15.383106
p 142 87 73.26751 -15.54641
p 141 88 75.097824 -13.4251175
p 140 89 77.50434 -4.7543297
p 141 90 79.825714 3.3151283
p 140 91 82.09954 0.8806877
p 141 92 84.56673 1.5785103
p 140 93 86.494026 -7.938244
p 139 94 88.06043 -4.1637383
p 140 95 89.6111 -5.666195
p 141 96 91.041115 -7.1309166
p 142 97 92.466736 -6.87685
p 143 98 93.886345 -5.4426613
p 144 99 95.39713 -1.0576515
p 143 100 97.40059 -3.30336
p 142 101 99.938866 -2.245308
p 141 102 101.8013 -3.3266602
p 140 103 103.334755 -2.374504
p 139 104 104.379295 -1.1409492
p 140 105 105.73886 0.59851456
p 139 106 107.040825 -1.4075394
p 138 107 108.12951 -1.1246872
p 137 108 109.214195 -0.25182724
p 138 109 110.196014 -1.1050797

c 45 12.211472
p 137 154 87.48292 -4.4789963
p 138 155 85.788864 -10.6465
p 139 156 84.14576 -12.36438
p 140 157 82.93758 -10.171642
p 141 158 81.85266 -5.7320786
p 142 159 80.691864 -3.4617615
p 141 160 79.85427 -3.8095436
p 140 161 78.241516 -5.725128
p 139 162 77.13101 -2.4353561
p 138 163 76.22657 -2.7270012
p 137 164 75.27145 -4.2501144

c 46 25.31585
p 137 154 87.48292 -1.4425011
p 138 153 90.121605 -7.464508
p 139 152 91.92378 -4.945225
p 138 151 97.541855 5.8648186
p 139 150 99.74193 -0.532135
p 138 149 101.583725 1.2975197
p 139 148 103.34772 -2.8098717
p 140 147 104.459206 -2.850792
p 141 146 106.472534 -0.4200325
p 142 145 107.63776 1.6295853
p 143 144 108.64389 -0.024715424
p 144 143 109.53611 0.6217499
p 145 142 110.06823 -0.66858673
p 146 141 111.349915 -0.0040626526
p 145 140 112.79877 -0.78578186

c 47 50.57846
p 141 204 11.106824 -0.06386948
p 142 203 11.3697405 -0.18995905
p 143 202 11.767752 -0.23769045
p 144 201 12.034142 -0.29514456
p 145 200 12.391493 -0.10051966
p 145 199 12.995737 0.033279896
p 146 198 13.324188 -0.24335098
p 145 197 13.933313 0.36925173
p 146 196 14.212682 -0.22352839
p 146 195 14.503991 -0.47328806
p 147 194 15.171478 -0.36437607
p 148 193 15.779592 11.324458
p 147 192 16.572104 5.140009
p 148 191 17.67188 -7.13468
p 147 190 30.983997 -17.24551
p 146 189 47.992893 -2.9646378
p 147 188 56.968327 5.072891
p 146 187 61.685284 8.076103

c 48 1.1834517
p 147 46 9.648578 -0.118927
p 148 45 9.241977 0.07725096
p 148 44 9.056177 -0.05723858
p 149 43 8.94361 -0.15856934
p 149 42 8.94361 0.30302954
p 150 41 8.761436 -0.17104816
p 151 40 8.696032 0.018930912
p 150 39 8.49211 -0.04227352
p 150 38 8.473905 -0.37503004
p 151 37 8.465126 0.024332523
p 150 37 8.465126 -0.16524601

c 49 47.26178
p 148 170 55.916508 -2.9235115
p 149 171 50.873528 -21.22955
p 150 172 48.432533 -10.681646
p 149 173 45.623516 0.50639343
p 150 174 43.561558 -21.24733
p 151 175 42.225014 -22.833786
p 152 176 41.053516 -19.670433
p 153 177 38.561512 -11.584515
p 152 178 37.323475 3.8610687
p 153 179 35.632275 -20.896694
p 154 180 34.599964 -25.284626
p 155 181 33.516582 -28.31844
p 156 182 32.499577 -30.716908
p 157 183 31.05304 -25.887459
p 158 184 29.911915 -7.4146004
p 157 185 28.80476 2.4762592
p 158 186 27.659056 -18.365265
p 157 187 26.346313 -29.619385
p 156 188 25.318802 -19.03975
p 157 189 24.260294 -21.0046
p 158 190 23.119404 -6.645876
p 159 191 22.065287 0.029797554
p 158 192 21.046759 6.691787
p 157 193 20.03992 12.746688
p 156 194 19.061327 0.023118973
p 155 195 18.132309 0.017557144
p 156 196 17.22081 -1.0936108
p 155 197 16.36481 -0.8821049
p 154 198 15.558617 -0.8792076
p 153 199 14.727347 0.043289185
p 154 200 13.778009 -0.018518925
p 154 201 13.275604 0.19492292
p 155 202 12.828802 0.016537666
p 156 203 12.002304 -0.25880575
p 155 204 11.593566 -0.53571415
p 156 205 11.248248 0.0891037
p 155 206 10.792965 0.02810669
p 156 207 10.364448 -0.104953766
p 156 208 10.116618 -0.08322573
p 156 209 10.07071 -0.19734097
p 157 210 9.731252 -0.13207912
p 158 211 9.61038 -0.24653101
p 158 212 9.322073 0.020446777
p 159 213 9.050302 0.05236149
p 158 214 8.79376 -0.2370615
p 158 215 8.79376 -0.13349247
p 157 216 8.721567 -0.037666798
p 156 217 8.65473 0.22603273
p 156 216 8.65473 0.05475521

c 50 55.867027
p 153 155 80.1864 -7.1872253
p 154 156 78.287834 -12.445084
p 155 157 76.74626 -10.337818
p 156 158 75.13845 -7.7186165
p 155 159 73.44936 -0.10978317
p 156 160 71.53802 -15.275787
p 157 161 68.74391 -16.02407
p 158 162 61.95763 -10.784603
p 157 163 59.28434 -20.941944
p 156 164 57.825726 -21.883568
p 155 165 56.512173 -10.47139
p 156 166 54.872993 -20.078918
p 157 167 53.409435 -22.60151
p 158 168 51.51414 -22.79388
p 159 169 50.214092 -22.240448
p 160 170 48.86755 -21.996445
p 161 171 47.387417 -9.274157
p 160 172 46.27538 -20.198235
p 159 173 44.574093 -22.74395
p 158 174 42.8827 -12.933744
p 159 175 41.61205 8.647057
p 158 176 40.323727 1.1883278
p 159 177 39.213924 -15.271938
p 160 178 38.278275 -12.312033
p 159 179 36.456566 -0.2763672
p 160 180 35.415836 -24.38507
p 161 181 34.130318 -11.696411
p 160 182 32.926582 -5.663986
p 161 183 31.862133 2.8196068
p 160 184 30.785152 -3.2134361
p 161 185 29.565153 -19.06913
p 162 186 28.136517 -10.6844635
p 161 187 26.72719 -20.152645
p 160 188 25.548168 -39.378204
p 159 189 24.319372 -27.230408

c 51 31.806755
p 153 155 80.1864 -6.556717
p 154 154 82.09425 -10.001385
p 155 153 83.745674 -10.551167
p 156 152 85.37656 -3.6572876
p 155 151 86.885864 -9.2766
p 154 150 89.51596 -2.4626312
p 155 149 90.28685 -8.031544
p 156 148 91.597015 -2.6027908
p 155 147 95.86411 3.5824776
p 156 146 102.01031 3.2200584
p 157 145 104.04212 -1.3822746
p 157 144 104.50577 0.21419144
p 158 143 105.43624 -3.88723
p 159 142 108.0122 -2.3462715
p 160 141 109.6317 -3.78125
p 161 140 111.99316 -0.57881546

c 52 76.898285
p 157 98 85.65253 -9.515907
p 158 97 72.32984 -23.731228
p 159 96 70.308464 -18.832561
p 160 95 69.05855 -9.264458
p 161 94 68.52199 -9.306019
p 160 93 67.59908 -11.245766
p 159 92 66.90116 6.1524277
p 160 91 65.51126 -8.94231
p 161 90 64.75001 -13.001629
p 162 89 63.931343 -12.5690155
p 163 88 62.906235 -17.364265
p 164 87 61.772736 -9.607849
p 165 86 60.368675 -2.9369507
p 164 85 43.652214 -11.973038
p 165 84 42.679142 4.553852
p 164 83 41.72968 0.7510605
p 165 82 40.668083 -17.24781
p 166 81 39.78205 -14.919155
p 167 80 38.250874 -13.81982
p 166 79 37.176167 -17.278538
p 165 78 36.32699 -19.789501
p 164 77 35.53525 -13.755104
p 163 76 34.5112 -8.374283
p 164 75 32.88972 6.6628075
p 163 74 31.90601 5.24638
p 164 73 30.931925 1.1720552
p 163 72 29.559069 -14.036325
p 162 71 28.524921 -13.141487
p 161 70 27.557915 -5.5497656
p 162 69 26.606668 5.6881075
p 161 68 25.598719 -7.374975
p 160 67 24.599482 -17.597954
p 161 66 23.561514 -13.869257
p 162 65 22.616894 -12.231755
p 161 64 21.665937 18.97686
p 162 63 20.687973 10.937637
p 161 62 19.6828 5.892647
p 162 61 18.731642 -1.2710838
p 163 60 18.197605 0.24171352
p 162 59 17.305353 -0.07629967
p 163 58 16.488787 -0.057263374
p 164 57 15.727651 -0.08000755
p 165 56 15.065584 0.021193981
p 166 55 14.323488 -0.45241165
p 167 54 13.618166 -0.06111002
p 166 53 13.192093 0.009045124
p 167 52 12.474964 0.11625576
p 167 51 12.028643 -0.10434103
p 166 50 11.325509 0.1303606
p 165 49 10.921973 -0.24189472
p 164 48 10.56253 0.1921072
p 163 47 10.378627 -0.08815479
p 162 46 10.000951 -0.077558994
p 162 45 9.753942 0.0056943893
p 162 44 9.315429 -0.5584011
p 161 43 9.216142 0.23975945
p 162 42 9.002224 0.0369668
p 161 41 8.783763 -0.20786905
p 161 40 8.754241 -0.22402954
p 162 39 8.754241 -0.40991974

c 53 30.909424
p 158 110 100.73822 -3.1074371
p 159 109 99.21073 -0.97330475
p 160 108 96.30507 1.5672188
p 161 107 95.7368 2.444767
p 161 106 86.78435 -11.140423
p 162 105 81.677795 -17.167084
p 163 104 80.19115 -14.28672
p 164 103 78.52457 -5.046467
p 165 102 77.432274 -7.603134
p 164 101 75.31178 1.8126297
p 165 100 74.38843 -2.5670166
p 164 99 73.32881 -13.126801
p 163 98 72.175186 -15.81308
p 162 97 70.95864 -17.124683
p 161 96 69.8288 -10.907497

c 54 10.952215
p 167 63 18.864002 0.9041805
p 168 62 17.9334 9.223615
p 169 61 17.181261 -0.5889454
p 170 60 16.496922 -0.58649445
p 171 59 15.868606 -0.10542965
p 172 58 15.070823 -0.43452168
p 173 57 14.551754 -0.13125181
p 174 56 14.123363 -0.3053255
p 175 55 13.420535 0.23879051
p 176 54 13.097498 -0.32980204
p 177 53 12.905555 0.11583185
p 176 52 12.2520685 0.15850115
p 176 51 11.889024 0.20737886
p 177 50 11.140156 0.09630823
p 177 49 10.772992 0.29171753
p 176 48 10.394366 0.21715546
p 175 47 10.210587 -0.16409874
p 174 46 9.8474045 -0.30352545
p 174 45 9.6156225 -0.24518013
p 173 44 9.612046 -0.17806768
p 172 43 9.517598 0.24332952
p 172 42 9.253435 0.03254795
p 171 41 9.187358 -0.24830484
p 171 40 8.845054 -0.39852095
p 171 39 8.728246 -0.22592926
p 170 38 8.5116625 0.010147095
p 171 37 8.5116625 -0.26971817
p 171 36 8.484048 0.06144905
p 170 35 8.422991 -0.15467691
p 170 34 8.267985 -0.61691856
p 171 33 8.247913 -0.3745036
p 172 32 8.23861 -0.09680462
p 173 31 8.218506 0.002737999
p 174 30 8.148793 0.17148209
p 174 29 8.141664 -0.1710515
p 174 28 7.9794126 -0.3747878
p 174 27 7.9117875 -0.38979864
p 175 26 7.9117875 -0.1298666
p 176 25 7.9117875 -0.106731415

c 55 0.83932877
p 167 212 9.186344 -0.20676136
p 167 213 9.15621 -0.2382102
p 167 214 9.118923 -0.07335043
p 168 215 8.954208 -0.13610554
p 168 216 8.881611 -0.17756844
p 168 217 8.844938 -0.15565538
p 169 218 8.68031 0.025589943
p 169 219 8.577926 -0.25104523
p 170 220 8.557318 0.19401264
p 171 221 8.347015 -0.11512852
p 171 222 8.347015 -0.3670025

c 56 54.83596
p 170 179 63.288994 -2.611843
p 171 180 61.77105 -3.8836823
p 172 181 60.02077 -3.044159
p 173 182 58.334248 -4.4717827
p 174 183 55.367043 -3.7682018
p 173 184 46.721134 3.9702492
p 174 185 43.485363 7.679756
p 174 186 41.265347 5.915451
p 174 187 39.8673 5.5569305
p 174 188 25.109468 -25.14144
p 173 189 22.255966 -29.17608
p 172 190 20.800732 -15.265914
p 173 191 18.830133 22.40232
p 172 192 17.792934 13.5722275
p 173 193 17.056204 -0.30816936
p 174 193 16.560524 12.812672
p 175 194 16.560524 0.6074333
p 174 195 16.262821 -0.23011684
p 175 196 16.086166 0.29004192
p 174 197 15.702032 -0.048933983
p 173 198 14.884892 0.24862003
p 172 199 14.36469 -0.21046352
p 172 200 13.826321 -0.5165863
p 171 201 13.237484 -0.034668446
p 172 202 12.64294 -0.38612795
p 173 203 12.092615 -0.07450724
p 173 204 11.644158 -0.08039284
p 173 205 11.428409 0.048003674
p 174 206 11.012739 -0.109324455
p 173 207 10.648014 0.047611237
p 174 208 10.260172 -0.065238476
p 175 209 10.100931 0.12721586
p 174 210 9.840247 -0.18922997
p 173 211 9.46967 -0.3915038
p 172 212 9.46967 0.13245678
p 172 213 9.244255 -0.11198282
p 173 214 9.076354 -0.15135527
p 173 215 9.076354 -0.21545553
p 173 216 8.996189 -0.30071592
p 173 217 8.851704 -0.5095105
p 174 218 8.613982 -0.12507915
p 174 219 8.453035 -0.046046257
p 175 220 8.453035 -0.24654007

c 57 100.17712
p 171 145 108.47894 -1.2459679
p 172 146 107.01735 -0.935936
p 173 147 105.269585 -0.25815582
p 173 148 104.03281 -0.06587982
p 174 149 97.58342 -8.055061
p 175 150 94.64779 -8.955906
p 176 151 90.15002 -11.581196
p 177 152 81.07062 -12.1628685
p 178 153 77.823784 -23.37128
p 179 154 75.66372 -10.173908
p 178 155 73.10979 -1.0543137
p 179 156 70.25667 -26.464115
p 180 157 67.426674 -13.623917
p 179 158 64.30265 -1.0977516
p 180 159 62.388412 -24.410763
p 181 160 60.750874 -13.478916
p 180 161 58.649746 -0.20614243
p 181 162 56.442505 -26.12836
p 182 163 54.804314 -27.929966
p 183 164 53.36872 -39.523205
p 184 165 52.046947 -28.312916
p 185 166 50.841286 -9.015869
p 186 167 49.684864 -9.140705
p 187 168 48.602627 -6.4489746
p 186 169 47.55951 6.1691284
p 187 170 46.492912 0.042331696
p 186 171 45.38376 -6.817669
p 185 172 44.278145 -15.375027
p 186 173 43.169956 -9.485615
p 187 174 42.045635 -14.293907
p 186 175 40.772667 -8.086388
p 185 176 39.59293 -10.31402
p 186 177 38.680023 4.221157
p 185 178 37.90273 -7.6465454
p 184 179 36.613567 -10.159538
p 185 180 34.922394 -12.083767
p 186 181 33.91042 -12.353796
p 187 182 32.628246 -14.417587
p 186 183 31.688395 -14.860552
p 185 184 30.738907 -13.278713
p 184 185 29.503212 -12.336684
p 185 186 27.96037 -14.735291
p 186 187 26.85027 -15.043495
p 187 188 25.794804 -19.387438
p 186 189 24.733843 -21.621267
p 185 190 23.637156 -17.110752
p 184 191 22.54728 0.024843216
p 185 192 21.477661 5.660475
p 186 193 20.425201 13.448829
p 187 194 19.375317 -0.22389412
p 188 195 18.335938 0.106778145
p 187 196 17.388472 -0.86381817
p 188 197 16.784351 0.49350357
p 187 198 15.953558 0.29722786
p 186 199 14.96044 -0.50590754
p 185 200 14.461945 0.28468084
p 185 201 13.618354 -0.14679146
p 184 202 13.391451 -0.03288412
p 183 203 12.545199 -0.28646517
p 184 204 11.645561 -0.16997051
p 183 205 11.319384 -0.10253334
p 183 206 11.065933 -0.052643776
p 182 207 10.775747 0.10430384
p 181 208 10.275072 -0.09123802
p 182 209 10.196032 -0.3163929
p 182 210 9.808367 -0.3222084
p 181 211 9.808367 -0.075507164
p 180 212 9.448378 -0.059582233
p 179 213 9.257188 -0.17641449
p 179 214 9.134156 -0.05034113
p 179 215 8.842898 0.011145115
p 179 216 8.72317 -0.15015507
p 179 217 8.545523 -0.27680254
p 180 217 8.545523 -0.40707493
p 181 218 8.537737 -0.48802423
p 180 219 8.331121 -0.062130928
p 180 220 8.301827 -0.30626488
p 179 221 8.301827 -0.21967125

c 58 1.9024754
p 180 47 9.960908 -0.18081999
p 181 46 9.778033 0.11220217
p 182 46 9.614686 -0.20413065
p 183 45 9.613528 -0.17725372
p 183 44 9.431248 -0.39342308
p 182 43 9.332685 -0.10195732
p 182 42 9.044069 -0.41470957
p 183 41 8.964367 -0.23473406
p 184 41 8.760224 -0.029726028
p 185 40 8.760224 0.19869041
p 186 39 8.679264 -0.23851776
p 186 38 8.580234 -0.5223818
p 187 37 8.580234 0.292284
p 187 36 8.478643 -0.2717924
p 186 35 8.342069 0.13485861
p 185 34 8.23728 -0.13661909
p 184 33 8.1739855 -0.005030155
p 185 32 8.12301 -0.19992161
p 185 31 8.103423 -0.002315998
p 186 30 8.073713 -0.15856314
p 187 29 8.058433 -0.013948917
p 188 29 8.058433 -0.40675688

c 59 57.553303
p 182 77 65.65944 -13.956806
p 183 76 57.202682 -20.898472
p 184 75 55.093708 -2.0011673
p 185 75 44.371563 -3.840538
p 186 74 31.374027 -9.181908
p 187 73 30.810966 -8.619215
p 186 72 29.193008 -12.504154
p 185 71 28.034536 -7.433735
p 186 70 27.794346 6.8774014
p 185 69 27.485453 -6.469412
p 184 68 25.791822 -12.895414
p 185 67 23.309237 -14.400835
p 186 66 22.340612 -14.979785
p 185 65 20.99969 4.409915
p 186 64 20.079794 15.307912
p 185 63 19.135166 13.550655
p 186 62 18.263361 7.2391787
p 185 61 17.479723 0.21508312
p 186 60 16.792645 -0.78431225
p 187 59 16.082388 -0.2934389
p 186 58 15.426718 -0.3136716
p 187 57 14.794908 0.010416508
p 187 56 14.145587 -0.16309881
p 188 55 13.457558 -0.004026413
p 189 54 12.965531 -0.3463626
p 190 53 12.430897 0.0054769516
p 189 52 11.529573 -0.31293488
p 190 51 11.082211 -0.0474391
p 190 50 10.787924 -0.13070631
p 189 49 10.660904 0.12555695
p 189 48 10.455399 -0.3560996
p 190 47 10.10209 0.2862363
p 190 46 9.578434 0.10565472
p 191 45 9.467257 -0.0852046
p 192 44 9.396194 0.13246346
p 191 43 9.178429 -0.38958788
p 192 42 9.098164 0.099886894
p 193 41 8.8011465 -0.26607132
p 192 40 8.702047 -0.07661295
p 191 39 8.5134735 -0.4046278
p 190 38 8.510797 -0.1651249
p 190 37 8.505092 -0.6308713
p 190 36 8.469355 -0.57547235
p 189 35 8.469355 -0.14321518
p 188 34 8.267335 -0.11314678
p 187 33 8.163837 -0.2143569
p 186 32 8.106135 -0.46153975

c 60 58.4395
p 184 96 79.62139 -9.025837
p 185 95 79.62139 -6.8718605
p 186 94 79.27138 -2.5048332
p 187 93 79.55081 7.2827225
p 187 92 76.45876 -3.4458466
p 186 91 75.10012 2.7434921
p 186 90 74.99722 9.159386
p 187 89 70.27254 -0.1445198
p 188 88 54.95877 -11.142258
p 189 87 54.598953 -0.44206238
p 188 86 54.115543 5.041752
p 189 85 53.54094 6.5625095
p 189 84 53.54094 9.508644
p 190 85 53.556763 6.4627533
p 191 84 54.470737 -12.313639
p 192 85 55.53123 -13.93676
p 193 86 57.25446 -14.137875
p 194 87 59.213367 -5.5159893
p 193 88 62.020084 3.780182
p 194 89 64.4947 -5.2725105
p 195 90 66.44535 -5.9217453
p 196 91 68.47687 -4.854782
p 197 92 70.49679 -3.8962784
p 198 93 73.26251 -4.944332
p 197 94 74.51375 -8.003452
p 196 95 75.74369 -6.219246
p 197 96 77.54171 2.749855
p 196 97 79.382034 2.435196
p 197 98 80.63668 -8.038719
p 198 99 82.26064 -9.470745
p 199 100 83.76371 -11.403736
p 200 101 84.60318 -9.78344
p 201 102 85.99958 -10.433289
p 202 103 87.65481 -10.65514
p 203 104 89.50299 -3.6490173
p 203 105 97.13881 0.3898201
p 204 106 98.29702 -1.7809143
p 205 106 97.64019 -5.960148
p 206 107 97.64019 -7.625965
p 207 108 98.17038 -10.141186
p 208 109 99.655396 -4.0221977
p 207 110 102.69697 1.6777039
p 208 111 104.31051 -7.058792
p 209 112 107.53962 -0.99250793
p 209 113 111.98044 -0.83314514

c 61 25.934113
p 184 111 105.93547 -1.42799
p 185 110 104.636375 -1.9202156
p 186 109 103.690796 -2.9653015
p 187 108 101.84802 -2.9029465
p 186 107 100.18268 -0.7494087
p 187 106 98.344215 -3.8239174
p 188 105 96.93403 -2.1262894
p 187 104 95.77366 -2.650772
p 188 103 94.85859 -6.263199
p 189 102 93.54015 -6.4512863
p 190 101 91.686066 -1.1129913
p 189 100 89.86989 -0.28035355
p 190 99 88.22736 -2.9444847
p 191 98 86.407364 -3.6477356
p 190 97 84.377396 -1.0781364
p 189 96 82.56231 -5.9988174
p 188 95 81.09217 -6.0146637
p 188 94 80.00136 -0.7937851

c 62 1.9663801
p 189 209 10.121848 -0.049948692
p 190 210 9.891451 0.0069885254
p 189 211 9.676505 0.12554121
p 189 212 9.437609 0.1485753
p 189 213 9.104202 -0.1303668
p 190 214 9.01432 -0.040930748
p 191 215 8.773605 -0.08170462
p 190 216 8.652761 -0.22396994
p 190 217 8.652761 -0.004878044
p 189 218 8.464551 0.0063490868
p 190 219 8.464551 -0.016064644
p 191 220 8.298743 -0.124014854
p 191 221 8.174384 -0.2363329
p 190 222 8.155468 0.12329006
p 189 221 8.155468 -0.0029463768

c 63 51.424145
p 189 209 10.121848 -0.009756088
p 190 208 10.401282 -0.13004065
p 191 207 10.789829 -0.054018497
p 191 206 10.923588 -0.010019302
p 191 205 11.491125 -0.13598394
p 191 204 11.738631 -0.3245101
p 192 203 12.542429 -0.47269344
p 192 202 13.148757 -0.012603283
p 193 201 13.714693 0.15013981
p 192 200 14.342461 0.16151142
p 193 199 15.045531 -0.096503735
p 194 198 15.753812 0.058342457
p 195 197 16.452839 0.13415909
p 196 196 17.192278 -0.05735874
p 197 195 17.951372 -0.119205475
p 198 194 18.66163 -0.041116714
p 199 193 19.470963 14.866422
p 200 192 20.358284 5.1670647
p 201 191 21.351904 -10.419592
p 200 190 22.476437 -22.713747
p 199 189 23.308243 -29.262075
p 198 188 25.40706 -33.95062
p 197 187 26.906925 -28.44622
p 196 186 28.35756 -17.4388
p 197 185 35.84336 12.407036
p 196 184 47.514835 -12.858986
p 195 183 55.29653 -9.273998
p 196 182 61.545994 -1.0661697

c 64 1.2210264
p 196 232 7.8778267 -0.13481426
p 197 231 7.8778267 -0.24256516
p 198 230 7.888445 -0.32402325
p 199 229 7.959123 -0.017715931
p 198 228 7.959123 -0.40049267
p 198 227 7.979238 -0.078359604
p 197 226 7.979238 0.0040602684
p 198 225 8.093166 -0.14930439
p 199 224 8.213805 -0.048330307
p 200 223 8.2578945 0.01725483
p 199 222 8.316348 0.01979208
p 200 221 8.397057 0.10760307
p 201 220 8.424794 -0.068887234
p 201 219 8.516792 0.08479452
p 201 218 8.556246 -0.16525793
p 202 217 8.556246 -0.13676071
p 203 216 8.56272 -0.13772821
p 202 215 8.602466 -0.32725334
p 201 215 8.683089 0.12320089
p 200 214 8.912139 0.14983463
p 199 213 9.098853 -0.15828323

c 65 61.372074
p 198 38 8.466686 -0.36463976
p 198 39 8.627181 -0.20227909
p 199 40 8.673809 -0.3706107
p 200 41 8.727826 -0.13314772
p 199 42 8.953389 -0.1271472
p 199 43 9.0638485 -0.021083832
p 198 44 9.282709 -0.080779076
p 198 45 9.363997 -0.1705885
p 199 46 9.464916 -0.11290264
p 199 47 9.640672 -0.26057482
p 198 48 9.956679 -0.20292234
p 199 49 10.153233 -0.24544716
p 200 50 10.595674 -0.054425716
p 199 51 10.946521 -0.019844532
p 199 52 11.391808 -0.0052933693
p 198 53 11.764096 -0.36252975
p 199 54 12.258232 0.173316
p 199 55 12.438576 -0.6024041
p 198 56 13.204939 -0.045465946
p 198 57 13.636067 -0.103271484
p 199 58 14.195663 -0.27206564
p 198 59 14.802239 -0.3328185
p 199 60 15.508339 -0.08416557
p 198 61 16.161898 0.32459068
p 199 62 16.85892 14.428719
p 200 63 17.76388 5.177452
p 201 64 18.863913 -6.2980223
p 200 65 20.221804 -15.7979555
p 201 66 21.505255 -9.668378
p 200 67 25.362484 -32.859665
p 199 68 28.76349 -30.498869
p 198 69 35.209396 -6.0739746
p 199 70 48.903934 -16.427917
p 200 71 54.87543 -12.933105
p 201 72 64.01967 -5.635212
p 202 73 69.83876 -2.9002953

c 66 99.211296
p 198 145 107.61525 1.184906
p 198 146 104.53122 -0.94740295
p 199 147 101.79923 -2.8702927
p 200 148 96.66935 -4.773697
p 199 149 93.4873 -1.318634
p 200 150 87.13243 -14.426609
p 201 151 83.043884 -9.101044
p 200 152 79.611115 -0.48423004
p 201 153 75.96071 -20.634521
p 202 154 71.16011 -23.304817
p 203 155 66.66551 -13.850414
p 204 156 65.08957 -26.432636
p 205 157 63.525486 -26.265491
p 206 158 62.345806 -26.584862
p 207 159 61.17657 -26.88504
p 208 160 59.433315 -23.70393
p 209 161 57.765125 -11.822306
p 208 162 56.262165 1.6856041
p 209 163 54.77826 0.066726685
p 208 164 53.679115 -25.956734
p 207 165 52.57092 -25.983902
p 206 166 51.22158 -30.121376
p 205 167 49.702656 -23.52864
p 204 168 48.50263 -15.317249
p 205 169 47.411915 -26.355843
p 206 170 46.254414 -22.719032
p 207 171 45.125496 -12.69486
p 206 172 44.04548 8.60923
p 207 173 42.74406 6.6715508
p 206 174 41.411808 4.7170486
p 207 175 39.91345 3.5182228
p 206 176 38.778793 4.62426
p 207 177 37.69963 5.2284393
p 206 178 36.545242 5.580715
p 207 179 35.368225 4.269516
p 206 180 34.33344 6.232849
p 207 181 33.385403 7.5810013
p 206 182 31.869358 6.6440086
p 207 183 30.708931 5.127117
p 206 184 29.63265 1.9103079
p 207 185 28.558317 -20.935518
p 208 186 27.495636 -20.621086
p 209 187 26.459879 -18.071114
p 208 188 25.401848 -26.262901
p 207 189 24.29669 -28.427597
p 206 190 23.216017 -19.050333
p 205 191 22.214169 -5.5784893
p 204 192 21.164824 -0.017172813
p 205 193 20.107533 5.11376
p 206 194 19.316263 -0.15258694
p 206 195 18.414454 -0.25105858
p 205 196 17.65481 0.221879
p 205 197 16.955942 -0.1758604
p 205 198 15.721391 -0.87435627
p 204 199 15.4671755 0.57430077
p 205 200 14.354932 -0.5453105
p 206 201 13.61877 -0.1977911
p 206 202 13.227113 0.13496876
p 207 203 12.564991 0.04337406
p 208 204 12.099031 0.15531111
p 207 205 11.550135 -0.25603104
p 208 206 11.039876 -0.17664671
p 208 207 10.575004 -0.14963722
p 209 208 10.254618 0.018984318
p 208 209 10.053717 0.034691334
p 208 210 9.816422 -0.045965195
p 208 211 9.650106 -0.26992464
p 208 212 9.405452 -0.20966434
p 207 213 9.09913 0.21291828
p 208 214 8.694386 -0.046655178
p 207 215 8.597206 -2.1266937E-4
p 208 216 8.591614 -0.01742506
p 209 217 8.500007 0.04297352
p 208 218 8.483014 -0.08420658
p 207 219 8.403955 -0.27088976
p 207 220 8.403955 -0.31105423

c 67 1.7261286
p 204 49 10.261913 0.22700214
p 205 48 9.957092 -0.2989154
p 205 47 9.509195 -0.13051844
p 205 46 9.414019 -0.070699215
p 206 45 9.244186 -0.08409262
p 207 44 8.996227 0.01595974
p 207 43 8.849461 -0.32263327
p 207 42 8.849178 -0.1921835
p 208 41 8.840692 -7.8201294E-4
p 207 40 8.696066 0.1607709
p 207 39 8.535785 -0.11511755
p 207 38 8.535785 -0.14744377

c 68 20.655277
p 209 71 28.987854 -0.5933552
p 210 70 28.097214 -22.198956
p 211 69 26.82031 -27.560604
p 212 68 25.19499 -29.3214
p 213 67 24.105595 -31.691505
p 214 66 22.88766 -23.98238
p 215 65 21.388327 -13.669386
p 214 64 19.523874 18.005451
p 215 63 18.499899 6.9736443
p 216 62 17.309448 -0.3652115
p 215 61 16.814304 -0.23289108
p 216 60 16.075985 -0.4697132
p 217 59 15.070273 -0.38742018
p 216 58 14.755224 0.32094288
p 217 57 14.147911 -0.16014528
p 216 56 13.490963 0.040658474
p 217 55 12.901135 -0.30669975
p 218 54 12.40351 -0.20135689
p 218 53 11.679626 -0.123943806
p 217 52 11.165982 0.10568285
p 216 51 10.560515 -0.18148041
p 216 50 10.560515 -0.28573942
p 215 49 10.424852 0.17505646
p 214 48 9.906623 -0.21005821
p 215 47 9.647338 0.103577614
p 214 46 9.396929 0.051273823
p 215 45 9.27133 -0.31846142
p 215 44 9.146723 -0.15298223
p 216 43 8.876555 -0.4472847
p 217 42 8.672816 0.02312231
p 216 41 8.425194 -0.2453661
p 216 40 8.332578 -0.3505025
p 217 39 8.332578 -0.30295897

c 69 66.077675
p 209 71 28.987854 -15.452394
p 210 72 30.33969 7.228755
p 209 73 31.418734 -1.0889702
p 210 74 32.675056 -22.801826
p 211 75 33.710793 -15.958202
p 210 76 34.97809 4.64225
p 211 77 36.38122 1.1732826
p 210 78 37.550434 3.3100433
p 211 79 38.926174 -22.713432
p 212 80 40.98334 -32.968006
p 213 81 43.253094 -33.30937
p 214 82 45.983505 -31.694279
p 215 83 47.724014 -31.65781
p 216 84 57.40069 -24.675716
p 217 85 77.12186 -6.509613
p 218 86 78.523346 -6.4890976
p 219 87 79.479065 -8.373604
p 220 88 83.74456 -5.0134354
p 221 89 87.14002 0.84786224
p 220 90 88.32207 -0.79128647
p 219 91 89.77219 0.54925156
p 220 92 90.6076 0.52936554
p 219 93 93.03267 1.4787445
p 220 94 95.06553 -0.7682991

c 70 48.262733
p 217 146 106.22953 -0.21762466
p 218 147 105.68109 -0.68969727
p 219 148 103.71312 -1.6528511
p 220 149 102.25591 -0.6073837
p 219 150 101.20201 -1.6056976
p 218 151 99.88291 -0.37953568
p 219 152 98.237236 1.27005
p 219 153 96.05814 -3.5829582
p 220 154 93.4308 -2.6695747
p 219 155 89.31365 -1.9833641
p 220 156 87.82221 1.4240761
p 219 157 86.032936 2.2992096
p 220 158 84.12889 -1.3502007
p 219 159 80.455 -10.759251
p 218 160 78.49653 -6.8580627
p 219 161 76.923294 1.3713264
p 218 162 75.487564 -12.085571
p 217 163 74.05326 -2.128128
p 218 164 72.81238 1.1961746
p 217 165 71.97909 6.6448364
p 218 166 70.057945 -0.58431244
p 219 167 69.360954 -3.5892677
p 220 168 68.57992 -3.6364594
p 219 169 67.76076 4.454277
p 220 170 66.946884 4.0026627
p 221 171 65.96593 -0.9850807
p 220 172 64.211685 7.837303
p 221 173 62.78408 6.647743
p 222 174 59.791103 -5.5590744
p 221 175 58.048286 7.466091
p 221 176 57.966797 1.3139553
p 222 176 57.966797 -1.1814651

c 71 21.828545
p 219 184 30.18248 -14.285309
p 220 185 28.420158 -12.26619
p 221 186 26.810566 -11.884403
p 222 187 25.048553 -17.065327
p 221 188 22.42164 -16.838816
p 220 189 21.345669 -20.84221
p 221 190 19.906527 -14.657972
p 222 191 19.084631 0.4772606
p 221 192 17.991306 6.5698347
p 220 193 17.250896 0.05386448
p 220 194 16.39653 -0.5123844
p 221 195 15.841496 -0.5932894
p 222 196 15.422724 -0.054802895
p 222 197 14.674609 0.06458998
p 223 198 14.2393675 0.3097763
p 222 199 13.877217 -0.15620327
p 223 200 13.5555935 0.059641838
p 224 201 13.139852 -0.7090745
p 223 202 12.756935 -0.16953897
p 223 203 12.04081 -0.5089674
p 224 204 11.572688 0.43401766
p 225 205 11.069739 -0.111189365
p 225 206 10.738177 -0.17053413
p 224 207 10.515616 -0.24184942
p 223 208 10.266466 2.0503998E-4
p 224 209 9.927468 -0.17578554
p 224 210 9.669134 -0.03603363
p 225 211 9.444447 -0.4391322
p 224 212 9.298861 0.15834713
p 225 213 9.004033 -0.26249552
p 225 214 8.87958 -0.33500385
p 226 215 8.702096 -0.05747795
p 226 216 8.633444 -0.01939249
p 225 217 8.47454 -0.19843054
p 225 218 8.353936 -0.057056427
p 226 218 8.353936 -0.2508192

c 72 3.7605991
p 219 204 11.691516 -0.20869303
p 219 205 11.341674 -0.302773
p 220 206 10.925347 0.059350967
p 221 207 10.542159 -0.28011942
p 222 208 10.149842 -0.20009708
p 222 209 9.981134 -0.07708216
p 222 210 9.684431 -0.08964157
p 222 211 9.492092 0.045269966
p 222 212 9.265184 -0.050034046
p 223 213 9.036242 0.07685423
p 222 214 8.940213 0.08338213
p 222 215 8.720802 0.102051735
p 222 216 8.532602 -0.4597087
p 223 217 8.408278 0.040776253
p 223 218 8.346933 -0.05809307
p 222 219 8.283602 -0.5088086
p 222 220 8.206441 -0.027301788
p 222 221 8.206441 0.024939537
p 223 222 8.163264 -0.18679905
p 224 223 8.163264 0.08389473
p 224 224 8.046359 -0.12846088
p 225 225 8.03287 0.060096264
p 225 226 7.9504433 -0.33348703
p 224 227 7.9504433 0.06088066
p 225 228 7.930917 -0.1705656
p 225 229 7.930917 -0.19688416

c 73 11.157699
p 221 64 19.36756 0.6244402
p 222 63 18.067734 2.9274702
p 223 62 17.169996 15.047099
p 224 61 16.408337 0.028772354
p 225 60 15.731 0.503777
p 225 59 14.87646 -0.13116217
p 226 58 14.678128 0.14130116
p 227 57 13.838902 -0.36654377
p 228 56 13.415137 -0.0627985
p 227 55 12.825352 -0.51651144
p 226 54 12.284889 -0.5349264
p 226 53 11.591112 -0.29309082
p 227 52 11.263608 0.23747778
p 228 51 10.730775 -0.06588411
p 229 50 10.373271 0.12582159
p 230 49 10.143144 0.15606928
p 229 48 9.678555 -0.15522623
p 230 47 9.443841 -0.19525099
p 229 46 9.432235 0.1919179
p 230 45 9.234911 -0.646822
p 231 44 8.99062 -0.44356441
p 232 43 8.890442 -0.12903547
p 233 42 8.684292 -0.07522583
p 233 41 8.516749 0.024987698
p 234 40 8.317504 -0.20139837
p 234 39 8.209861 0.19911909
p 233 39 8.209861 -0.21023273

c 74 46.217514
p 221 64 19.36756 -9.063361
p 222 65 20.242317 -28.994022
p 223 66 22.056877 -34.19812
p 224 67 25.266285 -32.677174
p 225 68 31.282652 -25.600119
p 226 69 35.30715 -22.388466
p 227 70 39.737564 -14.5441475
p 226 71 53.206318 -10.429668
p 225 72 56.72665 -9.034332
p 224 73 60.47876 -4.973402
p 225 74 63.42226 6.9235344
p 224 75 65.585075 -1.3953476

c 75 96.8282
p 222 115 112.24981 0.7116318
p 223 114 111.21406 0.23005295
p 224 113 109.83182 0.4059906
p 225 112 107.60337 -0.42065048
p 226 111 105.67026 -1.4836426
p 225 110 103.72777 -0.49080276
p 226 109 102.134766 -1.6008224
p 225 108 100.44155 1.4651909
p 226 107 99.14053 -0.9089279
p 225 106 97.81666 -0.11319733
p 226 105 96.722786 -4.595249
p 227 104 95.63314 -3.2953415
p 228 103 94.20761 -3.3518944
p 229 102 91.51027 -3.799389
p 230 101 89.929726 -5.483341
p 231 101 89.059 -2.589466
p 232 100 88.69289 0.15450287
p 233 99 88.14503 1.2964592
p 233 98 86.69239 1.9377327
p 234 97 85.64519 -1.4380035
p 233 96 84.72743 2.53434
p 234 95 83.684685 1.4826508
p 234 94 80.85545 -5.1229515
p 235 93 77.24662 -8.536102
p 236 92 76.08925 6.2074394
p 236 91 74.39718 -0.1401825
p 237 90 72.74979 -1.4572868
p 237 89 62.340294 -13.944878
p 236 88 50.070026 -23.187946
p 235 87 48.45994 -21.91045
p 234 86 46.4645 -11.580229
p 235 85 45.24767 -3.1813583
p 234 84 44.332268 -22.197407
p 233 83 42.84238 -21.685017
p 232 82 40.966305 -12.235821
p 233 81 39.500347 7.1723137
p 232 80 38.6205 1.5000458
p 233 79 37.380325 2.781189
p 232 78 36.367798 5.570904
p 233 77 35.064407 -21.426113
p 234 76 33.652702 -24.340519
p 235 75 32.01642 -8.621719
p 234 74 30.85568 -17.479975
p 233 73 29.861807 -21.26005
p 232 72 29.568851 -17.510662
p 231 71 27.571117 -12.225869
p 232 70 26.426315 11.005344
p 231 69 25.354437 0.8975086
p 232 68 24.746807 -13.447044
p 233 67 23.239477 -13.391969
p 232 66 21.941961 7.596614
p 233 65 20.806671 1.526125
p 232 64 19.714895 -2.3535557
p 231 63 18.57959 0.6062727
p 230 62 17.831879 14.917661
p 229 61 17.020744 0.039858818
p 228 60 16.20424 0.37521362
p 227 59 15.421605 0.28351974

c 76 82.862686
p 229 154 91.40344 -1.6976509
p 230 155 88.9799 -7.6381454
p 231 156 87.41533 -2.1713943
p 230 157 85.76546 -0.18989182
p 231 158 83.980316 -4.662014
p 232 159 82.10456 -4.4254265
p 233 160 79.79039 -0.7576828
p 232 161 77.758575 -0.12701416
p 233 162 76.61175 -5.065254
p 234 163 75.6124 -4.074642
p 233 164 74.45055 2.4869766
p 234 165 72.95713 -4.204361
p 235 166 70.521935 -10.759838
p 234 167 68.19007 1.3944359
p 235 168 66.05993 -10.098583
p 236 169 63.92963 -2.8278809
p 237 169 60.54408 -4.6983833
p 238 170 51.67767 -10.658695
p 239 171 50.396824 5.9258347
p 239 172 50.31639 10.129734
p 239 173 42.603573 -8.405712
p 240 174 40.340744 -5.2389927
p 239 175 38.764854 7.3104973
p 240 176 37.9093 1.7742538
p 239 177 37.080853 -10.036167
p 238 178 36.40486 -12.959702
p 239 179 34.383854 -13.517063
p 240 180 33.188255 -13.301842
p 239 181 31.75883 -14.990381
p 238 182 30.618717 -20.172314
p 237 183 29.705992 -15.526386
p 236 184 29.112398 -11.681211
p 237 185 27.540777 -13.813856
p 238 186 26.493557 -18.362743
p 239 187 25.683792 -12.920441
p 240 188 24.3788 -18.513287
p 239 189 23.406858 4.394889
p 240 190 22.427313 2.3927174
p 239 191 21.361973 14.816237
p 240 192 20.189447 -0.7845106
p 240 193 19.350714 5.877022
p 239 194 18.63766 0.15014935
p 240 195 17.501339 -0.33479786
p 239 196 16.99118 0.33810616
p 240 197 15.583542 -0.5223541
p 239 198 15.330562 0.8397484
p 240 199 14.26691 -0.2281828
p 240 200 13.955671 -0.0816288
p 239 201 13.502712 -0.12768507
p 239 202 12.75282 0.0072422028
p 238 203 12.325622 -0.035844803
p 237 204 11.580696 -0.062107563
p 237 205 11.119547 0.11859083
p 238 206 10.552232 0.020567417
p 239 207 10.282516 -0.23121643
p 240 208 10.110859 -0.7575755
p 241 209 9.904752 -0.11877012
p 242 210 9.439155 -0.44939947
p 241 211 9.31477 -2.3984909E-4
p 240 212 9.076756 -0.031806946
p 239 212 9.076756 -0.292768
p 238 213 9.028769 -0.06439781
p 237 214 8.79283 0.066189766
p 236 215 8.684428 0.09453058
p 237 216 8.540753 -0.08406258
p 238 217 8.540753 0.029272556

c 77 42.43071
p 238 168 64.29783 -4.4116707
p 239 167 66.385376 -7.504486
p 240 166 68.02378 -8.737381
p 241 165 69.849915 -7.5599174
p 242 164 71.62942 -6.0646286
p 241 163 72.6258 -11.979412
p 240 162 73.991295 -6.5074043
p 241 161 74.53961 -13.779465
p 242 160 75.74853 -11.589329
p 243 159 76.6136 -18.479866
p 244 158 77.39125 -19.56689
p 245 157 80.13899 -15.849937
p 246 156 85.577545 -4.563881
p 246 155 93.02983 -2.3699722
p 246 154 93.570244 -6.1543045
p 245 153 95.117546 -5.087391
p 244 152 97.92138 0.72052765
p 244 151 101.461586 -0.34432983
p 245 150 102.97274 -0.27121735
p 246 149 104.290306 0.19253159
p 245 148 105.04632 0.14433289
p 244 147 105.87127 -1.1802368
p 243 146 106.72854 -0.07633209

c 78 28.0656
p 243 66 36.39638 -14.732687
p 244 65 22.886728 -11.242638
p 245 64 18.22379 -1.0854721
p 246 63 16.76773 1.6449537
p 245 62 15.843559 11.993353
p 246 61 15.013955 -0.8925309
p 247 60 14.341175 -0.69468164
p 248 59 13.804999 -0.12748909
p 248 58 13.275527 0.16459084
p 248 57 12.724373 -0.39100933
p 248 56 11.937395 -0.10161209
p 249 55 11.475158 -0.41505718
p 249 54 11.36789 0.004292965
p 250 53 10.933407 0.31005478
p 250 52 10.651277 0.29266024
p 251 51 10.068857 -0.15601826
p 251 50 9.850405 -0.064817905
p 251 49 9.635276 -0.3135643
p 250 48 9.440522 0.32991552
p 250 47 8.918144 -0.32539272
p 251 46 8.8117485 0.06820917
p 252 45 8.724621 -0.16413641
p 252 44 8.724621 -0.12118578
p 252 43 8.664303 -0.072366714
p 251 42 8.6546545 0.05199051
p 251 41 8.431287 -0.13364697
p 251 40 8.417854 -0.7411766
p 252 39 8.330782 -0.0060982704
p 253 40 8.330782 -0.19605207

c 79 74.6434
p 243 66 36.39638 1.1782036
p 244 67 40.07098 11.104315
p 243 68 42.027973 -5.363655
p 244 69 44.032246 5.2878838
p 245 70 46.027485 -0.31378746
p 244 71 47.56332 -2.016739
p 243 72 48.69875 -7.214037
p 244 73 49.621445 -1.4540253
p 245 74 50.597443 -15.789513
p 246 75 52.01953 -5.877426
p 245 76 53.25672 6.0365753
p 246 77 54.561935 -0.14846039
p 245 78 56.352646 -0.3203392
p 246 79 57.549408 -13.820721
p 247 80 59.231796 -11.377518
p 248 81 61.112453 -3.5861397
p 247 82 62.532867 -13.595665
p 246 83 64.10767 -7.704241
p 247 84 65.952965 3.2568665
p 246 85 69.15243 -9.149738
p 245 86 70.72392 -6.3876877
p 244 87 72.7117 -5.022953
p 245 88 74.04009 3.50589
p 244 89 75.23034 -0.34965897
p 245 90 76.27686 2.038189
p 244 91 77.529564 -1.1554222
p 245 92 79.06168 -8.650513
p 246 93 80.69884 -3.5575485
p 245 94 81.82392 1.2665977
p 246 95 83.40593 -5.8774643
p 247 96 85.08503 -6.305195
p 248 97 86.51453 -7.1908836
p 249 98 88.23849 -6.5493126
p 250 99 89.63249 -5.498863
p 251 100 90.92564 -3.528759
p 250 101 93.326584 2.5769653
p 251 102 94.50671 -1.0975571
p 252 103 95.36814 -2.043106
p 251 104 96.55826 -3.9008522
p 250 105 98.45133 -2.9817696
p 251 106 99.65447 -0.4657402
p 250 107 100.9814 -5.5823746
p 249 108 102.07553 -2.4279327
p 248 109 105.21176 -1.7163696
p 248 110 106.61531 -0.17828369
p 249 111 108.26537 1.8389854
p 248 112 109.528946 -0.8344574
p 247 113 111.03979 0.41160583

c 80 13.909066
p 243 190 22.193071 -12.533188
p 244 191 21.092731 -4.644003
p 245 192 20.086643 0.7950125
p 246 193 19.076962 14.6714735
p 247 194 18.146847 0.11826134
p 248 193 17.091528 11.716319
p 249 194 16.843729 -0.23850155
p 250 195 15.98674 -0.40857506
p 251 196 15.593265 -0.36343145
p 252 197 14.9955845 -0.021515846
p 253 198 14.597032 -0.25673485
p 254 199 14.228585 0.030106544
p 253 200 13.892698 -0.33290577
p 254 201 13.205343 0.24721432
p 254 202 12.153767 0.15755844
p 255 203 11.729821 0.6634836
p 254 204 11.543179 0.06509018
p 255 205 11.070954 -0.13852978
p 254 206 10.811045 0.14196873
p 255 207 10.250731 -0.32342434
p 255 208 9.950258 -0.29728222
p 255 209 9.408271 -0.05565834
p 255 210 9.408271 0.057609558
p 254 211 9.255198 0.03421402
p 254 212 9.188228 -0.080114365
p 254 213 8.763849 -0.6057186
p 255 214 8.716603 0.54199505
p 254 215 8.716603 -0.30351925
p 253 216 8.601749 0.01951933
p 253 217 8.4050665 -0.020336628
p 254 218 8.284005 -0.22970676
p 254 219 8.284005 -0.2793169

c 81 48.52626
p 243 190 22.193071 -20.488178
p 244 189 23.272928 -28.170208
p 245 188 24.312958 -29.680122
p 246 187 25.43759 -27.366919
p 247 186 26.697926 -24.50333
p 248 185 28.134672 -25.209375
p 249 184 29.476467 -22.075459
p 250 183 32.07262 -11.909238
p 249 182 33.03883 -23.07063
p 248 181 34.173916 -27.115696
p 247 180 36.258152 -14.679926
p 248 179 38.109688 5.1200867
p 247 178 39.894665 -23.589329
p 246 177 44.12105 -12.176132
p 247 176 46.77321 -21.165573
p 248 175 53.404533 -19.707787
p 249 174 57.252613 -18.341026
p 250 173 59.776123 -16.851898
p 251 172 70.71933 -4.086174

avg 42.789425
end