//fileLoc: inputData/gradient11.png
//fluxMulti: 3.0 channelCutOff: 10
//wk_fmin: 0.0 wk_fmax: 0.3
//total_mass_shift: 33.0
//colorstage1: 2 colorstage2: 3
# 86
avgCurve 0.1386652

c 0 23.277348
p 0 70 68.27928 6.803398
p 1 69 66.513756 -6.0997467
p 2 68 64.142166 -5.2495155
p 1 67 60.412933 9.033691
p 2 66 56.929432 -3.890316
p 1 65 53.405857 15.709446
p 2 64 51.365276 -4.478161
p 3 63 50.203583 -1.1361866
p 4 62 49.203575 5.453087
p 5 61 48.40768 0.60453033
p 6 60 47.71153 0.3175888
p 7 59 47.087685 0.16425896
p 6 58 46.570187 -0.15620041
p 7 57 46.265392 0.09953308
p 6 56 46.021736 0.06065178
p 6 55 45.857155 0.007089615
p 7 54 45.734344 0.042232513
p 7 53 45.57072 -0.01802826
p 6 52 45.498173 -0.052375793
p 6 51 45.390053 -0.013967514
p 5 50 45.247288 0.030851364
p 6 49 45.170895 0.0034008026
p 6 48 45.095985 0.03494072
p 6 47 45.09299 -0.08050728
p 5 46 45.09207 -0.03725624
p 6 45 45.001934 -0.16368484
p 5 45 45.001934 -0.080625534

c 1 42.493744
p 0 70 68.27928 -0.60606384
p 1 71 70.31273 -6.1009674
p 0 72 71.89738 7.402359
p 1 73 73.649055 -6.2371902
p 0 74 75.316475 7.167938
p 1 75 77.08655 -4.3197937
p 2 76 79.23125 -0.7141571
p 2 77 81.708626 -0.4284935
p 1 78 84.1014 1.5187149
p 0 79 85.17141 -1.3227692
p 1 80 85.77133 -2.8692474
p 2 81 87.055756 -3.272377
p 3 82 88.499115 -0.53230286
p 2 83 89.72119 1.1637383
p 3 84 90.687706 0.30350876
p 2 85 91.52687 0.042377472
p 1 86 92.37083 0.0047912598
p 2 87 93.39877 -0.25491333
p 3 88 94.26619 -0.56982803
p 4 89 95.17586 -0.5066147
p 5 90 96.01375 0.048042297
p 4 91 97.0278 -0.32596588
p 3 92 98.056206 -0.28662872
p 4 93 98.94805 -0.51228714
p 5 94 99.88333 -0.08146286
p 4 95 100.68818 -0.2473259
p 3 96 101.531136 -0.29420853
p 2 97 102.38832 -0.2876587
p 1 98 103.18006 -0.06544495
p 2 99 104.0541 0.18848419
p 1 100 104.90865 0.27025604
p 2 101 105.764694 -0.342247
p 3 102 106.5837 -0.10381317
p 2 103 107.46465 0.1436348
p 3 104 108.314865 -0.14020157
p 4 105 109.03103 -0.06833267
p 3 106 109.82301 -0.34065247
p 2 107 110.773026 -0.09451294

c 2 28.018543
p 1 181 72.627045 -0.32717896
p 2 182 70.66943 -6.216511
p 3 183 68.37068 -6.594948
p 2 184 65.31682 -0.07266235
p 3 185 63.319126 -9.367733
p 4 186 60.568687 -7.8511467
p 5 187 57.963043 -4.939638
p 4 188 54.871284 -3.8669128
p 5 189 53.682564 -12.015022
p 6 190 52.624126 -7.3466225
p 5 191 51.354507 9.527115
p 6 192 50.356094 6.690031
p 5 193 49.5079 3.599577
p 6 194 48.802097 0.19514656
p 5 195 48.220932 0.0098667145
p 4 196 47.73193 -0.014696121
p 4 197 47.24656 -0.14164543
p 4 198 46.889122 -0.13541031
p 3 199 46.588318 -0.083099365
p 2 200 46.29668 -0.093153
p 2 201 45.99899 0.0014362335
p 2 202 45.83574 -0.019727707
p 2 203 45.67625 0.111063
p 1 204 45.37911 -0.13682556
p 2 205 45.331944 0.06413841
p 1 206 45.328075 0.08654785
p 2 207 45.265053 0.027423859
p 1 208 45.132492 -0.06824875
p 2 209 45.080727 -0.0735302
p 3 210 45.052555 -0.027505875
p 4 211 44.988876 -0.065755844
p 3 212 44.905632 -0.03921318
p 4 213 44.847057 -0.09677124
p 5 214 44.841206 0.0036811829
p 6 214 44.841206 0.0040950775
p 7 215 44.813316 -0.0123806
p 6 216 44.772697 -0.062084198
p 7 217 44.74019 -0.029045105
p 7 218 44.67794 -0.060569763
p 7 219 44.637005 -0.020627975
p 7 220 44.62307 -0.06899071
p 8 221 44.6085 -0.032064438
p 8 222 44.6085 -0.036699295

c 3 21.378159
p 1 181 72.627045 -0.34114075
p 2 180 74.610886 -4.4799995
p 3 179 76.26755 -3.0097046
p 2 178 78.40735 2.4979553
p 3 177 79.67803 -3.0598068
p 4 176 82.26653 -0.8693924
p 4 175 85.72433 0.2399025
p 3 174 86.48191 1.337101
p 3 173 87.37574 0.15322876
p 4 172 89.11912 0.55459213
p 3 171 89.96727 0.8951645
p 4 170 90.798485 0.684021
p 4 169 92.150475 0.91335297
p 5 168 92.95692 -0.34822083
p 4 167 94.0052 0.1339798

c 4 69.268295
p 8 143 114.130844 -0.6720123
p 9 144 113.17829 -0.78850174
p 10 145 112.3009 -0.5992279
p 11 146 111.49965 -0.58291626
p 12 147 110.759094 0.5492592
p 13 147 110.70685 0.12774658
p 14 148 109.988785 -0.18775177
p 15 149 109.28064 -0.0966835
p 15 150 108.47713 0.47476196
p 16 151 106.9933 -4.234314E-4
p 17 152 105.83948 0.24201584
p 18 153 104.700134 0.3672676
p 17 154 103.48879 0.022037506
p 16 155 102.21897 -0.14477539
p 17 156 101.01554 -0.4994583
p 16 157 99.89944 -0.34848022
p 15 158 98.855 -1.684124
p 16 159 97.91216 -0.41641998
p 17 160 96.96268 0.49625778
p 16 161 95.96668 0.98215103
p 17 162 94.86613 -0.5345268
p 16 163 93.97162 1.9987106
p 16 164 93.42578 0.9860649
p 16 165 92.59315 -0.67264175
p 15 166 90.41549 -1.4231834
p 14 167 86.0732 -4.241192
p 15 168 83.29128 -6.3577538
p 16 169 81.55378 -6.544548
p 17 170 79.74327 -7.852516
p 18 171 77.38664 -8.864128
p 19 172 75.71592 -5.135166
p 18 173 74.33019 -11.410843
p 17 174 72.912285 -11.335201
p 16 175 71.328384 -3.6356125
p 17 176 69.95675 1.6190643
p 16 177 68.54185 1.143837
p 17 178 67.29343 0.089393616
p 16 179 65.945175 -10.790222
p 15 180 64.77183 -11.85265
p 14 181 63.53596 -11.2435875
p 13 182 62.407486 -5.1038704
p 14 183 61.334404 3.117218
p 13 184 60.181526 1.4310532
p 14 185 59.014835 -8.411449
p 15 186 57.954887 -10.264301
p 16 187 56.943493 -8.95401
p 17 188 56.0074 -9.215416
p 18 189 54.756516 -8.008333
p 17 190 53.615135 3.136486
p 18 191 52.64285 -1.1633854
p 19 192 51.676224 0.26049614
p 20 193 50.721233 7.0525436
p 21 194 49.925568 -0.051883698
p 22 194 49.123158 -0.39310074
p 23 195 48.72912 -0.22226334
p 24 196 48.15344 -0.07570648
p 24 197 47.68977 -0.017635345
p 23 198 47.18602 -0.17551994
p 24 199 46.77944 0.15970993
p 23 200 46.383755 -0.06900215
p 22 201 46.081833 0.0409832
p 21 202 45.914524 0.07442284
p 21 203 45.72758 -0.05467224
p 20 204 45.6185 0.06683159
p 21 205 45.451183 -0.0064048767
p 22 206 45.332462 -0.025741577
p 23 207 45.260727 0.027629852
p 22 208 45.19845 0.04550171
p 23 209 45.134342 -0.039218903
p 23 210 45.042755 -0.023571014
p 23 211 44.963608 -0.03397751
p 22 212 44.90969 0.014362335
p 21 212 44.86255 -0.09290695
p 22 213 44.86255 -0.04484558

c 5 38.046783
p 12 77 82.571014 -0.68149567
p 13 76 81.702705 -0.9387398
p 14 75 80.99486 0.065006256
p 15 75 80.8112 0.69436646
p 16 74 80.164246 0.68375397
p 16 73 79.400894 0.5074196
p 17 72 78.04756 -0.27447128
p 16 71 75.4142 0.37874603
p 16 70 70.7469 -2.860981
p 17 69 68.524155 -4.6265907
p 18 68 66.684616 -4.6873665
p 19 67 64.19203 -3.2071838
p 18 66 58.74014 -7.4088554
p 19 65 54.12639 -0.45342636
p 18 64 50.356495 -4.198641
p 17 63 49.172127 1.4478378
p 18 62 48.26068 4.2072887
p 19 61 47.597214 -0.20360184
p 20 60 47.17784 0.09996033
p 19 59 46.849606 0.08581352
p 20 58 46.581154 0.07012749
p 19 57 46.40932 -0.01733017
p 18 56 46.211514 0.02119255
p 18 55 45.93045 -0.06155777
p 19 54 45.747044 -0.050567627
p 20 53 45.537174 -0.011423111
p 19 52 45.45686 -0.04151535
p 18 51 45.31972 -0.059288025
p 17 50 45.303123 -0.026302338
p 16 49 45.245556 0.023384094
p 15 48 45.177006 0.031600952
p 16 47 45.07204 -0.001996994
p 16 46 45.065994 -0.093667984
p 16 45 44.99137 -0.030637741
p 17 44 44.926403 -0.063064575
p 16 43 44.871456 -0.026895523
p 15 42 44.854733 -0.007616043
p 16 41 44.83794 -0.0015640259
p 16 40 44.799408 -0.043491364
p 16 39 44.799408 -0.055633545
p 15 38 44.781006 -0.020801544
p 15 37 44.749336 -0.036273956
p 15 36 44.695496 -0.015350342
p 15 35 44.695496 -0.040311813
p 14 34 44.67367 0.008167267
p 15 33 44.64106 -0.050167084
p 16 32 44.619686 -0.036989212
p 16 31 44.55337 -0.010158539
p 16 30 44.52423 -0.023141861
p 16 29 44.52423 -5.226135E-4

c 6 21.198174
p 16 76 81.501526 -1.8133163
p 17 77 82.345116 -2.1089287
p 18 78 83.244865 -1.5099792
p 19 79 84.09235 -0.668972
p 20 79 85.32095 0.19273376
p 21 80 86.49587 0.19186401
p 20 81 86.82171 0.32033157
p 21 82 87.58761 0.01815033
p 20 83 88.62656 -1.1116676
p 19 84 89.96549 -0.103759766
p 18 85 91.125084 -0.17500305
p 19 86 92.19994 -0.022575378
p 20 87 93.11775 -0.59323883
p 19 88 94.178665 -0.5057945
p 18 89 95.13051 -0.67350006
p 17 90 96.416626 -0.13721848
p 18 91 97.41003 -0.3666191
p 19 92 98.53625 -0.30769348
p 20 93 99.384514 -0.283432
p 19 94 100.122314 -0.55659485
p 18 95 100.96442 -0.5132332
p 17 96 101.85973 -0.21455765
p 16 97 102.6997 -0.23029709

c 7 69.29774
p 17 111 114.17626 -0.37847137
p 18 110 113.14342 -0.60227585
p 19 109 112.2601 -0.29024124
p 20 108 111.40566 -0.35277176
p 21 107 110.52639 -0.019390106
p 22 106 109.629776 -0.3155365
p 23 105 108.81708 -0.2646904
p 24 104 108.14802 0.04314041
p 23 103 107.225395 -0.20829391
p 24 102 106.419685 -0.23373413
p 25 101 105.583275 -0.23749542
p 24 100 104.62956 -0.16701889
p 25 99 103.48885 -0.49340057
p 26 98 102.30562 -0.96087265
p 27 97 101.61222 0.07966995
p 26 96 99.92209 -1.4027634
p 25 95 98.88763 0.12747574
p 26 94 97.38907 -1.2022285
p 27 93 96.159454 -1.3354187
p 28 92 94.879974 -2.1381073
p 29 91 93.67334 -2.8284683
p 30 90 92.05167 -2.6851807
p 31 89 91.017044 -0.101890564
p 32 88 90.111275 -0.3384514
p 31 87 89.15161 0.026390076
p 32 86 88.084114 -0.19419861
p 33 85 86.70531 -0.54016876
p 32 84 85.371056 0.44098282
p 32 83 81.553406 -5.977646
p 31 82 78.94621 -2.4009361
p 32 81 77.2803 -0.57787704
p 31 80 75.58745 -0.5927849
p 32 79 74.10553 -8.89695
p 33 78 72.95441 -9.249577
p 34 77 71.835236 -6.332348
p 35 76 68.67576 -4.912346
p 34 75 67.33777 1.4497719
p 35 74 66.354935 2.681553
p 34 73 63.99995 -2.6400528
p 35 72 62.817738 0.44667435
p 34 71 61.73739 -10.902599
p 33 70 60.429577 -11.205456
p 32 69 58.922905 -8.511047
p 31 68 56.571636 -8.936014
p 32 67 55.130962 -11.61581
p 33 66 53.935738 -8.483664
p 32 65 52.766426 1.5916176
p 33 64 51.583057 -2.4373055
p 34 63 50.68157 -0.9858761
p 35 62 49.868042 0.0070152283
p 34 61 49.165558 -0.6400738
p 35 60 48.495247 0.15917778
p 34 59 47.86965 -0.0051136017
p 33 58 47.32506 0.06186676
p 32 57 46.937325 0.05076599
p 32 56 46.557266 -0.020895004
p 32 55 46.25086 0.021549225
p 33 54 46.01309 0.016691208
p 34 53 45.841797 -0.07328224
p 33 52 45.737213 0.022794724
p 33 51 45.541206 0.029630661
p 32 50 45.315113 -0.036813736
p 31 49 45.27799 0.0820446
p 30 48 45.200535 -0.0075263977
p 31 47 45.097443 -0.029865265
p 30 46 45.06874 -0.048095703
p 29 45 44.96831 -0.07651138
p 30 44 44.96627 -0.0503273
p 30 43 44.931515 -0.059122086
p 30 42 44.878525 -0.017723083
p 31 42 44.878525 -0.09315872

c 8 0.17696762
p 22 32 44.661728 -0.049922943
p 22 33 44.661728 -0.008443832
p 22 34 44.684025 -0.05826187
p 22 35 44.684025 -0.03037262
p 23 36 44.713253 -0.034915924
p 23 37 44.713253 -0.0033493042
p 23 38 44.724117 0.0062236786
p 23 39 44.779526 0.027015686
p 23 40 44.797005 0.0033893585
p 22 41 44.797005 -0.06817627
p 22 42 44.838696 -0.10528374

c 9 65.535095
p 23 206 45.37376 0.075237274
p 24 205 45.44464 -0.047470093
p 25 204 45.604736 -0.04540825
p 26 203 45.752636 -0.09685898
p 27 202 45.950287 0.044805527
p 26 201 46.165375 0.07859993
p 27 200 46.453674 0.117076874
p 28 199 46.80877 -0.05303955
p 28 198 47.25373 0.14270782
p 27 197 47.57884 -0.1707077
p 26 196 48.150524 -0.029722214
p 27 195 48.675915 0.07093811
p 26 194 49.26273 0.160429
p 27 193 49.878803 4.998308
p 28 192 50.665833 3.1459599
p 27 191 51.75866 -1.963829
p 28 190 52.688683 -4.7589912
p 27 189 54.00723 -2.1356277
p 28 188 55.462315 -2.4307327
p 27 187 57.119724 -8.342701
p 26 186 59.47953 -7.261919
p 27 185 61.438084 -6.713173
p 28 184 63.86072 -6.7185326
p 27 183 65.72311 -6.8943176
p 26 182 68.091995 -5.789173
p 27 181 70.35556 -6.7882156
p 28 180 72.19479 -5.7185593
p 29 179 77.91202 3.8143349
p 29 178 78.1582 0.83800507
p 28 177 78.73856 -1.7291107
p 27 176 79.9219 -0.8720856
p 28 175 81.39318 3.9491005
p 27 174 82.82262 -0.9041405
p 28 173 84.02904 1.131073
p 29 172 84.94682 -0.9514084
p 28 171 85.91125 1.4714699
p 29 170 86.74058 -0.19282532
p 28 169 87.667336 0.004535675
p 29 168 88.85956 0.088775635
p 30 167 89.74383 -1.2849121
p 29 166 91.38653 2.3629265
p 30 165 92.40557 -0.795105
p 31 164 93.18982 -1.537014
p 32 163 94.05825 -2.4056816
p 33 162 94.92615 -2.0509377
p 34 161 96.089035 -1.9573975
p 35 160 97.94092 -0.12646866
p 34 159 99.18172 1.2074242
p 35 158 99.90742 0.24229813
p 34 157 100.91748 0.64351654
p 35 156 101.876945 0.8302002
p 34 155 102.61317 0.3099556
p 35 154 103.46011 0.14380646
p 34 153 104.49972 -0.38287735
p 33 152 105.65984 -0.06788254
p 32 151 106.76528 0.06752396
p 33 150 107.91863 0.31596375
p 34 149 109.01873 -0.44345093
p 33 149 109.101814 0.0127334595
p 32 148 110.12961 -0.058654785
p 33 147 110.90886 -0.20529175

c 10 32.910946
p 27 208 45.236782 0.040246964
p 28 207 45.251156 0.036808014
p 29 206 45.36591 0.028009415
p 30 205 45.54416 0.035596848
p 31 204 45.67397 0.032598495
p 32 203 45.891598 -0.020669937
p 33 202 46.069042 0.01732254
p 34 201 46.24625 -0.040908813
p 34 200 46.535248 -0.06241989
p 35 199 46.92574 0.09392166
p 36 198 47.23022 -0.014707565
p 36 197 47.76168 0.17536354
p 37 196 48.164345 0.02176857
p 36 195 48.66965 -0.031476974
p 35 194 49.33542 -0.37213135
p 36 193 50.012733 5.2497272
p 35 192 50.833397 2.6914768
p 36 191 51.994175 -3.8559685
p 35 190 53.026203 -10.274483
p 34 189 54.253826 -6.110655
p 35 188 55.44856 1.8409843
p 34 187 56.75407 -0.16765213
p 35 186 58.045593 -9.304222
p 36 185 59.60408 -7.0485744
p 35 184 61.61635 -9.953777
p 34 183 63.76533 -6.3767853
p 35 182 65.927666 -9.755169
p 36 181 68.242 -10.454407
p 37 180 70.123856 -9.086269
p 38 179 73.15241 -2.4269257
p 37 178 75.627846 2.9639626
p 38 177 78.14773 -2.775734

c 11 71.94949
p 32 114 116.48689 0.02696991
p 33 113 115.436264 0.17828369
p 34 112 114.33613 0.17293549
p 35 111 113.261696 0.13317108
p 36 110 112.43673 0.26397705
p 35 109 111.57529 0.30867767
p 36 108 110.74993 0.34817123
p 37 107 109.7996 0.41910172
p 38 106 108.35663 -0.32907104
p 39 105 107.12856 0.25778198
p 38 104 106.208115 0.35980225
p 39 103 105.16116 -0.47327423
p 38 102 103.93866 -0.37956238
p 37 101 102.877975 -0.8664665
p 38 100 101.25318 -0.85766983
p 39 99 99.856026 -1.0270462
p 40 98 98.394905 -0.8600235
p 41 97 96.64623 -1.9772911
p 40 96 94.44786 -2.7816734
p 39 95 89.7235 -5.757202
p 40 94 87.70592 -8.099403
p 41 93 86.10638 -9.1819
p 42 92 84.5896 -8.788498
p 43 91 83.12794 -8.921066
p 44 90 81.75141 -9.616127
p 45 89 79.93417 -11.227245
p 46 88 78.61336 -15.761963
p 47 87 77.43616 -5.807308
p 48 86 76.28671 -8.653358
p 49 85 75.17308 -4.989235
p 48 84 74.053215 2.6753044
p 49 83 73.11767 0.8874626
p 48 82 72.10227 0.5523987
p 49 81 71.0373 -9.847042
p 50 80 69.89108 -11.825722
p 51 79 68.70463 -9.7309265
p 52 78 67.734985 -10.1836815
p 53 77 66.63907 -9.5371475
p 54 76 65.60722 -6.4409943
p 53 75 64.49377 -10.18404
p 52 74 63.462357 -11.541225
p 51 73 62.330353 -8.540028
p 50 72 61.294247 -6.7027397
p 51 71 60.281258 -6.6284256
p 52 70 59.283054 -7.050703
p 51 69 58.299206 -7.0161934
p 50 68 57.33088 -7.189398
p 51 67 56.370865 -10.8115425
p 52 66 55.411877 -12.982597
p 53 65 54.470383 -9.175774
p 54 64 53.60199 0.092084885
p 53 63 52.581665 1.9509068
p 52 62 51.697964 0.07461548
p 53 61 50.85213 -0.114105225
p 53 60 50.04594 -0.48996925
p 52 59 49.29527 -0.37965393
p 51 58 48.585125 -0.3503418
p 50 57 47.951527 0.07049179
p 50 56 47.35288 0.08757019
p 51 55 46.775524 -0.13541794
p 51 54 46.27414 -0.063114166
p 50 53 45.96608 -0.08516693
p 49 52 45.76559 0.047006607
p 50 51 45.572437 0.027460098
p 51 50 45.39835 0.05067444
p 50 49 45.2817 0.0017223358
p 51 48 45.226715 0.002796173
p 51 47 45.15959 -0.03062439
p 51 46 45.07103 0.018009186
p 52 45 44.95274 0.009876251
p 51 44 44.891926 -0.06295967
p 51 43 44.867832 -0.021720886
p 51 42 44.800953 -0.041355133
p 52 41 44.790325 0.008821487
p 51 40 44.778008 -0.059345245
p 50 40 44.76286 -0.050310135
p 49 39 44.76286 0.022445679
p 49 38 44.702408 -0.019386292
p 48 37 44.702408 -0.012556076
p 47 36 44.657543 0.028272629
p 46 35 44.637077 -0.05304718
p 46 34 44.630817 -0.07395935
p 46 33 44.60174 -0.011816025
p 46 32 44.588814 -0.04973221
p 47 31 44.537403 0.038972855
p 47 30 44.537403 -0.113414764

c 12 1.1943283
p 36 52 45.796303 0.04343605
p 37 51 45.57648 -0.014451981
p 38 50 45.42285 -0.006082535
p 38 49 45.298737 0.01011467
p 39 48 45.24714 0.012456894
p 40 47 45.1619 -0.10135651
p 41 46 45.07168 -0.044462204
p 41 45 44.97033 -0.035751343
p 40 44 44.920887 0.0032482147
p 39 43 44.869205 -0.047266006
p 40 42 44.869205 0.03284645
p 39 41 44.834606 -0.044973373
p 38 40 44.795048 -0.06187439
p 39 39 44.795048 0.011842728
p 38 38 44.748726 -0.048870087
p 37 37 44.74824 0.043756485
p 38 36 44.677555 -0.0650177
p 39 35 44.66404 -0.024763107
p 38 34 44.65683 0.0026111603
p 39 33 44.61614 -0.034698486
p 39 32 44.601974 -0.045568466
p 38 31 44.601974 -0.032104492

c 13 16.6036
p 41 183 61.294945 -7.1671352
p 42 184 60.248856 -9.803101
p 43 185 59.16014 -6.371052
p 42 186 57.93444 3.4941483
p 43 187 56.836353 -9.257374
p 44 188 55.7869 -12.694271
p 45 189 54.768314 -9.966274
p 46 190 53.853504 -7.461176
p 45 191 52.805 -2.1027603
p 44 192 51.820793 0.4837761
p 43 193 50.92788 0.073246
p 44 194 50.100365 0.050870895
p 45 195 49.339485 0.04155159
p 44 196 48.645798 0.011022568
p 43 197 48.0768 0.12983513
p 44 198 47.50367 0.059991837
p 43 199 47.061745 -0.0017490387
p 42 200 46.63411 0.07241058
p 43 201 46.319572 -0.032316208
p 44 202 46.122288 -0.077228546
p 43 203 45.990063 0.0344944
p 42 204 45.774044 0.0011119843
p 41 205 45.670628 0.026866913
p 42 206 45.53104 -0.044700623
p 42 207 45.45438 -0.008033752
p 43 208 45.341797 0.046657562
p 43 209 45.181473 -0.111040115
p 43 210 45.100193 0.009410858
p 42 211 44.98744 0.005422592
p 42 212 44.984474 -0.010034561
p 41 213 44.93701 -0.04567337
p 42 214 44.915825 0.017162323
p 43 215 44.89412 -0.028963089
p 44 215 44.852917 -0.057718277
p 45 216 44.852917 -0.019018173
p 46 217 44.787834 -0.080350876
p 45 218 44.755825 0.009973526
p 44 219 44.755825 -0.06108284
p 45 220 44.719917 -0.014659882
p 46 221 44.71214 -0.08254814
p 47 222 44.71214 0.052257538
p 48 222 44.691345 -0.06953812
p 49 222 44.691345 -0.029829025

c 14 55.091034
p 41 183 61.294945 -6.9962425
p 42 182 62.42084 -11.234615
p 43 181 63.59615 -13.499527
p 44 180 64.7936 -12.76936
p 45 179 66.02245 -12.697857
p 46 178 67.330605 -12.646908
p 47 177 68.76597 -12.080986
p 48 176 70.32551 -10.856991
p 49 175 71.72726 -6.686058
p 48 174 73.13483 2.2983322
p 49 173 74.86493 -10.510006
p 50 172 76.448395 -11.19183
p 51 171 80.04615 -3.30122
p 50 170 88.47944 8.299107
p 51 169 89.7838 1.3729515
p 50 168 90.85492 -0.21993637
p 49 167 91.79909 -0.38484955
p 50 166 92.616684 0.5872688
p 49 165 93.4554 0.14968109
p 50 164 94.372025 -0.17276764
p 51 163 95.28273 -0.45310974
p 52 162 96.26353 0.055202484
p 53 161 97.27124 -1.0201302
p 54 160 98.25969 -0.48605347
p 53 159 99.253174 -1.095768
p 52 158 100.35135 -0.45867538
p 51 157 101.419136 -0.51706696
p 52 156 102.5009 -0.40617752
p 53 155 103.468544 -0.7950554
p 54 154 104.3418 -0.5957184
p 55 153 105.7867 -0.38272095
p 56 152 106.81807 -0.44722748
p 55 151 107.81613 -0.4326973
p 54 150 108.81065 -0.18392944
p 53 149 109.58934 -0.14251709
p 54 148 110.64927 0.2948532
p 53 147 111.37969 -0.06993103
p 52 146 112.486946 0.17658997
p 51 145 113.227066 -0.27788925
p 50 144 113.91232 -0.7555237
p 49 143 114.662155 -0.7583389
p 48 142 115.479034 -0.089790344
p 49 141 116.38598 -0.08436203

c 15 34.53769
p 48 88 79.690285 -7.8069572
p 49 89 81.4262 -5.610878
p 48 90 83.07791 1.0340805
p 49 91 84.17882 -8.069389
p 50 92 89.74995 1.3277092
p 51 92 91.006996 -1.750042
p 52 93 92.48396 -1.7107925
p 53 94 93.66593 -1.7589111
p 54 95 95.06276 -2.1653023
p 55 96 96.05238 -1.8270493
p 56 97 97.17119 -1.5872078
p 57 98 98.35666 -3.749237
p 58 99 99.63916 -4.1123466
p 59 100 100.888466 -3.0851898
p 60 101 102.19592 -3.3696594
p 61 102 103.84614 -0.7481575
p 60 103 105.940704 -0.5044403
p 60 104 107.21017 -0.2906189
p 59 105 108.34169 -0.17158127
p 58 106 109.47209 -0.27717972
p 57 107 110.52745 -0.2207756
p 56 108 111.542564 -0.15389252
p 56 109 112.65272 0.015403748
p 57 110 113.502396 -0.3875122
p 58 111 114.227974 -0.26551437

c 16 2.0467987
p 54 200 46.87344 0.05370903
p 55 201 46.5643 -0.042139053
p 54 202 46.32447 -0.019191742
p 55 203 46.053272 -0.06388092
p 56 204 45.818924 0.0216465
p 57 205 45.643635 0.069099426
p 58 206 45.439148 -0.016210556
p 57 207 45.36141 0.076488495
p 56 208 45.258064 -0.075553894
p 55 209 45.18434 0.029464722
p 55 210 45.161026 -0.046087265
p 56 211 45.13912 -0.046812057
p 55 212 45.08592 0.026571274
p 56 213 44.942062 -0.046808243
p 56 214 44.878674 -0.07284927
p 56 215 44.82664 0.002073288
p 55 215 44.82664 -0.07618523

c 17 42.710827
p 54 200 46.87344 0.060842514
p 55 199 47.119087 0.02325821
p 56 198 47.622192 -0.08886528
p 57 197 48.173676 -0.01895523
p 58 196 48.662144 -0.21247292
p 58 195 49.22952 0.13030624
p 59 194 49.9048 0.20167542
p 60 193 50.747494 6.0105724
p 61 192 51.658783 -0.32331276
p 62 191 52.52983 -3.6757107
p 63 190 53.532185 -7.8869324
p 64 189 54.58906 -6.6522064
p 63 188 55.581043 -11.323547
p 62 187 56.79526 -12.456371
p 61 186 58.04532 -12.137066
p 60 185 59.148605 -11.400936
p 59 184 60.239468 -12.037144
p 58 183 61.39178 -10.3722725
p 57 182 62.602043 -7.123064
p 58 181 63.779984 -9.103878
p 59 180 64.99697 -5.8636703
p 58 179 66.495735 2.7193108
p 59 178 67.879684 -9.166073
p 60 177 69.23697 -6.2616997
p 59 176 70.90583 -9.7575035
p 58 175 72.70811 -5.440834
p 59 174 74.39214 -9.063885
p 60 173 76.0737 -9.192806
p 61 172 77.54928 -5.1641273
p 60 171 79.702385 3.0210762
p 61 170 81.52601 -6.523838
p 62 169 84.3209 -5.7080727
p 63 168 88.99678 0.12214279
p 62 167 89.58427 0.64754105

c 18 47.30317
p 57 41 44.786232 -0.01011467
p 57 42 44.786232 -0.1164093
p 58 43 44.88095 -0.06733322
p 59 44 44.947876 0.0032653809
p 60 45 44.98798 -0.049690247
p 61 46 45.05289 0.021923065
p 60 47 45.08608 -0.10979271
p 60 48 45.194786 -0.013866425
p 59 49 45.291035 -0.049095154
p 60 50 45.398834 0.028194427
p 61 51 45.473846 -0.047403336
p 60 52 45.781754 -0.08701515
p 60 53 45.97067 -0.05426979
p 60 54 46.44908 -0.13591003
p 60 55 46.883854 -0.0094127655
p 60 56 47.41372 0.04253769
p 61 57 47.98293 -0.052484512
p 61 58 48.60149 -4.5394897E-4
p 60 59 49.270042 0.03671074
p 59 60 49.945126 0.010835648
p 58 61 50.569855 -0.08694267
p 57 62 51.101875 3.7824383
p 58 63 51.242916 -1.0783424
p 59 63 52.082554 0.037240982
p 60 64 53.1221 -3.292986
p 61 65 54.10246 -9.041767
p 62 66 55.138657 -6.2484894
p 61 67 56.277637 1.2503204
p 62 68 57.44849 -0.4452362
p 61 69 58.633854 -10.539883
p 60 70 60.171093 -7.113306
p 61 71 61.984573 -11.529388
p 62 72 64.805435 -5.859625
p 61 73 67.7015 2.962494
p 62 74 70.01561 1.4822769
p 61 75 72.50679 -7.910057
p 60 76 74.87377 -3.309723
p 61 77 76.76821 -5.326996
p 62 78 78.382256 -3.5508041
p 61 79 80.22913 -3.5329704
p 60 80 82.17834 -1.4588203
p 61 81 83.610596 -1.745018
p 62 82 85.198845 -1.1981506
p 61 83 86.57317 -1.7204704
p 60 84 88.17183 -0.4860115
p 61 85 89.68045 -1.7050362
p 62 86 91.151505 -0.35361862
p 61 87 92.0894 -0.44124985

c 19 4.735199
p 62 195 49.485123 0.07457924
p 63 196 48.7986 -0.024539948
p 64 197 48.270668 0.04825592
p 64 198 47.75544 -0.05971527
p 64 199 47.478077 0.036748886
p 63 200 47.043724 -0.120018005
p 62 201 46.649605 -0.012582779
p 63 202 46.289116 -0.0054531097
p 63 203 46.047707 0.14622688
p 64 204 45.761272 -0.079912186
p 63 205 45.615875 0.010984421
p 62 206 45.46466 -0.057647705
p 62 207 45.352657 -0.037197113
p 63 208 45.2725 -0.0016822815
p 64 208 45.242786 -0.011508942
p 65 209 45.221535 0.0033607483
p 65 210 45.151024 -0.04906845
p 65 211 45.12296 0.007413864
p 66 212 45.0177 -0.11755371
p 65 213 45.015747 0.021503448
p 66 214 44.93976 -0.08356285
p 67 215 44.882797 5.722046E-5
p 67 216 44.82844 -0.0067596436
p 68 217 44.812595 -0.041635513
p 68 218 44.77458 -0.012142181
p 67 219 44.749924 -0.046590805
p 67 220 44.749924 -0.05163765

c 20 28.1231
p 62 195 49.485123 0.0495739
p 63 194 50.175655 0.038391113
p 64 193 50.945072 0.08024025
p 65 192 51.876244 -4.2548733
p 66 191 52.947906 -10.334259
p 67 190 54.14988 -8.083221
p 66 189 56.721405 -2.019703
p 67 188 60.630066 -13.036087
p 68 187 63.55825 -10.809643
p 69 186 66.83214 -8.697639
p 70 185 69.27869 -7.4031334
p 71 184 72.798546 -5.384659
p 72 183 74.9418 -3.1308708
p 71 182 77.60822 -0.7594185

c 21 68.56467
p 66 110 113.17702 -0.16433334
p 67 109 112.323296 -0.39836884
p 68 108 111.16788 -0.5864105
p 69 107 110.37165 -0.37253952
p 70 106 109.406525 -0.38777924
p 71 105 108.411476 -0.65816116
p 72 104 107.3121 -0.43966675
p 73 103 106.37331 -0.8542061
p 74 102 105.380684 -0.9983101
p 75 101 104.465706 -1.615387
p 76 100 103.088356 -1.7271118
p 77 99 102.2176 -0.78741837
p 76 98 101.22997 -2.3145523
p 75 97 100.26239 -2.740059
p 74 96 99.25269 -0.18875504
p 75 95 98.38404 -1.2934761
p 76 94 97.21727 -0.76021194
p 77 93 95.98807 -1.0560493
p 78 92 94.38675 -1.8102913
p 79 91 92.38149 -3.2868843
p 80 90 89.78146 -1.1152802
p 81 89 88.14671 -2.942852
p 82 88 86.24982 -3.7233238
p 81 87 84.69321 -4.9827766
p 80 86 79.38719 -8.053734
p 81 85 77.56364 -10.401585
p 82 84 76.249146 -5.574478
p 81 83 74.95641 -9.886024
p 80 82 73.65832 -10.053608
p 79 81 72.404976 -5.6329384
p 80 80 71.108215 1.5237923
p 79 79 69.97932 -0.49578857
p 80 78 68.64541 -10.567566
p 81 77 67.41465 -11.629765
p 82 76 66.35931 -11.907619
p 83 75 65.2636 -9.788494
p 84 74 64.174065 -7.521778
p 83 73 62.93902 -8.58802
p 82 72 61.744896 -6.681465
p 83 71 60.752815 -7.435768
p 84 70 59.54442 -5.7143593
p 83 69 58.417164 1.8973656
p 84 68 57.304695 -9.573032
p 85 67 56.269997 -10.474022
p 86 66 55.2081 -10.219212
p 85 65 54.152958 -9.527866
p 84 64 53.016136 -3.8782406
p 83 63 52.02943 0.06222534
p 84 62 51.16865 4.3784313
p 83 61 50.319286 -0.7907753
p 82 60 49.521 -0.8300648
p 81 59 48.838802 0.06373215
p 81 58 48.208523 -0.1605587
p 80 57 47.60998 -0.16415024
p 79 56 47.007294 -0.028024673
p 79 55 46.7185 0.08031845
p 78 54 46.373383 0.082437515
p 79 53 45.981865 0.020755768
p 79 52 45.74725 0.1672287
p 80 51 45.600544 -0.08501053
p 81 50 45.482758 -0.10364342
p 80 49 45.391388 -0.029176712
p 79 48 45.201866 -0.09243965
p 78 47 45.19628 0.055973053
p 78 46 45.048214 -0.09799194
p 79 45 45.01249 -0.045446396
p 78 44 44.955986 8.4877014E-4
p 78 43 44.9285 0.016708374
p 78 42 44.883026 -0.034521103
p 77 41 44.856476 -4.4822693E-4
p 78 40 44.815422 -0.03381157
p 79 39 44.78285 -0.06191063
p 78 38 44.727955 -0.026144028
p 79 37 44.69219 -0.04565239
p 80 36 44.682003 -0.022460938
p 81 35 44.656296 0.059606552
p 82 34 44.61235 -0.08467865
p 83 34 44.61235 0.005332947
p 84 34 44.64612 -0.08349228
p 85 35 44.69717 -0.021705627
p 86 36 44.701572 -0.05762863
p 85 37 44.7525 0.029474258
p 86 38 44.7525 -0.016304016
p 86 39 44.797516 0.0056495667
p 85 40 44.83983 0.041812897
p 84 41 44.851875 -0.032892227
p 85 42 44.938576 0.020244598
p 86 43 44.997063 -0.046037674
p 87 44 45.091614 -0.09199715
p 87 45 45.1424 -0.07359886
p 86 46 45.21413 -0.08624649
p 86 47 45.287785 0.012611389
p 87 48 45.291397 -0.058321
p 88 49 45.39148 -0.041244507
p 89 50 45.501045 0.011991501
p 90 51 45.53883 0.0045051575
p 91 52 45.671455 -0.0044784546
p 92 53 45.877903 0.016735077
p 92 54 46.227974 0.106349945
p 93 55 46.66301 0.09396362
p 94 56 46.95926 -0.038555145
p 94 57 47.3771 0.035131454
p 93 58 47.662487 -0.06090164
p 93 59 48.13014 0.03317833
p 94 60 48.521362 0.09547424
p 93 61 49.02851 0.18470192
p 92 62 49.633022 7.09313
p 91 63 50.521847 1.7078247
p 90 64 51.539597 -5.35034
p 91 65 52.703705 -12.7346115
p 92 66 54.22254 -14.655132
p 93 67 55.986988 -7.1915894
p 92 68 58.34924 -10.724098
p 91 69 60.491238 -10.960041
p 90 70 63.801968 -4.5509624
p 91 71 65.95328 -7.9333496
p 92 72 72.622345 1.7334633
p 92 73 73.08603 -1.2151337
p 93 74 74.560585 -1.7994881
p 92 75 76.27547 -2.0275764
p 91 76 77.944275 -1.8013496
p 90 77 79.46212 -2.6828003
p 89 78 81.50899 -1.9212799

c 22 4.045761
p 67 61 48.994728 0.62443924
p 68 60 48.696053 0.07827568
p 68 59 48.35611 0.19002533
p 69 58 47.94877 0.014749527
p 70 57 47.60559 0.015907288
p 71 56 47.166817 0.013189316
p 72 55 46.785725 0.0442276
p 73 54 46.422318 -0.020187378
p 72 53 46.059383 -0.009357452
p 73 52 45.825657 0.0018253326
p 74 51 45.59876 0.025129318
p 75 52 45.738914 0.08133888
p 76 51 45.59284 -0.007951736
p 76 50 45.46854 0.0031414032
p 75 49 45.341244 -0.07253647
p 75 48 45.222656 -0.06864548
p 76 47 45.07506 0.048034668
p 76 46 45.042973 -0.047634125
p 76 45 45.042973 0.04144287
p 77 44 44.948967 0.010871887

c 23 66.06781
p 69 145 110.56179 -0.32988358
p 70 146 109.65845 -0.3478279
p 71 147 108.853386 -0.039707184
p 72 148 107.63464 0.09895325
p 73 149 106.4969 -0.02129364
p 74 150 105.24925 -1.319107
p 73 151 104.03897 -0.012123108
p 74 152 102.93054 -0.27989197
p 75 153 102.201836 1.200386
p 74 154 101.57758 0.29890823
p 75 155 100.9468 0.07117462
p 74 156 98.8607 1.8935661
p 74 157 97.12713 -1.943882
p 75 158 95.27882 -2.1969986
p 74 159 94.24668 -1.1686058
p 73 160 93.60599 -0.53019714
p 74 161 91.92224 -0.29827118
p 75 162 90.61964 -3.0927925
p 76 163 89.14147 -1.2410393
p 75 164 87.930435 -1.5663071
p 74 165 87.011955 -2.1956863
p 74 166 86.62099 -2.9168587
p 75 167 86.53624 -1.3062973
p 76 168 79.23874 -6.7773094
p 77 169 77.823326 -4.8274384
p 76 170 76.62454 -6.6498947
p 75 171 75.407585 -5.7395096
p 76 172 74.02186 -5.995838
p 77 173 72.96432 -8.264935
p 76 174 71.602036 1.5054321
p 77 175 70.27392 -5.120079
p 78 176 68.8888 -3.3545876
p 77 177 67.90552 -6.4135284
p 78 178 66.8851 -7.8410797
p 79 179 65.88598 -8.859684
p 80 180 64.980316 -9.283936
p 81 181 63.943428 -9.353836
p 82 182 62.854897 -9.318493
p 83 183 61.827644 -8.168484
p 84 184 60.824654 -6.289215
p 83 185 59.919235 -7.3455696
p 82 186 59.029327 -8.664551
p 81 187 58.16493 -9.093552
p 80 188 57.284534 -7.050106
p 79 189 56.195335 -6.233534
p 80 190 54.983532 -0.430027
p 79 191 54.083145 -0.99126244
p 78 192 53.19943 0.008184433
p 79 193 52.31492 3.1617584
p 80 194 51.442142 -0.79120636
p 81 195 50.552307 -0.79180527
p 82 196 49.833805 0.07417679
p 81 197 49.16362 -0.049007416
p 81 198 48.5178 0.0028305054
p 81 199 47.88325 0.035398483
p 82 200 47.29787 0.06920624
p 83 201 46.767467 -0.09665489
p 83 202 46.38191 0.0014228821
p 82 203 46.03005 -0.0322361
p 81 204 45.79644 -0.011173248
p 82 205 45.632175 0.027246475
p 83 206 45.458405 0.022773743
p 82 207 45.34665 -0.012916565
p 81 208 45.26945 -0.13837242
p 80 209 45.186417 -0.04498291
p 79 210 45.144714 -0.022216797
p 78 211 45.093853 0.010454178
p 79 212 45.056347 -0.076719284
p 79 213 44.98221 0.011255264
p 79 214 44.97415 -0.0039463043
p 78 215 44.911015 -0.019756317
p 77 216 44.905323 -0.048540115
p 77 217 44.81374 -0.0358963
p 77 218 44.806217 -0.06239319
p 76 219 44.78109 -0.05175972
p 77 220 44.774544 -0.042409897
p 78 221 44.69515 -0.11014557
p 77 222 44.673435 0.014490128
p 77 223 44.654556 -0.012048721
p 78 224 44.640545 2.040863E-4
p 78 225 44.624924 -0.07170677
p 78 226 44.609764 -0.060878754
p 77 227 44.582573 -0.09317207
p 78 228 44.57806 0.005405426
p 77 229 44.570755 -0.11769295
p 76 230 44.5601 -0.04055977
p 76 231 44.555153 9.918213E-4
p 77 232 44.551064 0.08568001
p 78 233 44.493977 0.027606964
p 77 233 44.493977 -0.101667404

c 24 32.96085
p 71 60 48.581646 -0.073345184
p 71 61 49.074574 0.34278488
p 72 62 49.6128 6.53977
p 73 63 50.555653 -0.941555
p 74 64 51.568638 -3.0458736
p 75 65 52.900513 -7.253298
p 74 66 54.40809 -13.224838
p 73 67 57.103355 -8.362053
p 74 68 59.539967 -9.225361
p 75 69 62.462112 -5.4620667
p 74 70 65.388115 3.7476845
p 75 71 68.11863 -6.142708
p 76 72 71.09512 -5.5417633
p 77 73 73.02885 -3.1382675
p 76 74 77.79451 1.70187
p 76 75 78.97044 -1.5584145
p 75 76 80.19484 -1.4091911
p 74 77 81.542496 -0.7537384

c 25 46.861763
p 79 175 69.995834 -13.533714
p 80 174 71.26818 -8.451221
p 81 173 72.4726 -4.7202377
p 80 172 73.46869 -0.7342415
p 81 171 74.561905 -7.2775955
p 82 170 75.565796 -8.808308
p 83 169 76.68445 -9.1249275
p 84 168 77.855034 -7.9038124
p 85 167 79.02642 -3.9911156
p 86 166 80.284615 -8.267227
p 87 165 81.602715 -7.105648
p 88 164 82.81933 -4.8027687
p 87 163 84.149315 -7.4713554
p 86 162 85.52686 -5.2626076
p 87 161 86.93688 -6.8724823
p 88 160 88.61035 -7.474472
p 89 159 90.74933 -6.282173
p 90 158 93.2743 -1.8045654
p 89 157 97.50272 4.05764
p 90 156 98.1705 0.7150116
p 89 155 99.285736 0.8850441
p 90 154 100.45076 -1.7205658
p 91 153 101.60164 -2.6720657
p 92 152 102.776726 -0.7460327
p 91 151 104.11294 0.6991272
p 92 150 104.985664 -0.39448166
p 93 149 106.0886 -0.36182404
p 92 148 107.0325 -0.01115036
p 93 147 109.25899 0.7476578
p 94 146 109.661606 -0.012413025
p 95 145 110.9044 -0.3659172
p 95 144 112.450356 0.67508316
p 96 143 113.41411 0.13876343
p 97 142 114.45497 0.014030457
p 98 141 115.778854 -0.016902924
p 97 140 116.8576 -0.29255676

c 26 16.703117
p 80 96 99.491356 -0.78591156
p 81 97 101.26873 -0.43929672
p 81 98 102.64292 -0.21154785
p 82 99 103.77446 -0.0250206
p 81 100 104.833855 0.17313766
p 82 101 105.56391 -0.29015732
p 83 102 106.34463 -0.48355484
p 84 103 107.37429 -0.027385712
p 83 104 108.3578 0.08864975
p 84 105 109.11131 -0.09595108
p 83 106 110.0525 0.06883621
p 84 107 110.805374 -0.36326218
p 85 108 111.708244 -0.038093567
p 84 109 112.78776 0.0585289
p 85 110 113.65025 0.054660797
p 84 111 114.30012 -0.2422142
p 83 112 115.19751 -0.07847595
p 82 113 116.19447 0.064884186

c 27 3.8345947
p 90 195 48.45314 0.0046138763
p 91 196 48.08843 0.023075104
p 92 197 47.853146 0.16868591
p 93 198 47.4876 -0.09933472
p 94 199 47.248695 -0.007089615
p 93 200 47.008175 -0.045681
p 94 201 46.714172 -0.038476944
p 95 202 46.375034 0.027881622
p 96 203 46.059673 -0.08068085
p 95 204 45.868168 0.08313751
p 96 205 45.605602 -0.16266823
p 97 206 45.49132 0.033605576
p 98 207 45.359413 -0.04630661
p 98 208 45.27023 -0.089466095
p 97 209 45.191566 0.015481949
p 97 210 45.144386 -0.0695076
p 96 211 45.019787 -0.032245636
p 97 212 44.96389 -0.09553337
p 98 213 44.93677 -0.06639862
p 98 214 44.88719 -0.010089874
p 97 215 44.828533 -0.06200409
p 96 216 44.821613 -0.044136047
p 97 217 44.820316 -0.033348083
p 98 218 44.772957 0.02812004
p 98 219 44.71675 -0.005844116
p 99 219 44.71675 -0.022247314
p 100 220 44.686737 0.027671814
p 101 221 44.618546 -0.09283066
p 100 221 44.618546 -0.026817322

c 28 37.948555
p 94 179 82.577255 -0.6806793
p 95 180 81.08712 -1.3397331
p 96 181 79.340866 -0.72714233
p 97 182 77.8456 -0.36084747
p 98 183 76.58029 0.37355423
p 99 184 74.19952 -1.605751
p 98 185 71.969635 1.38414
p 98 186 68.11673 -6.6119423
p 97 187 62.93707 -11.73238
p 96 188 59.849083 -14.6767235
p 95 189 56.042973 -15.677261
p 94 190 52.952774 -7.839756
p 95 191 51.124702 9.967066
p 94 192 50.058002 8.248241
p 95 193 49.260445 6.0029182
p 96 194 48.661953 -0.50086784
p 97 195 48.136265 0.09901047
p 97 196 47.825424 -0.05742073
p 97 197 47.550766 -0.041463852
p 98 198 47.35672 0.02277565
p 98 199 47.03895 -0.13805008
p 99 200 46.767612 0.0071201324
p 100 201 46.65664 0.017385483
p 101 202 46.323906 -0.025104523
p 102 203 46.007004 -0.051898956
p 103 204 45.84337 -3.6621094E-4
p 103 205 45.649235 -0.117528915
p 103 206 45.510376 -0.03447914
p 102 207 45.35611 -0.0014953613
p 103 208 45.22897 -0.085351944
p 104 209 45.15079 0.034433365
p 105 209 45.14421 -0.031799316
p 106 210 45.059242 -0.09619331
p 106 211 45.052574 -0.064847946
p 106 212 44.9679 -0.13275528
p 105 213 44.923805 -0.049331665
p 105 214 44.80032 -0.19408607
p 106 215 44.799385 0.026096344
p 105 216 44.753437 -0.09359932
p 105 217 44.750134 -0.054094315
p 104 218 44.72852 -0.043273926
p 103 219 44.695255 0.030708313
p 102 220 44.6287 -0.056863785

c 29 1.9314499
p 98 56 46.917343 0.023611069
p 99 55 46.60404 -0.045907974
p 100 54 46.30158 0.004709244
p 99 53 46.007214 -0.03834343
p 99 52 45.70191 0.01039505
p 99 51 45.541275 0.08595085
p 100 50 45.4165 -0.06865883
p 100 49 45.386005 -0.028125763
p 101 48 45.33539 -0.014364243
p 102 47 45.2293 0.0689373
p 103 46 45.116203 -0.01143837
p 104 45 45.05291 0.0023822784
p 104 44 44.985893 -0.03963089
p 103 44 44.985893 -0.019102097

c 30 20.736534
p 98 56 46.917343 0.03775215
p 99 57 47.20102 -0.15478134
p 100 58 47.745636 -0.10124016
p 101 59 48.24083 -0.31385803
p 102 60 48.77564 -0.55674744
p 103 61 49.34709 -0.59581566
p 104 62 50.099686 5.919142
p 105 63 50.9131 3.351204
p 104 64 51.865032 -2.8597813
p 105 65 52.888847 -5.4425964
p 104 66 53.975925 -12.157005
p 103 67 55.173428 -14.810001
p 102 68 56.370533 -12.346905
p 101 69 57.60949 -6.2368755
p 102 70 58.9514 -11.303604
p 103 71 60.503323 -11.63517
p 104 72 62.136337 -6.4166145
p 103 73 64.470276 4.408428
p 104 74 67.65388 -6.5882797

c 31 53.565598
p 98 94 98.19738 0.0055999756
p 99 93 96.79272 -0.5897331
p 100 92 94.85818 -1.6187592
p 101 91 92.918495 -2.2883987
p 102 90 91.8092 0.47922134
p 103 90 91.62883 0.8124466
p 104 89 90.45722 0.19065094
p 104 88 86.98714 -3.7699776
p 105 87 82.78042 -7.5646935
p 106 86 80.29543 -9.831413
p 107 85 77.97127 5.253296
p 107 84 76.235756 -6.2690887
p 108 83 74.20115 -10.617809
p 109 82 73.00631 -10.985458
p 110 81 71.81059 -8.591904
p 111 80 70.71872 -4.457554
p 110 79 69.59023 3.4219437
p 111 78 68.50729 0.005680084
p 110 77 67.38972 -6.7285805
p 109 76 66.26676 -6.923813
p 110 75 65.10302 -6.784092
p 111 74 64.07987 -4.7420845
p 110 73 62.94572 1.9560051
p 111 72 61.889606 -6.346325
p 112 71 60.87691 -4.714918
p 111 70 59.689213 2.187542
p 112 69 58.64402 -6.905136
p 113 68 57.65722 -7.2884865
p 114 67 56.586838 -5.6608963
p 113 66 55.576065 -0.3521347
p 114 65 54.574825 -7.5471535
p 115 64 53.59138 0.008180618
p 114 63 52.617905 7.6422653
p 115 62 51.67989 2.2999878
p 114 61 50.80298 0.056163788
p 115 60 49.970818 -0.0076942444
p 114 59 49.200787 -0.014268875
p 113 58 48.461754 0.0662899
p 112 57 47.773216 -0.0995636
p 112 56 47.26616 -0.02897644
p 112 55 46.822838 0.06921959
p 111 54 46.31136 -0.088092804
p 111 53 46.052963 0.051000595
p 110 52 45.76411 -0.0013427734
p 111 51 45.5403 0.037075043
p 110 50 45.390217 -0.1370449
p 109 49 45.30523 0.008396149
p 108 48 45.248615 0.07731438
p 107 47 45.140423 -0.051368713
p 108 46 45.11427 -0.054763794
p 107 45 45.075607 -0.007238388
p 108 44 45.016502 -0.050998688
p 108 43 44.92317 -0.024621964
p 108 42 44.869843 -0.017168045
p 109 41 44.817757 -0.1184845
p 110 40 44.817757 0.006242752
p 110 39 44.782196 0.012834549
p 111 38 44.75969 -0.07004547
p 112 37 44.739765 0.060573578
p 113 36 44.716305 0.015630722
p 113 35 44.67687 -0.116500854
p 114 34 44.631783 -0.03211403
p 114 33 44.631783 -0.09619331

c 32 20.621002
p 98 110 113.509445 -0.14754486
p 99 109 112.48774 -0.611187
p 100 108 111.6776 0.088825226
p 101 107 110.62351 -0.25141144
p 102 106 109.80767 0.03704834
p 102 105 108.7439 -0.013381958
p 103 104 107.59078 -0.8621445
p 104 103 106.881096 -0.4820404
p 105 102 105.59139 -0.7093506
p 106 101 104.438705 -0.4917946
p 107 100 103.58608 -0.044425964
p 106 99 102.57952 -0.12062073
p 105 98 101.68397 -0.14974594
p 104 97 100.79756 0.43123627
p 104 96 99.70384 0.32026672
p 104 95 98.622856 0.23984909
p 105 94 96.76193 0.027187347
p 104 93 95.581856 -0.28230667
p 105 92 94.29481 -0.0145225525
p 104 91 92.88844 -0.6847267

c 33 33.124706
p 103 171 79.11418 -4.068062
p 104 172 76.83247 -8.838661
p 105 173 75.34083 -8.533215
p 106 174 72.29175 -10.233822
p 107 175 70.85039 -10.7572975
p 108 176 69.257126 -10.967453
p 109 177 67.90648 -5.1395683
p 110 178 66.76185 -6.614662
p 109 179 65.50559 -8.789368
p 108 180 64.4211 -7.1582947
p 109 181 63.127266 -8.074635
p 110 182 61.963947 -4.9080963
p 109 183 60.8792 2.9780083
p 110 184 59.867874 0.43395996
p 109 185 58.62135 -8.571945
p 108 186 57.385666 -7.737526
p 107 187 56.334846 -7.5609684
p 108 188 55.3421 -8.831207
p 109 189 54.388245 -8.795422
p 108 190 53.28216 1.8112144
p 109 191 52.276302 7.2424984
p 108 192 51.419827 6.2348423
p 109 193 50.580406 3.4098682
p 110 194 49.75561 0.016666412
p 109 195 49.051296 0.031808853
p 108 196 48.35269 0.06150055
p 107 197 47.65276 -0.06709671
p 107 198 47.270664 0.27428627
p 106 199 46.864998 -0.12727737
p 105 200 46.574947 -0.035467148
p 105 201 46.364258 -0.025629044
p 104 202 46.173042 -0.020996094
p 104 203 45.989475 -0.076805115

c 34 35.781403
p 103 171 79.11418 -2.3724976
p 104 170 80.8808 -6.1934547
p 105 169 83.718605 -1.3210526
p 105 168 86.97843 -1.5813713
p 106 167 88.28264 -0.8931389
p 105 166 89.48366 2.654007
p 106 165 90.65687 -2.0717583
p 107 164 91.96326 -2.568184
p 108 163 93.3065 -1.5111504
p 109 162 94.51713 -0.04267502
p 108 161 95.74062 1.1933403
p 109 160 96.799866 0.7809677
p 108 159 97.78538 0.96826935
p 109 158 98.72812 -0.84459686
p 110 157 99.67644 -0.5221863
p 109 156 100.66642 0.32782364
p 110 155 101.73562 -0.8870964
p 111 154 103.04436 -0.5039139
p 110 153 104.07324 0.79307175
p 111 152 105.19796 0.75904846
p 110 151 106.382805 -0.58280945
p 109 150 107.44213 -0.5691948
p 108 149 108.50515 -0.6657944
p 109 148 109.64481 -1.0213509
p 110 147 110.6764 -0.18755722
p 109 146 112.08725 -0.31272888
p 108 145 112.9855 -0.39720154
p 109 144 113.78739 0.020896912
p 108 143 114.895584 -0.4826355

c 35 38.66903
p 108 85 77.44763 -7.4043922
p 109 86 78.62445 -10.332855
p 110 87 80.24157 -4.594883
p 109 88 81.37769 1.0713844
p 110 89 82.583115 0.4077301
p 109 90 83.80711 -0.6750107
p 110 91 85.1257 -10.217548
p 111 92 86.25165 -9.714584
p 112 93 87.39274 -9.5688095
p 113 94 88.57532 -10.399204
p 114 95 89.833755 -10.360065
p 115 96 91.11766 -9.430656
p 116 97 92.40434 -9.512928
p 117 98 93.74572 -4.8411827
p 116 99 95.10359 1.3012314
p 117 100 96.38803 -8.430668
p 118 101 97.6711 -3.1909523
p 117 102 99.03677 -7.87368
p 116 103 100.45872 -7.2111473
p 115 104 101.79802 -0.23454666
p 116 105 103.80493 -5.302353
p 117 106 105.574265 -4.632969
p 118 107 106.92426 -3.417225
p 119 108 108.872444 -2.994629
p 120 109 111.37739 -0.27738953
p 120 110 112.86732 -0.16753769
p 121 111 113.98341 0.36101913
p 120 112 114.91736 0.032943726
p 119 113 116.11666 0.14332962

c 36 0.32563782
p 110 213 44.860924 -0.10678482
p 110 214 44.847347 -0.08569527
p 110 215 44.784348 -0.083999634
p 110 216 44.757458 -0.067798615
p 111 217 44.740604 -0.022325516
p 112 218 44.69478 -0.045339584
p 113 219 44.66094 -0.03235054
p 112 220 44.653625 -0.045110703
p 111 221 44.651043 0.02536583
p 112 222 44.599854 -0.12974358
p 112 223 44.599854 -0.042253494
p 111 224 44.535286 0.054828644
p 110 225 44.535286 -0.039813995

c 37 1.8674011
p 117 200 46.581932 -0.008522034
p 117 201 46.22986 0.09553909
p 118 202 45.942333 0.02286911
p 118 203 45.714027 0.11864662
p 119 204 45.521023 0.018602371
p 118 205 45.45134 0.062278748
p 119 206 45.389057 0.061115265
p 120 207 45.228592 -0.053512573
p 121 208 45.11364 -0.09619522
p 122 209 45.06295 -0.01266098
p 121 210 45.01577 -0.0289917
p 120 211 44.933754 -0.0036029816
p 121 212 44.886227 0.021064758
p 121 213 44.84842 0.017896652
p 121 214 44.71948 -0.055511475
p 120 215 44.71453 -0.024105072
p 119 216 44.71453 -0.0718174

c 38 30.806664
p 119 71 75.5082 -0.3376503
p 120 70 73.88225 -1.592556
p 121 69 72.54363 -2.5590172
p 122 68 71.33821 -1.2133522
p 121 67 70.76582 -1.6843376
p 120 66 69.83319 -1.3834343
p 120 65 60.0042 -10.642284
p 121 64 52.12421 -3.874342
p 122 63 50.586224 -0.1361103
p 123 62 49.803326 -0.019483566
p 123 61 49.310337 -0.04683304
p 124 60 48.850388 0.08072662
p 123 59 48.25815 -0.085884094
p 124 58 47.890686 -0.04376602
p 125 57 47.474655 0.035928726
p 126 56 47.08132 -0.021856308
p 126 55 46.666992 0.07216263
p 127 54 46.277634 0.0017318726
p 128 53 46.0191 0.11490059
p 129 52 45.778824 -0.03422928
p 128 51 45.64189 0.045391083
p 128 50 45.412823 -0.048885345
p 129 49 45.30391 0.041503906
p 129 48 45.248516 -0.007112503
p 129 47 45.16562 -0.0019226074
p 130 46 45.111057 -0.056949615
p 129 45 45.06019 0.01358223
p 128 44 45.01254 -0.03838539
p 127 44 44.967957 -0.08264732
p 126 43 44.915215 -0.087581635
p 125 42 44.82012 -0.033798218
p 125 41 44.786297 -0.02801323
p 124 40 44.78505 0.0496006
p 125 39 44.77424 0.021440506
p 124 38 44.701538 -0.047599792
p 123 38 44.701538 -0.07357025

c 39 28.512627
p 121 184 73.06325 -2.6131248
p 122 185 70.45867 -3.6930313
p 123 186 63.59599 5.264797
p 124 186 59.85852 6.704138
p 125 187 57.420033 -7.64999
p 126 188 56.457764 -11.890289
p 127 189 55.483093 -9.406746
p 128 190 54.590496 -5.844677
p 127 191 53.046978 0.29167175
p 127 192 52.061104 4.0652637
p 128 193 51.147766 5.3954754
p 129 194 50.261482 -0.3530674
p 130 195 49.440437 -0.27311897
p 131 196 48.51184 -0.1986599
p 132 197 47.959618 -0.13525009
p 133 198 47.381847 -0.18385315
p 134 199 46.908775 0.13254547
p 133 200 46.44598 -0.027938843
p 133 201 46.16608 0.13035965
p 132 202 45.956284 0.0416317
p 131 203 45.716995 0.06113434
p 131 204 45.570534 0.029037476
p 130 205 45.453617 -0.03763008
p 131 206 45.393074 0.034273148
p 131 207 45.219494 -0.052362442
p 131 208 45.167816 0.019699097
p 132 209 45.086582 -0.009716034
p 132 210 45.044956 -0.02790451
p 133 211 44.975803 -0.017349243
p 133 212 44.943016 0.020236969
p 134 213 44.907413 -0.059028625
p 134 214 44.82121 -0.11625099
p 135 215 44.799057 0.025810242
p 136 215 44.79571 -0.015419006
p 137 215 44.77882 -0.033763885
p 138 216 44.75135 -0.11252403
p 138 217 44.75135 -0.038345337
p 139 218 44.742188 -0.017116547
p 140 219 44.655113 0.015886307
p 140 220 44.655113 -0.04739189
p 140 221 44.629646 -0.11545944
p 140 222 44.613693 -0.082279205
p 139 223 44.589546 -0.076625824
p 138 223 44.55965 -0.006755829
p 137 224 44.55062 -0.06350136
p 137 225 44.55062 -0.11310768

c 40 52.802036
p 124 145 113.45643 0.10030365
p 125 146 112.539566 0.19316101
p 126 147 111.63803 -0.046676636
p 125 148 110.834656 0.10857391
p 126 149 110.00963 -0.15704346
p 127 150 109.209755 -0.28696442
p 128 151 108.356766 -0.32179642
p 129 152 107.4926 -0.30652618
p 128 153 106.53446 -0.38469315
p 127 154 105.59415 -0.13442612
p 126 155 104.75622 -0.2203865
p 125 156 103.739105 -0.12119675
p 124 157 102.71087 -0.3370781
p 125 158 101.610016 -0.24712372
p 124 159 100.37089 0.00850296
p 125 160 99.17329 0.36021423
p 124 161 97.585434 -0.83730316
p 125 162 95.792244 -2.322792
p 126 163 94.36635 -3.2582626
p 127 164 92.84839 -3.6772118
p 128 165 90.91903 -4.019928
p 129 166 88.90837 -2.9154053
p 130 166 89.29162 -1.6707802
p 131 167 86.50352 -4.233925
p 132 168 85.33615 0.68631744
p 132 169 84.64979 1.4478073
p 132 170 81.55929 -5.5345
p 133 171 77.93801 -5.939102
p 132 172 75.86835 -10.419655
p 131 173 74.52279 -11.518135
p 130 174 73.02638 -10.390247
p 129 175 71.80775 -10.960033
p 130 176 70.44952 1.1413574
p 129 177 69.09983 -7.626835
p 128 178 67.67767 -4.3997955
p 129 179 66.63292 -4.052822
p 128 180 65.627174 1.3174095
p 129 181 64.625404 0.5406418
p 128 182 63.595806 -8.417908
p 127 183 62.6327 -10.24931
p 126 184 61.626415 -10.761105
p 125 185 60.654392 -9.28228

c 41 26.51109
p 125 59 48.31017 -0.0038928986
p 126 60 48.81191 -0.16195679
p 127 61 49.384743 -0.2770443
p 128 62 50.03225 3.9463768
p 129 63 50.826965 -0.15267563
p 128 64 51.83719 -2.9543781
p 127 65 53.08785 -5.8277893
p 128 66 54.283237 -3.9408455
p 127 67 55.950443 0.0017662048
p 128 68 57.495712 -11.626106
p 129 69 59.370144 -11.84713
p 130 70 62.70482 -5.4237747
p 129 71 65.48469 -8.731537
p 128 72 68.34935 -4.6260757
p 129 73 71.04751 -6.294056
p 130 74 74.82126 -4.8384285

c 42 51.11617
p 127 92 96.25679 -0.34181213
p 128 91 94.71522 -1.4800339
p 129 90 93.7133 -0.43820953
p 130 89 92.55254 -0.45546722
p 131 88 91.43713 -0.66726685
p 132 87 90.25845 -0.25216675
p 133 86 87.0064 -2.219223
p 134 85 80.475235 -4.740757
p 135 84 76.67124 -8.728291
p 136 83 74.692535 -6.7327995
p 135 82 73.25584 -10.450031
p 134 81 72.06099 -6.4576035
p 135 80 70.70505 -10.374546
p 136 79 69.49157 -11.142559
p 137 78 68.289406 -7.466675
p 138 77 67.087814 -7.109268
p 137 76 65.80679 -9.727146
p 136 75 64.60941 -10.124805
p 135 74 63.491364 -7.050064
p 136 73 62.359634 -10.386864
p 137 72 61.258503 -11.539436
p 138 71 60.15293 -8.668087
p 139 70 59.097885 0.48407173
p 138 69 58.0251 0.5334091
p 139 68 56.964176 -5.3419533
p 140 67 55.932625 -8.13187
p 141 66 54.839355 -8.945345
p 140 65 53.805317 -9.859768
p 139 64 52.851868 -4.082056
p 138 63 51.902687 -0.04547119
p 137 62 51.00101 6.7870445
p 136 61 50.14827 0.21748352
p 135 60 49.278217 0.006263733
p 134 59 48.6273 0.11814499
p 135 58 48.002758 0.042591095
p 136 57 47.47405 0.092149734
p 137 56 46.972504 0.032449722
p 136 55 46.58336 -0.0065250397
p 136 54 46.266216 0.1430664
p 135 53 45.982815 -0.083969116
p 135 52 45.74379 -0.012849808
p 135 51 45.57781 -0.02544403
p 135 50 45.473396 -0.013124466
p 134 49 45.368774 -0.108903885
p 133 48 45.277077 -0.0049381256
p 132 47 45.17721 -0.04970169
p 131 47 45.14062 -0.12623978

c 43 30.056366
p 130 109 112.69566 -0.07116699
p 131 108 111.74127 0.046577454
p 132 107 110.63373 0.055667877
p 133 106 109.56931 0.28759003
p 134 105 108.52068 0.5650635
p 135 104 107.494804 0.122486115
p 136 103 106.18765 0.14598465
p 137 102 104.61157 -0.31635284
p 138 101 103.288826 -0.73703384
p 139 100 102.26832 -0.9588165
p 140 99 101.31168 -0.042671204
p 139 98 100.411705 0.0151023865
p 138 97 98.64839 -1.5663261
p 139 96 97.44231 0.37983322
p 138 95 96.41405 -0.5382271
p 137 94 95.457565 1.1079865
p 138 93 94.63275 0.47403717
p 137 92 91.95346 -2.057026
p 138 91 90.73475 -2.5400734
p 139 90 89.54129 -2.304287
p 138 89 87.7962 -3.8310394
p 137 88 86.29866 -4.768219
p 136 87 84.56875 -6.2317467
p 135 86 82.6393 -5.09507

c 44 43.15203
p 133 209 45.099792 -0.04292679
p 134 208 45.147926 -0.10734558
p 135 207 45.284885 0.066949844
p 134 206 45.37605 -0.068330765
p 135 205 45.54643 -0.03483963
p 136 204 45.697975 -0.02372551
p 137 203 45.90844 0.073358536
p 138 202 46.079586 0.06604004
p 139 201 46.26592 0.14589691
p 140 200 46.5969 0.07672691
p 141 199 46.921318 0.015369415
p 142 198 47.333855 -0.042463303
p 143 197 47.495667 -0.26255226
p 144 196 47.894386 -0.20262337
p 145 195 48.314114 -0.20807838
p 146 194 48.834827 -0.406147
p 147 193 49.500618 -0.20184135
p 147 192 50.39799 0.4493103
p 146 191 51.391396 -2.1040306
p 145 190 52.649883 -6.752222
p 146 189 54.413162 -3.7951298
p 145 188 55.90496 -12.900112
p 144 187 59.355534 -4.8115234
p 145 186 60.855305 -11.521
p 146 185 62.613415 -12.593628
p 147 184 64.5193 -11.865398
p 148 183 66.99604 -9.828442
p 149 182 69.329414 -4.6016655
p 148 181 71.803116 -6.8084755
p 147 180 74.47661 -6.3576508
p 146 179 79.36061 0.99435425
p 146 178 80.180374 -0.23370361
p 145 177 83.1474 0.052440643
p 145 176 84.013916 0.17107391
p 144 175 85.42107 -1.4883041
p 143 174 86.72895 -1.1106377
p 142 173 88.25182 -0.40460205

c 45 45.463154
p 139 24 44.477795 -0.11760521
p 139 25 44.477795 0.022331238
p 139 26 44.507935 -0.0024337769
p 140 27 44.53284 0.04959297
p 141 28 44.547024 0.009363174
p 141 29 44.547024 -0.061670303
p 141 30 44.569473 0.042207718
p 142 31 44.59758 0.05652237
p 141 32 44.59758 -0.023155212
p 141 33 44.618774 -0.006008148
p 140 34 44.628525 0.017810822
p 141 35 44.628525 -0.05048752
p 141 36 44.71459 0.010498047
p 140 37 44.74315 -0.082912445
p 140 38 44.77588 -0.033376694
p 141 39 44.78267 -0.091796875
p 141 40 44.80623 0.008192062
p 141 41 44.824295 0.0029907227
p 142 42 44.906525 -0.068042755
p 143 43 44.95223 -0.02620697
p 144 44 45.016415 0.024564743
p 145 45 45.03857 -0.06495094
p 146 46 45.132256 0.06051445
p 147 47 45.242683 0.0041046143
p 147 48 45.397327 -0.009490967
p 147 49 45.543022 -0.0780735
p 147 50 45.663994 -0.081832886
p 146 51 45.786785 -0.0030555725
p 147 52 46.00484 -0.09921646
p 147 53 46.052372 -0.15920067
p 148 54 46.319107 0.006137848
p 149 55 46.670265 -0.01234436
p 150 56 46.96187 -0.022006989
p 149 57 47.316555 -0.004562378
p 150 58 47.697155 -0.07130432
p 150 59 47.931763 0.14811707
p 150 60 48.121773 0.030675888
p 151 61 48.167637 -0.012792587
p 152 62 48.48998 7.571993
p 153 62 49.03312 6.906664
p 154 63 49.70973 -7.5545483
p 155 62 50.620205 7.6170464
p 156 63 51.607212 2.6622772
p 157 64 52.70372 -2.484686
p 156 65 53.885445 -7.2060223
p 157 66 55.14977 -7.384594
p 156 67 56.429794 -16.387897
p 155 68 57.798553 -15.101097
p 154 69 59.823784 -7.4207687
p 155 70 61.815426 2.975357
p 154 71 64.60481 2.370945
p 155 72 66.56699 0.71826553
p 154 73 68.79034 1.5498466
p 155 74 70.71451 -2.5872688
p 154 75 72.52833 -11.321217
p 153 76 74.272766 -10.178501
p 152 77 75.820564 -8.530842
p 151 78 77.62376 -7.81332
p 150 79 79.32253 -6.519512
p 149 80 80.80054 -6.2409554
p 148 81 82.238884 -6.538521
p 147 82 83.8252 -2.9397545
p 148 83 85.14518 1.0209656
p 147 84 86.833084 -2.3215065
p 146 85 88.33284 -3.5824356
p 145 86 89.94095 -3.6704445

c 46 72.34738
p 139 140 117.0568 -0.48168564
p 140 141 115.65879 -1.1303825
p 141 142 114.67844 -0.76922226
p 142 143 113.65687 -0.3635788
p 143 144 112.37705 -0.46266174
p 142 145 110.96192 -0.6286888
p 143 146 109.24518 -2.8639565
p 144 147 107.72321 -1.9289436
p 143 148 106.25158 -4.345276
p 142 149 104.56596 -4.2964516
p 141 150 102.94159 -2.554367
p 142 151 101.14045 -5.9008408
p 143 152 99.498856 -6.47694
p 144 153 97.980576 -6.321266
p 145 154 96.5478 -6.853634
p 146 155 95.03231 -8.199703
p 147 156 93.22928 -8.998402
p 148 157 91.794235 -9.060307
p 149 158 90.65334 -9.02496
p 150 159 89.28618 -4.731041
p 149 160 88.02793 0.1031456
p 150 161 86.90982 -9.609997
p 151 162 85.55479 -10.755241
p 152 163 84.53356 -10.719879
p 153 164 83.278 -11.402264
p 154 165 82.28525 -10.924725
p 155 166 80.97387 -11.233456
p 156 167 79.83799 -10.422829
p 157 168 78.76887 -5.7005997
p 158 169 77.66245 -8.935955
p 159 170 76.57694 -5.482601
p 158 171 75.44194 -0.11541748
p 159 172 74.350586 -9.479332
p 160 173 73.2534 -6.1439857
p 159 174 72.19132 0.5389099
p 160 175 71.0749 -10.156681
p 161 176 69.95835 -11.033886
p 162 177 68.95195 -9.068119
p 163 178 67.88994 -4.4206657
p 162 179 66.84589 -0.23241043
p 163 180 65.79217 2.247223
p 162 181 64.731064 -0.21770477
p 163 182 63.672867 -7.9154015
p 164 183 62.687675 -5.831295
p 163 184 61.659184 -8.079407
p 162 185 60.630363 -9.20509
p 161 186 59.607056 -8.426899
p 160 187 58.67599 -3.1381493
p 159 188 57.605076 -8.394325
p 160 189 56.62444 -8.430592
p 161 190 55.65615 -5.509245
p 160 191 54.70234 -0.460804
p 159 192 53.75703 0.5902386
p 158 193 52.819473 0.009557724
p 159 194 51.853188 -0.03723526
p 160 195 51.042187 -0.10153198
p 160 196 50.204723 0.054901123
p 160 197 49.42776 0.03739357
p 159 198 48.705887 -0.07644653
p 158 199 48.069668 0.10526466
p 157 200 47.45037 -0.08524132
p 157 201 46.893364 -0.056959152
p 156 202 46.455746 0.035665512
p 156 203 46.08913 0.029445648
p 157 204 45.80975 0.028364182
p 158 205 45.605 0.013528824
p 157 206 45.393196 -0.04919052
p 157 207 45.314156 -0.0028324127
p 157 208 45.202663 -0.015895844
p 156 209 45.104816 0.017681122
p 155 210 45.05063 0.015117645
p 154 211 44.95157 0.0015888214
p 153 212 44.89457 0.033758163
p 154 213 44.822514 0.033367157
p 155 214 44.797527 -0.05077362
p 155 215 44.738224 -0.0899086
p 154 216 44.709415 0.007648468
p 155 216 44.709415 -0.03865242

c 47 35.50759
p 154 141 115.35565 -1.1655464
p 155 142 114.15352 -2.1917229
p 156 143 112.86466 -2.5936737
p 157 144 111.686554 -2.6452293
p 158 145 110.38632 -2.8692436
p 159 146 108.6627 -1.7647095
p 158 147 107.03612 -4.2900276
p 157 148 105.25061 -0.3032837
p 158 149 103.40291 -0.4916916
p 157 150 101.69992 -4.7211533
p 156 151 100.257454 -6.288288
p 155 152 98.724464 -5.8264656
p 154 153 97.4634 -4.36174
p 155 154 96.11074 -7.6827774
p 156 155 94.94835 -3.9023705
p 155 156 93.36102 -1.1025238
p 156 157 92.10525 -0.98947144
p 155 158 90.76664 -0.024520874
p 156 159 89.47436 -9.7945595
p 157 160 88.14812 -9.018688
p 158 161 86.92432 -9.256481
p 159 162 85.69488 -10.454144
p 160 163 84.59301 -9.575268
p 161 164 83.489136 -5.5041046
p 160 165 82.132256 -10.66814
p 159 166 80.948524 -11.572464
p 158 167 79.84806 -9.53743

c 48 0.4510193
p 156 38 44.702854 -0.10144615
p 157 38 44.702854 -0.11807823
p 158 37 44.727833 0.04893875
p 159 37 44.727833 -0.004514694
p 160 38 44.76086 -0.014066696
p 161 39 44.862873 -0.016197205
p 161 40 44.924248 -0.06793022
p 160 41 44.97884 -0.054080963
p 160 42 45.005207 -0.13944626
p 159 43 45.12816 0.023088455
p 158 44 45.153873 -0.0015201569

c 49 1.6768837
p 157 52 46.249146 0.06229973
p 158 51 46.01565 -0.0040397644
p 159 50 45.77794 0.11458206
p 160 49 45.532936 0.01909256
p 160 48 45.45529 0.0148944855
p 161 47 45.374554 -0.0010681152
p 162 46 45.268898 -0.00664711
p 163 45 45.196075 -0.05199814
p 163 44 45.11987 -0.08974457
p 164 43 45.06882 0.077171326
p 165 42 44.96359 -0.039037704
p 166 41 44.95536 -0.076122284
p 167 40 44.9191 -0.08250618
p 168 39 44.885357 -0.009357452
p 167 38 44.822548 -0.029720306
p 168 37 44.789085 -0.06811333
p 169 36 44.73607 -0.07912636
p 168 35 44.707245 -0.012918472
p 168 34 44.675472 -0.059696198
p 169 33 44.66097 -0.082502365
p 169 32 44.64772 -0.037086487
p 168 31 44.639618 -0.005250931
p 168 30 44.6154 -0.13606071
p 167 29 44.604095 -0.017652512
p 166 28 44.57226 -0.11123085
p 165 28 44.57226 -0.0646801

c 50 28.148209
p 157 52 46.249146 -0.048130035
p 158 53 46.454823 -0.18768692
p 159 54 46.81006 0.036556244
p 160 55 46.937958 -0.07665253
p 161 56 47.285477 0.063266754
p 162 57 47.674362 0.020137787
p 163 58 48.115448 -0.002866745
p 164 59 48.6135 -0.05393219
p 164 60 49.12734 0.09145737
p 165 61 49.70716 -0.037885666
p 165 62 50.31092 -0.07362175
p 165 63 51.13319 -0.67160416
p 164 64 52.089252 -4.352524
p 163 65 53.072777 -9.6703
p 162 66 54.109543 -6.0169773
p 163 67 55.37473 2.3119164
p 162 68 56.62769 -6.8778725
p 161 69 58.421215 -5.829115
p 162 70 66.03826 12.6049385
p 161 71 67.02503 -4.0006104
p 160 72 68.08698 -8.697666
p 159 73 69.32459 -4.6021004
p 160 74 70.58387 1.1822739
p 159 75 72.49236 -8.20472
p 158 76 74.397354 -9.5493965

c 51 69.69556
p 161 113 114.34509 -0.2190857
p 162 112 113.18512 -0.17297363
p 163 111 110.56048 -1.8087425
p 162 110 108.54745 -0.17739487
p 163 109 106.689 -4.4218674
p 164 108 105.27779 -5.1589775
p 165 107 103.78014 -5.779896
p 166 106 102.641396 -2.8654366
p 165 105 101.316574 1.5436401
p 166 104 99.93301 -2.4918938
p 165 103 98.95843 -6.006542
p 164 102 98.06434 -4.8493614
p 163 101 97.18423 -3.1902542
p 164 100 96.34777 -4.752632
p 165 99 95.56069 -3.177845
p 164 98 94.77696 0.55246353
p 165 97 93.97103 -5.395981
p 166 96 93.11778 -4.7392235
p 167 95 92.226906 -2.0878448
p 166 94 91.316216 1.0664902
p 167 93 90.22256 -3.3366127
p 168 92 89.26431 -4.9330025
p 169 91 88.074265 -6.0566406
p 170 90 86.94201 -2.753376
p 171 89 85.60483 -1.9225006
p 170 88 78.38366 -7.8925934
p 169 87 77.244545 -2.1833344
p 170 86 76.04651 2.3690262
p 169 85 74.97402 5.6015434
p 170 84 73.9423 0.378273
p 169 83 72.88311 0.8538971
p 170 82 71.711815 -9.207321
p 171 81 70.78969 -10.189915
p 172 80 69.61954 -9.043793
p 173 79 68.60845 -8.7020035
p 174 78 67.61338 -9.837109
p 175 77 66.634346 -9.679298
p 176 76 65.68869 -7.998844
p 177 75 64.75329 -4.3453445
p 176 74 63.795822 1.84832
p 177 73 62.815 -5.875458
p 178 72 61.87689 -8.668629
p 177 71 60.942722 2.7016373
p 178 70 59.996197 -4.4198685
p 179 69 59.03477 -4.584364
p 178 68 58.076954 -7.3834343
p 177 67 57.1225 -10.030411
p 176 66 56.180443 -9.655289
p 175 65 55.255505 -6.1318226
p 176 64 54.340237 -1.8760147
p 177 63 53.435673 0.018133163
p 176 62 52.549683 2.6318893
p 175 61 51.706028 -0.78391266
p 174 60 50.90761 -0.80654144
p 173 59 50.088993 -0.7089977
p 172 58 49.38653 -0.017368317
p 173 57 48.767624 0.03196907
p 172 56 48.191944 0.056913376
p 171 55 47.554653 -0.009613037
p 172 54 47.085922 0.035324097
p 171 53 46.666367 0.06534767
p 172 52 46.247444 0.049613953
p 173 51 45.93925 0.10826492
p 172 50 45.71229 0.06773186
p 173 49 45.57984 0.009262085
p 172 48 45.45385 -0.02822113
p 173 47 45.3501 0.035556793
p 172 46 45.235466 -0.054502487
p 171 45 45.142937 -0.08600998
p 172 44 45.120823 -0.06402588
p 173 43 45.056255 -0.05378151
p 174 42 44.987156 0.0614357
p 175 41 44.915493 -0.088012695
p 175 40 44.910763 -0.06876373
p 175 39 44.859165 -0.08248711
p 175 38 44.859165 0.006334305
p 174 37 44.728336 -0.15298653
p 173 36 44.66978 -0.054452896
p 172 35 44.66978 -0.024267197
p 172 34 44.649532 5.893707E-4
p 171 34 44.649532 -0.030195236

c 52 1.857296
p 163 53 46.552086 -0.0628109
p 164 52 46.23758 0.013824463
p 165 51 45.917683 -0.029066086
p 165 50 45.693905 0.09971237
p 164 49 45.522064 0.016506195
p 165 48 45.46097 0.082653046
p 166 47 45.302666 -0.067344666
p 167 46 45.191097 -0.07116318
p 168 45 45.18924 0.039941788
p 168 44 45.09891 -0.0015716553
p 169 43 44.9854 -0.1583023
p 170 42 44.95982 -0.08583069
p 171 41 44.910954 -0.08205032
p 170 40 44.836544 0.03878975
p 170 39 44.804317 -0.00582695
p 170 38 44.80044 0.020627975
p 171 37 44.783756 -0.023101807
p 172 36 44.69479 0.046396255

c 53 0.35808945
p 165 210 44.994526 0.028787613
p 165 211 44.944458 -0.06651497
p 165 212 44.924107 -0.03878784
p 166 213 44.893913 -6.656647E-4
p 167 214 44.840385 -0.0069389343
p 167 215 44.783176 -0.013523102
p 168 216 44.745995 0.051372528
p 167 217 44.706127 -0.05188179
p 166 218 44.699257 -0.04572296
p 166 219 44.65363 -0.04524803
p 166 220 44.636436 -0.04402733
p 166 221 44.636436 -0.04181862

c 54 2.7783737
p 165 210 44.994526 0.01829338
p 166 209 45.02691 -0.13899231
p 167 208 45.188007 -0.05983734
p 168 207 45.310028 -0.040065765
p 168 206 45.44307 -0.054239273
p 168 205 45.59685 0.0077114105
p 169 204 45.75656 -0.041347504
p 169 203 45.925865 -0.05264473
p 169 202 46.420246 -0.09128761
p 169 201 46.89073 0.017856598
p 170 200 47.32677 0.07174492
p 169 199 47.7729 -0.17141914

c 55 69.38292
p 166 144 113.91966 -0.8285408
p 167 145 113.12688 -0.12608719
p 168 146 112.37249 0.16589737
p 169 147 111.615135 0.19867325
p 170 148 110.740746 0.085624695
p 171 149 109.862045 -0.45502853
p 172 150 108.65871 -0.579422
p 171 151 107.59641 -0.5853462
p 172 152 106.58772 -0.015144348
p 171 153 105.31747 -1.0905418
p 170 154 104.07566 -0.6946564
p 169 155 103.17342 -0.5047302
p 170 156 101.93533 -1.3714752
p 171 157 100.68339 -1.8840637
p 172 158 99.40103 -2.244236
p 173 159 98.01986 -1.2509613
p 172 160 96.53558 -0.6863594
p 173 161 94.896706 -4.046627
p 174 162 93.39035 -1.8757286
p 173 163 91.508194 -1.7227974
p 174 164 89.785965 -1.5175323
p 173 165 87.54064 -7.681965
p 172 166 85.14945 -3.9925308
p 173 167 81.98031 -11.610359
p 174 168 79.678635 -14.134533
p 175 169 77.78907 -18.815403
p 176 170 76.32474 -6.2204094
p 177 171 75.197845 -10.645725
p 178 172 74.150215 -6.350727
p 177 173 72.83665 -10.928459
p 176 174 71.82545 -9.175163
p 175 175 70.64689 -3.5047379
p 176 176 69.44876 0.80311966
p 175 177 68.287094 1.2514534
p 176 178 67.1995 -6.2388496
p 177 179 66.23585 -3.1579247
p 176 180 65.21409 1.9623909
p 177 181 64.16867 -0.9673157
p 176 182 63.112892 -9.102192
p 175 183 62.08326 -8.350651
p 174 184 61.073578 -5.9622574
p 175 185 60.068565 -7.9924507
p 176 186 59.083244 -9.359364
p 177 187 58.027626 -6.0440636
p 178 188 57.02604 -8.284012
p 177 189 56.015137 -10.661594
p 176 190 54.989704 -9.372459
p 175 191 54.05866 0.070858
p 176 192 53.08824 2.7163982
p 177 193 52.157787 -0.030675888
p 177 194 51.24772 -0.36552048
p 178 195 50.395176 -0.32421684
p 178 196 49.669918 0.09884262
p 177 197 48.9591 -0.01836586
p 178 198 48.345776 -0.07602692
p 178 199 47.73968 0.021514893
p 178 200 47.15604 -0.06747627
p 179 201 46.80613 0.009937286
p 179 202 46.3917 0.06902695
p 180 203 46.016384 0.053369522
p 181 204 45.719753 -0.04723358
p 182 205 45.563988 0.07885933
p 181 206 45.37123 -0.044286728
p 182 207 45.261272 -0.11048126
p 183 208 45.228775 -0.024909973
p 183 209 45.091682 -0.012935638
p 183 210 45.024014 0.05120659
p 184 211 44.938984 -0.059749603
p 184 212 44.92903 0.0058994293
p 185 213 44.88978 0.017385483
p 186 213 44.88978 0.02626419
p 187 214 44.82235 0.03718567
p 188 215 44.775555 -0.009504318
p 188 216 44.74563 -0.0013847351
p 187 217 44.71053 0.00730896
p 188 218 44.67509 -0.014745712
p 189 218 44.65578 -0.009969711
p 190 219 44.65578 0.053272247
p 189 220 44.624454 -0.010631561
p 189 221 44.594234 0.021438599
p 188 222 44.58977 0.03400612
p 189 223 44.560223 0.003961563
p 188 224 44.560223 -0.052667618
p 188 225 44.556667 -0.023950577
p 188 226 44.556667 -0.08674431
p 188 227 44.536743 -0.04583168
p 188 228 44.536743 0.013366699

c 56 19.35617
p 168 99 96.66387 -2.4345665
p 169 100 97.89838 1.6322479
p 168 101 99.06589 -2.7545052
p 169 102 100.412315 -4.271469
p 170 103 101.64775 -3.0223885
p 171 104 103.23824 -1.2610779
p 170 105 104.796165 -1.2234306
p 169 106 106.36544 -1.0779991
p 170 107 108.00443 1.6314011
p 169 108 109.19815 -0.17090988
p 170 109 110.447426 -0.40581894
p 171 110 111.80184 0.040771484
p 172 111 113.02333 0.39079285
p 173 112 114.19757 0.23348236
p 173 113 115.32598 0.5795288
p 174 114 116.02004 0.026809692

c 57 36.4619
p 177 167 80.16782 1.1232948
p 178 166 81.57266 -10.349354
p 179 165 82.967285 -10.492115
p 180 164 84.35235 -10.065758
p 181 163 85.857315 -4.3013687
p 180 162 87.390656 1.6365433
p 181 161 89.0536 0.7314644
p 180 160 90.60544 -7.4401703
p 179 159 92.274284 -3.5424042
p 180 158 93.70038 -5.198475
p 181 157 98.05737 0.18143082
p 180 156 99.8905 1.539856
p 181 155 101.52215 -0.23963547
p 182 154 102.75424 0.30530167
p 183 153 103.83656 0.1692543
p 182 152 104.70597 0.12907028
p 181 151 105.47399 -1.2045822
p 180 150 106.23069 -0.610672
p 181 149 107.086296 0.5063133
p 180 148 108.01232 -0.72541046
p 179 147 109.1631 -0.7368126
p 178 146 110.16004 -0.3684616
p 179 145 111.29439 -0.47074127
p 180 144 112.43735 -0.39305878
p 181 143 113.527306 -0.4206276
p 181 142 114.98506 0.1950531
p 182 141 116.021706 0.024333954
p 181 140 116.62972 -0.20334625

c 58 0.3477211
p 181 41 44.920666 -0.00412941
p 182 40 44.88333 0.041799545
p 183 39 44.84133 -0.035190582
p 182 38 44.83956 0.0030059814
p 183 37 44.803993 -0.10353851
p 184 37 44.773823 -0.10845566
p 185 36 44.730015 -0.019443512
p 186 35 44.721264 -0.019605637
p 187 35 44.70727 -0.03099823
p 188 34 44.6763 -0.10218239
p 189 33 44.666435 -0.015935898
p 189 32 44.61179 -0.0018882751
p 190 31 44.58919 -0.02557373
p 190 30 44.5822 0.027589798
p 190 29 44.5822 -0.049015045
p 190 28 44.572945 -0.06410599
p 189 27 44.572945 -0.03346443

c 59 5.189373
p 181 41 44.920666 0.0030345917
p 182 42 44.97866 0.05338478
p 183 43 45.064373 0.02191925
p 184 44 45.109055 0.0017051697
p 183 45 45.16586 -0.035787582
p 184 46 45.330864 0.09819794
p 183 47 45.379757 -0.016880035
p 182 48 45.432343 0.0247612
p 183 49 45.593906 -0.023921967
p 184 50 45.775658 0.06581688
p 185 51 45.97437 -0.06543541
p 185 52 46.227123 0.099946976
p 184 53 46.59108 -0.041217804
p 183 54 47.103836 -0.009492874
p 182 55 47.7073 0.1373024
p 183 56 48.1956 -0.07816887
p 184 57 48.75264 -0.2174797
p 185 58 49.324474 -0.07585144
p 185 59 49.741943 -0.1763401
p 186 60 50.11004 -0.021757126

c 60 48.14924
p 181 99 92.75378 -3.6180267
p 182 98 90.47381 -9.283463
p 183 97 88.9676 -8.760868
p 184 96 87.64934 -4.6073647
p 185 95 86.37677 -8.828163
p 186 94 85.22427 -9.5040245
p 187 93 84.07951 -9.218746
p 188 92 83.15039 -8.685699
p 189 91 81.92782 -9.3381
p 190 90 80.95416 -9.8092
p 191 89 79.936615 -10.8856735
p 192 88 78.84143 -11.629616
p 193 87 77.77266 -2.5882378
p 192 86 76.85592 -3.4972725
p 193 85 75.765335 -0.27515793
p 192 84 74.74616 -5.295334
p 191 83 73.723885 -6.088627
p 192 82 72.7354 -5.1813736
p 193 81 71.78364 -4.982342
p 192 80 70.808426 1.6378403
p 193 79 69.73961 -7.3736076
p 194 78 68.82444 -9.315578
p 195 77 67.75367 -5.8557587
p 196 76 66.76149 -6.3993797
p 195 75 65.775055 -6.458683
p 194 74 64.86645 -5.6317177
p 195 73 63.782825 -4.8194847
p 196 72 62.784943 -3.3262787
p 195 71 61.799213 2.3657036
p 196 70 60.81148 -3.6890602
p 197 69 59.836014 -5.543234
p 196 68 58.847614 -4.3920975
p 195 67 57.86919 -5.2345657
p 196 66 56.921974 0.42366028
p 195 65 55.891743 -5.3316402
p 194 64 54.934444 -2.7122269
p 193 63 53.996586 -0.074186325
p 193 62 53.086727 0.0015602112
p 194 61 52.210663 -0.58522797
p 195 60 51.413662 -0.4047184
p 196 59 50.518124 0.0042819977
p 196 58 49.821785 0.023733139
p 197 57 49.041237 0.010353088
p 197 56 48.32929 0.13371086
p 198 55 47.655342 0.01918602
p 197 54 47.163353 0.11195946
p 198 53 46.741768 -0.004261017
p 198 52 46.30619 0.04131317
p 197 51 45.935555 -0.14650726
p 197 50 45.626255 -0.025218964
p 198 49 45.500725 -0.07921791
p 198 48 45.34994 -0.13470078
p 197 47 45.324543 0.07099533
p 198 46 45.241257 -0.15698051
p 199 45 45.149868 -0.04097557
p 199 44 45.12526 -0.054080963
p 199 43 45.099644 -0.019821167
p 198 42 44.97921 -0.104644775
p 199 41 44.94991 -0.023334503
p 199 40 44.914127 -0.049022675
p 199 39 44.863453 -0.034589767
p 198 38 44.844654 -0.014404297
p 199 37 44.80551 -0.074575424
p 198 36 44.785694 -0.032978058
p 197 36 44.756325 -0.06795883
p 196 35 44.738182 0.06619072
p 195 34 44.67865 0.018676758
p 194 33 44.67865 -0.04123497
p 194 32 44.604538 -0.12492752
p 194 31 44.604538 -0.08184433

c 61 26.378464
p 185 97 88.840706 -8.409874
p 186 98 90.067245 -10.314255
p 187 99 91.39965 -10.029041
p 188 100 92.5461 -8.906399
p 189 101 93.776764 -9.460098
p 190 102 95.09862 -9.071953
p 191 103 96.375854 -4.610653
p 190 104 97.86706 -8.531464
p 189 105 99.47044 -3.5180473
p 190 106 101.10244 -6.216709
p 191 107 102.74217 -3.5967407
p 190 108 104.71613 1.3023758
p 191 109 106.79829 2.0319252
p 190 110 110.15649 -1.8769684
p 189 111 112.31596 -1.8253632
p 188 112 113.8362 -1.418911
p 187 113 115.21917 -0.79673004

c 62 47.78598
p 187 167 92.561554 -0.8253517
p 188 168 90.69757 -1.7274933
p 189 169 88.8007 -2.1083412
p 190 170 85.22091 -3.5046883
p 191 171 77.32543 -8.301525
p 190 172 76.00707 -10.755371
p 189 173 74.75617 -10.529312
p 188 174 73.22913 -7.244137
p 189 175 71.779305 -12.39695
p 190 176 70.56816 -12.588036
p 191 177 69.40578 -13.196537
p 192 178 68.09862 -11.339912
p 193 179 66.8908 -8.081253
p 192 180 65.54049 -12.0842705
p 191 181 64.29066 -8.606766
p 192 182 63.060905 -11.90279
p 193 183 61.80913 -8.598595
p 192 184 60.6115 -10.968327
p 191 185 59.399338 -6.2951527
p 192 186 58.323727 -10.1646805
p 193 187 57.2059 -7.9446106
p 192 188 56.033386 -12.721401
p 191 189 54.92001 -13.955982
p 190 190 53.854504 -5.4816895
p 191 191 52.83434 9.287853
p 190 192 51.84007 3.1612377
p 189 193 50.913837 6.35153
p 188 194 50.139713 0.14274406
p 188 195 49.374256 -0.24322319
p 188 196 48.67563 0.122779846
p 189 197 48.079777 0.21461105
p 190 198 47.514202 0.12623215
p 191 199 47.08893 0.06209755
p 192 200 46.711693 0.14450455
p 193 201 46.363365 -0.010936737
p 194 202 46.06772 -0.041502
p 193 203 45.862255 -0.027217865
p 192 204 45.71502 0.047935486
p 192 205 45.540947 -0.060426712
p 192 206 45.34311 -0.03429413
p 191 207 45.28963 -0.05614853
p 190 208 45.172363 -0.07681656
p 191 209 45.143642 0.0779953
p 190 210 45.057453 -0.059114456
p 189 211 44.98342 0.01473999
p 190 212 44.885143 -0.013521194
p 190 213 44.86954 -0.07673645
p 190 214 44.85489 -0.00740242
p 189 215 44.775574 -0.025138855

c 63 36.1185
p 192 170 80.0948 -9.899124
p 193 169 81.88594 -9.668015
p 194 168 83.80733 -8.83646
p 195 167 85.10242 -8.225464
p 196 166 86.76584 -7.45607
p 197 165 88.452965 -7.093857
p 198 164 91.61938 -0.93177795
p 199 164 94.72217 -0.87729645
p 200 163 95.82927 -0.71336746
p 201 162 96.67748 -1.1453972
p 202 161 97.711685 -2.3964653
p 203 160 99.23307 -0.238163
p 202 159 100.50784 -2.237526
p 201 158 101.59958 -0.72182465
p 202 157 102.59068 0.18428421
p 201 156 103.653145 0.2723503
p 202 155 104.67791 0.39936066
p 201 154 105.54171 -0.12149811
p 200 153 106.46323 -0.34542084
p 199 152 107.43083 -0.17839813
p 200 151 108.23527 -0.8039856
p 201 150 109.0556 -0.16270828
p 200 149 109.8908 0.33835983
p 201 148 110.72761 -0.014942169
p 200 147 111.6734 0.4749298
p 201 146 112.65835 0.04219818
p 202 145 113.607506 0.12636185
p 203 144 114.39759 0.17703629
p 204 143 115.06163 -0.067302704
p 205 142 116.2133 0.1176033

c 64 38.683136
p 194 88 78.92175 -6.654377
p 195 89 79.97398 -4.446457
p 194 90 81.235405 2.3354073
p 195 91 82.607376 -4.692848
p 196 92 83.94332 -6.7823524
p 197 93 85.21843 -8.424988
p 198 94 86.70978 -8.11274
p 199 95 91.12124 1.0618858
p 199 96 92.40172 -1.3010178
p 198 97 95.27481 -2.973709
p 197 98 97.37481 -0.52196884
p 196 99 98.82429 -1.8606949
p 197 100 100.22388 -0.5702934
p 198 101 101.51056 -0.52845764
p 197 102 102.34581 1.4721031
p 198 103 103.77696 -0.47867203
p 199 104 104.71117 -1.6077309
p 200 105 105.96412 -1.574009
p 201 106 107.506805 -0.38766098
p 200 107 109.76127 1.6846466
p 201 108 110.643036 -0.4002533
p 200 109 111.465294 0.10770416
p 201 110 112.43054 -0.606205
p 202 111 113.2997 -0.5838814
p 201 112 114.654915 1.1619301
p 202 113 115.41822 -0.45975113
p 203 114 116.41603 -0.21178436
p 203 115 117.60489 0.14933014

c 65 39.588596
p 199 176 84.14271 -0.88355637
p 200 177 83.12491 -0.3083191
p 201 178 82.16492 -0.26571274
p 201 179 80.282295 -2.3628387
p 202 180 78.021324 -2.2792892
p 201 181 76.88295 -4.099365
p 200 182 75.69903 -1.8922691
p 201 183 74.73839 -2.7010345
p 202 184 73.64868 -3.125721
p 203 185 72.881134 -0.6418991
p 204 186 71.906494 -0.23534393
p 203 187 67.31165 -3.3322983
p 202 188 64.162186 -8.089569
p 201 189 60.93804 -5.8979683
p 202 190 55.22483 -1.1550331
p 201 191 51.212643 6.205244
p 202 192 49.34718 -0.49564743
p 202 193 48.717327 4.1971283
p 201 194 48.293934 -0.32409286
p 200 195 48.10882 0.03803444
p 201 196 47.851562 0.04345894
p 201 197 47.532394 -0.059482574
p 202 198 47.23621 -0.056777954
p 202 199 46.853256 0.09155655
p 203 200 46.448433 0.023235321
p 204 201 46.220856 -0.015012741
p 204 202 45.891605 -0.021116257
p 205 203 45.690205 0.11756706
p 206 204 45.49811 0.020397186
p 207 205 45.392376 0.046899796
p 208 206 45.32504 -0.022844315
p 208 207 45.24798 -0.010002136
p 209 208 45.11054 -0.058031082
p 210 209 45.050686 -0.01783371
p 210 210 45.036858 -0.036130905
p 211 211 44.97429 -0.02970314
p 212 212 44.901077 -0.024627686
p 211 213 44.842766 -0.064445496
p 210 213 44.827045 -0.016111374
p 210 214 44.827045 0.007007599
p 209 215 44.814262 -0.063079834
p 209 216 44.798473 -0.02263832
p 209 217 44.782284 -0.05597496
p 208 218 44.759857 0.059583664
p 209 219 44.66085 -0.10851669
p 210 220 44.611187 0.038986206
p 209 221 44.606293 -0.05404663
p 208 222 44.580364 0.03345108
p 207 223 44.57554 -0.039266586
p 206 224 44.572304 0.0072574615
p 205 225 44.55411 -0.04504013
p 206 226 44.55411 -0.029764175

c 66 21.079315
p 200 96 92.10898 -5.133461
p 201 97 93.27834 -5.48024
p 202 98 94.66355 -4.9573135
p 203 99 96.37859 -4.6520233
p 204 100 98.37147 -3.8725624
p 205 101 100.66735 -1.399147
p 204 102 102.04651 0.7347946
p 205 103 103.56329 0.70505905
p 204 104 104.837685 -0.4353752
p 205 105 106.12018 -2.1091728
p 206 106 107.24912 -1.4333
p 207 107 108.52698 -0.6133728
p 206 108 109.69802 0.42991257
p 207 109 110.82528 0.43079758
p 206 110 111.94527 0.38540268
p 207 111 113.18829 0.22216415

c 67 5.1723022
p 203 60 49.755966 -0.21574593
p 204 59 49.502167 -0.027765274
p 205 58 48.942448 -0.34532356
p 206 57 48.52634 0.27863503
p 207 56 47.811413 0.03603363
p 208 55 47.376175 0.045776367
p 209 54 46.858166 0.09002113
p 209 53 46.562786 -0.003730774
p 210 52 46.188953 -0.05343628
p 209 51 45.958576 -0.020248413
p 208 50 45.74227 0.070575714
p 209 49 45.52649 -0.012300491
p 210 48 45.376907 0.01399231
p 209 47 45.294907 0.005027771
p 208 46 45.20264 0.010046005
p 208 45 45.123558 -0.015615463
p 207 44 45.09442 0.03682518
p 206 43 45.01409 -0.002544403
p 206 42 44.957973 -0.006137848
p 205 41 44.949078 0.027730942
p 206 40 44.90027 -0.058652878
p 206 39 44.837185 -0.0109062195
p 207 38 44.82127 0.019123077
p 208 37 44.74383 0.015130997
p 209 37 44.723915 0.023134232
p 210 36 44.723915 -0.08501053
p 210 35 44.721825 0.008588791
p 210 34 44.65735 -0.13090134
p 209 33 44.644703 -0.08829689
p 208 32 44.611122 -0.046855927
p 208 31 44.611122 -0.08046913
p 207 30 44.591084 0.015716553
p 208 29 44.583664 -0.052131653
p 208 28 44.583664 0.02626419

c 68 24.768631
p 203 60 49.755966 -0.07939148
p 203 61 49.901833 -0.011247635
p 204 62 49.94493 3.5435104
p 205 63 50.433243 0.16183853
p 204 64 51.27779 -2.3553467
p 203 65 58.239704 2.1739006
p 203 66 64.471596 -2.2370224
p 204 67 65.911354 -1.5253639
p 205 68 66.98195 -1.5324554
p 204 69 68.196175 0.77633286
p 205 70 69.433304 -3.1066818
p 206 71 71.034004 -3.5207634
p 205 72 72.58632 -4.904438
p 204 73 74.5246 -2.0053787

c 69 41.238132
p 207 197 47.56532 -0.17505646
p 208 196 47.958164 -0.22094154
p 208 195 48.229702 -0.44411278
p 209 194 48.569847 -0.4310398
p 210 193 49.130394 5.8262234
p 211 192 49.86714 -5.099571
p 212 193 50.70324 6.5424385
p 213 192 51.57836 -0.40948296
p 214 191 52.670296 -1.2117882
p 215 190 53.687084 -6.246876
p 214 189 54.91448 -3.4183044
p 215 188 56.114723 -11.930347
p 216 187 57.44575 -11.841946
p 217 186 58.737946 -6.7588425
p 216 185 60.320084 3.2526245
p 217 184 61.798565 -11.534302
p 218 183 63.149143 -12.857689
p 219 182 64.736404 -6.454109
p 218 181 66.10972 1.6036186
p 219 180 67.60665 2.6931038
p 218 179 69.65839 -11.680611
p 217 178 71.841675 -11.729446
p 216 177 74.10359 -5.0578613
p 217 176 76.50664 2.5555038
p 216 175 78.56889 -6.149025
p 215 174 80.91694 -6.8434715
p 214 173 82.82861 -6.3671494
p 213 172 84.97566 -2.269371
p 214 171 86.88196 1.5850563
p 213 170 88.80345 -2.5235252

c 70 31.742573
p 209 85 76.261734 -6.2327805
p 210 84 75.16662 -10.849384
p 211 83 73.92942 -9.637234
p 212 82 72.74429 -5.1583557
p 211 81 71.579605 1.9697609
p 212 80 70.490585 -0.270813
p 211 79 69.41321 -8.956047
p 210 78 68.33332 -7.0155907
p 211 77 67.27215 -10.39246
p 212 76 66.20701 -10.149059
p 213 75 65.117256 -7.0137596
p 212 74 64.06584 -8.537884
p 211 73 63.017635 -4.8519516
p 212 72 62.032375 2.6809654
p 211 71 60.984684 0.6888161
p 212 70 59.92212 -5.810669
p 213 69 58.86883 9.204794
p 212 68 57.920033 2.7038689
p 213 67 56.94551 1.9691353
p 212 66 55.963852 -6.747814
p 213 65 54.973072 1.1364365
p 212 64 54.005474 7.0122013
p 213 63 53.05033 3.5765858
p 214 62 52.15142 6.9295044
p 215 61 51.30705 0.03172493
p 216 62 50.49361 5.837391
p 217 61 49.781715 -0.5454674
p 218 60 49.339344 -0.49288368
p 219 59 49.049572 0.27753448
p 219 58 48.51164 -0.38597298
p 220 57 48.169163 -0.0660553
p 221 56 47.525234 -0.09031105
p 222 55 47.148335 -0.04635048
p 222 54 46.76316 -0.07788658
p 222 53 46.300327 -0.14650345
p 223 52 46.07819 -0.0021781921
p 223 51 45.830566 0.090660095
p 224 50 45.590057 0.09999657
p 225 49 45.41231 -0.018678665
p 226 48 45.25672 -0.09723282
p 227 47 45.25672 0.0060977936
p 228 46 45.205463 -0.06516647
p 229 45 45.14664 -0.028316498
p 229 44 45.052876 -0.08485603
p 230 43 45.009197 -0.0073490143
p 230 42 44.96673 0.041038513
p 231 41 44.94209 0.04036331
p 232 40 44.853466 -0.06712532
p 232 39 44.813572 -0.012239456
p 232 38 44.813572 -0.03932953
p 232 37 44.78698 0.023578644
p 232 36 44.78698 -0.10276413
p 232 35 44.679806 -0.008018494
p 232 34 44.679806 -0.002817154
p 233 33 44.661118 0.0055828094
p 232 32 44.625385 -0.016431808
p 231 31 44.625385 -0.034963608
p 231 30 44.60086 -0.028308868
p 230 29 44.58644 0.024332047
p 231 28 44.53669 -0.03344536
p 230 27 44.529774 -0.0060329437
p 231 26 44.529774 -0.008260727
p 232 25 44.529247 0.0354805
p 232 24 44.51916 0.01890564
p 233 23 44.51916 -0.07052231

c 71 31.574135
p 209 85 76.261734 -4.879936
p 210 86 77.461205 -10.083916
p 211 87 78.722824 -11.023384
p 212 88 80.002266 -9.258167
p 213 89 81.175995 -7.7208633
p 214 90 82.520004 -5.441578
p 213 91 83.95959 1.8052521
p 214 92 85.293434 -8.727844
p 215 93 86.821526 -4.903309
p 214 94 88.2184 -7.7764626
p 213 95 89.64234 -4.2783394
p 214 96 91.13444 1.4888153
p 213 97 92.428825 -7.3556175
p 212 98 93.95062 -3.449955
p 213 99 95.31221 -6.379566
p 214 100 96.82648 -6.1078987
p 215 101 98.53218 -5.023876
p 216 102 100.01262 -1.890934
p 215 103 101.5766 -3.8167648
p 214 104 103.270546 -3.0070457
p 213 105 105.125305 -2.5925179
p 212 106 107.83587 -1.220108

c 72 60.481525
p 213 153 105.248405 -0.6255226
p 214 154 103.3505 -1.7103882
p 215 155 100.75418 -2.022503
p 216 156 99.40531 -3.429531
p 217 157 97.84292 -2.1678314
p 216 158 96.36068 -0.45433807
p 217 159 94.83243 -5.2491913
p 218 160 93.412865 -5.557762
p 219 161 92.12763 -5.800827
p 220 162 90.94961 -6.301407
p 221 163 89.50933 -6.5283737
p 222 164 87.994995 -3.5081596
p 223 165 86.951645 -6.811165
p 224 166 86.059685 -1.9724388
p 223 167 84.66782 1.3220062
p 224 168 83.582245 -5.5368958
p 225 169 82.5391 -6.593479
p 226 170 81.47915 -7.217884
p 227 171 80.42905 -7.5023994
p 228 172 79.37659 -6.335312
p 229 173 78.41856 -2.513832
p 230 174 77.53643 -2.290821
p 229 175 76.29839 -2.2226334
p 228 176 75.27517 -4.71307
p 227 177 74.20776 -4.988899
p 226 178 73.090485 -2.7338448
p 227 179 71.96539 3.6316872
p 226 180 70.81894 -0.8593445
p 225 181 69.60301 -3.896473
p 224 182 68.68237 -2.227211
p 225 183 67.94708 5.1834373
p 224 184 67.39422 0.99406433
p 223 185 66.7472 -1.0020638
p 224 186 66.03569 4.6274834
p 225 187 65.14556 -1.4857368
p 224 188 63.975857 3.7886581
p 223 189 62.416786 -2.488102
p 223 190 57.795723 -6.904114
p 222 191 52.29502 0.041532516
p 223 192 50.681507 7.8917866
p 222 193 49.811356 3.3346882
p 223 194 49.043247 0.17416763
p 224 195 48.456898 -0.08937073
p 224 196 47.771233 -0.31818008
p 225 197 47.2774 -0.21592903
p 226 198 46.82156 -0.13999176
p 227 199 46.47866 0.08303642
p 226 200 46.228836 4.4250488E-4
p 225 201 45.959953 0.02773285
p 224 202 45.75358 -0.0064315796
p 223 203 45.611977 0.017225266
p 224 204 45.501976 -0.035409927
p 225 205 45.33133 -0.046648026
p 224 206 45.248672 0.009523392
p 223 207 45.116554 0.013965607
p 222 208 45.089947 0.051368713
p 221 209 45.01307 -0.046873093
p 222 210 44.953407 -0.03822708
p 221 211 44.94679 -0.03686905
p 220 212 44.905525 -0.04115677
p 221 213 44.87821 0.012924194
p 220 214 44.84039 0.008562088
p 221 215 44.83011 -0.036130905
p 221 216 44.81851 0.013671875
p 220 217 44.76688 -0.08442688
p 221 217 44.76688 -0.023033142

c 73 26.781578
p 221 142 116.00147 -0.25621796
p 222 143 114.62987 -0.23697662
p 221 144 113.565155 0.023780823
p 222 145 112.60153 -0.33506775
p 223 146 111.77913 -0.45617676
p 224 147 110.94998 -0.16747665
p 225 148 109.91067 -0.035713196
p 226 149 108.94978 -0.6285362
p 226 150 107.221275 -0.7334137
p 227 151 105.38033 -1.4130821
p 226 152 104.05362 -2.2115784
p 225 153 102.64942 -1.8820229
p 226 154 101.12458 -3.8802948
p 227 155 99.66876 -1.8953743
p 226 156 98.15761 -4.6860123
p 225 157 96.91451 -2.4892273
p 226 158 95.66076 -5.471943
p 227 159 94.59997 -2.48563
p 226 160 93.32269 -5.710438
p 225 161 91.89994 -6.0505753
p 224 162 90.48792 -7.875328
p 223 163 89.219894 -7.3924294

c 74 66.038445
p 224 59 49.166626 -0.047136307
p 225 60 49.82923 -0.047302246
p 226 61 50.69613 0.15697289
p 227 62 51.49577 6.453312
p 228 63 52.5757 3.0782738
p 229 64 53.52409 -1.4791203
p 228 65 54.53969 -6.91049
p 229 66 55.43258 -10.406883
p 230 67 56.659767 -6.722183
p 229 68 57.80789 -7.4125214
p 228 69 58.70595 0.7865982
p 229 70 59.770172 -8.151283
p 230 71 60.79324 -9.53162
p 231 72 61.81966 -4.6802635
p 230 73 62.909405 3.0834427
p 231 74 63.979073 1.1086655
p 230 75 64.96091 0.7461853
p 231 76 65.955696 -9.182034
p 232 77 67.05214 -11.523899
p 233 78 68.27289 -11.716785
p 234 79 69.288055 -10.822296
p 235 80 70.530495 -6.1346436
p 234 81 71.853645 -11.154556
p 233 82 73.03844 -10.55637
p 232 83 74.183395 -5.287529
p 233 84 75.62312 3.5259209
p 232 85 76.82449 -5.5364723
p 231 86 78.30195 -4.8785477
p 232 87 79.54732 2.8973846
p 231 88 81.29114 1.5014992
p 232 89 82.24885 0.5283165
p 231 90 83.68144 1.4973602
p 232 91 85.18724 -0.6741829
p 231 92 86.51258 1.9828568
p 232 93 90.46766 0.44904327
p 232 94 91.63209 0.48733902
p 231 95 92.83135 1.6061249
p 232 96 93.99796 0.06320953
p 231 97 95.52529 -1.1920319
p 230 98 97.18513 -1.8424416
p 229 99 98.265366 -1.8879967
p 228 100 99.60492 -1.45858
p 227 101 100.80891 -3.1641884
p 226 102 102.062416 -3.269947
p 225 103 103.39677 -0.8807907
p 226 104 104.70558 0.45967102
p 225 105 105.996185 -1.2625656
p 224 106 107.299034 -0.66667175
p 225 107 108.706184 0.97114944
p 224 108 109.79558 0.56904984
p 225 109 111.014565 0.6391487
p 224 110 111.956566 -0.410717
p 225 111 113.23882 -0.12858963
p 225 112 114.30494 0.43161774
p 225 113 115.20507 0.2685852

c 75 27.078041
p 230 171 82.20037 1.9675484
p 231 170 83.363266 -2.9019432
p 232 169 86.62081 2.1865273
p 232 168 86.7671 1.5189209
p 233 167 88.56908 -1.737812
p 232 166 89.99154 0.915432
p 231 165 90.95756 -2.8743668
p 232 164 91.73245 -0.9425888
p 233 163 92.481186 1.6641655
p 234 162 93.407074 -0.19590378
p 233 161 94.213486 1.2830696
p 234 160 95.2411 1.2724724
p 233 159 96.11471 0.2785988
p 234 158 97.03942 -0.83491135
p 233 157 97.86789 -1.8816948
p 232 156 98.92304 -2.3781624
p 233 155 99.48611 -2.091858
p 234 154 100.36716 -1.7641678
p 235 153 101.20295 -2.5246506
p 236 152 104.04081 -0.857708
p 237 151 104.38764 -1.9871292
p 236 150 105.11226 1.2365227
p 236 151 104.50695 -0.39274216
p 235 150 105.41984 -1.7272835
p 234 149 106.6237 -1.2938995
p 233 148 107.82519 -1.2565804
p 232 147 109.120766 -0.58903885
p 233 147 109.27841 -0.0056991577
p 234 148 107.37912 -1.1520271
p 235 149 106.07179 -2.0662918

c 76 0.6054344
p 234 206 45.15544 -0.045310974
p 235 207 45.0945 0.016296387
p 236 208 45.045635 -0.09647179
p 237 208 45.05972 -0.078186035
p 238 209 45.03179 -0.017728806
p 237 210 44.98657 -0.0093746185
p 237 211 44.93109 -0.057518005
p 237 212 44.851906 -0.04100418
p 238 213 44.83402 -0.0023040771
p 239 214 44.829254 -0.090307236
p 240 215 44.72983 -0.04534912
p 241 216 44.69756 -0.068582535
p 242 217 44.678474 -0.005990982
p 242 218 44.65772 0.05241394
p 243 219 44.63233 -0.08971977
p 244 220 44.62005 0.03491783
p 245 221 44.59171 -0.04936409
p 246 222 44.58771 -0.025188446
p 246 223 44.550007 -0.054489136
p 247 224 44.550007 -0.037481308

c 77 0.23117065
p 235 39 44.781025 -0.12637901
p 236 38 44.756866 -0.035388947
p 237 37 44.72465 0.026824951
p 238 36 44.714928 -0.0123176575
p 237 35 44.6818 -0.004787445
p 237 34 44.669605 0.044301987
p 236 33 44.635258 0.013486862
p 237 32 44.607998 -0.02195549
p 238 31 44.584824 -0.06971359
p 239 30 44.574112 -0.01212883
p 238 29 44.566425 -0.021039963
p 239 28 44.56017 -0.016647339
p 239 27 44.549854 -0.024662018
p 240 26 44.549854 -0.04792404

c 78 30.92833
p 236 184 76.05724 1.2598114
p 237 185 74.36382 -1.2604141
p 238 186 73.14904 -0.5048065
p 239 187 71.29079 -0.49038315
p 239 188 70.013725 -3.4255753
p 240 189 61.577908 -10.054901
p 239 190 55.566223 -2.7163048
p 240 191 50.320038 6.82024
p 239 192 48.96239 1.936369
p 238 193 48.12443 7.3862724
p 237 194 47.588356 0.014783859
p 237 195 47.22699 -0.11322403
p 236 196 47.027245 -0.06719208
p 236 197 46.798058 0.012151718
p 237 198 46.585434 -0.108675
p 238 199 46.355976 -0.12018585
p 239 200 46.144554 -0.1253891
p 240 201 45.93795 -0.05813217
p 239 202 45.771606 -0.10977554
p 239 203 45.52468 -0.06600952
p 238 204 45.348267 0.021270752
p 238 205 45.18531 -0.005086899
p 239 206 45.160503 -0.059476852
p 238 207 45.128914 0.070186615

c 79 36.428158
p 240 81 81.04968 -4.377159
p 241 80 79.330154 -2.1746902
p 242 79 77.70213 -3.7757797
p 243 78 75.94876 -3.9733696
p 244 77 74.76843 -4.7793274
p 245 76 74.010826 -2.1761284
p 245 75 73.606346 -4.6686096
p 244 74 73.606346 -0.062400818
p 243 73 63.770004 -11.027008
p 244 72 62.147804 -8.119736
p 245 71 60.584167 -9.567154
p 246 70 58.492878 -4.6868362
p 247 69 57.21858 -8.889332
p 248 68 56.21822 -7.9043827
p 247 67 55.20251 -11.24902
p 246 66 54.003315 -11.238621
p 245 65 52.965843 -7.457205
p 246 64 51.77506 8.669968
p 245 63 50.907185 2.4395695
p 244 62 50.07534 0.05425644
p 245 61 49.390213 -0.44348907
p 244 60 48.788784 0.046287537
p 245 59 48.205345 -0.0697937
p 246 58 47.66178 0.035238266
p 245 57 47.251812 -0.01505661
p 245 56 46.78215 -0.1347847
p 246 55 46.564 0.06095314
p 247 54 46.264328 -0.080513
p 248 53 46.040638 0.078323364
p 249 52 45.858555 0.0035247803
p 249 51 45.706585 0.03730774
p 248 50 45.524418 0.028017044
p 248 49 45.38024 -0.008560181
p 248 48 45.29794 -8.277893E-4
p 247 47 45.1201 -0.0921402
p 246 46 45.11503 0.089588165
p 247 45 45.0413 -0.0019283295
p 246 44 44.99562 0.011482239
p 246 43 44.953213 -0.058538437
p 245 42 44.879375 -0.045591354
p 246 41 44.862698 0.08742905
p 245 40 44.743034 -0.049819946
p 245 39 44.727325 -0.08420181
p 245 38 44.727325 0.019878387
p 246 37 44.660564 0.055253983
p 247 36 44.639267 -0.12395859
p 248 35 44.621525 -0.083646774
p 249 35 44.621525 -0.07113838

c 80 34.790413
p 240 81 81.04968 -3.1020622
p 241 82 85.663765 2.7326164
p 241 83 85.94081 0.86665726
p 240 84 86.42302 -0.5387802
p 241 85 87.32818 0.18409348
p 242 86 88.54382 -1.6518402
p 243 87 89.74218 -1.8421516
p 244 88 90.79431 -1.2168198
p 245 89 91.83397 -1.5235863
p 246 90 92.74053 -2.6528168
p 247 91 93.824394 -0.06245041
p 246 92 95.03943 -1.1992264
p 245 93 96.16831 -1.093689
p 244 94 97.356834 -1.4161377
p 243 95 98.37186 -0.9551773
p 242 96 99.67326 -0.53186035
p 243 97 100.602905 0.018497467
p 242 98 101.59825 -0.072971344
p 243 99 102.59869 -0.21123123
p 242 100 103.61532 0.23643494
p 243 101 104.6616 -1.455967
p 244 102 105.70862 -0.5430603
p 243 103 106.64581 -1.2996254
p 242 104 107.725174 -0.39649582
p 243 105 108.57885 0.07895279
p 242 106 109.58374 -0.76459503
p 241 107 110.4684 -0.2947235
p 242 108 111.330925 0.13217163
p 241 109 112.1752 -0.35093307
p 240 110 113.00522 0.020721436
p 241 111 113.92407 -0.4140892
p 242 112 114.76952 -0.45178223
p 243 113 115.840096 -0.4947548

c 81 54.408543
p 241 161 99.03532 -0.5231781
p 242 162 98.024445 -1.443222
p 243 163 96.942345 -0.9985428
p 244 164 95.85774 -0.30524826
p 243 165 94.837875 -0.63459396
p 242 166 93.774765 -0.11984253
p 243 167 92.7949 -0.29587173
p 244 168 91.69808 -0.46048737
p 243 169 90.807976 0.8825836
p 244 170 89.67903 0.16355133
p 245 171 88.82357 0.029769897
p 246 172 87.897995 -0.2880478
p 245 173 86.98739 1.3791199
p 246 174 86.171875 0.3873825
p 246 175 85.55197 -0.60536194
p 247 176 84.02389 -2.0340958
p 248 177 82.32174 -2.4600601
p 249 178 81.478935 -1.7404785
p 248 179 80.64248 1.5795555
p 249 180 79.644135 -1.0096207
p 250 181 78.62595 1.9847679
p 250 182 77.019264 -0.6110878
p 251 183 70.19651 -6.0485497
p 250 184 63.784546 -5.1712036
p 251 185 59.915394 -14.2795105
p 252 186 57.714355 -15.485004
p 253 187 56.08529 -15.893421
p 254 188 54.583675 -15.976398
p 255 189 53.452023 0.36996078
p 254 190 52.430874 -13.244175
p 253 191 51.382782 0.025089264
p 254 192 50.38559 0.081459045
p 255 193 49.397316 0.008918762
p 254 194 48.810738 0.06367493
p 254 195 48.02341 0.035125732
p 255 196 47.304623 0.007457733
p 254 197 46.91786 0.04560089
p 255 198 46.323418 -0.12488556
p 255 199 46.19565 0.09619522
p 254 200 45.994907 0.15174866
p 253 201 45.960968 -0.028936386
p 253 202 45.78633 -0.08304596
p 254 203 45.662537 0.067871094
p 253 204 45.522636 0.027139664
p 254 205 45.27977 -0.033420563
p 255 206 45.193 0.15609741
p 254 207 45.087276 -0.042194366
p 253 208 45.03668 0.0147686
p 252 209 44.94028 -0.1173954
p 251 210 44.898735 -0.019319534
p 252 211 44.88832 -0.0344944
p 253 212 44.750156 -0.008340836
p 254 212 44.748837 0.011714935
p 255 213 44.723812 -0.034584045
p 255 214 44.715572 -0.0652771
p 254 215 44.62733 -0.11052704
p 253 216 44.626774 -0.05023575
p 252 217 44.626774 -0.086797714

c 82 15.41098
p 241 161 99.03532 -0.48387146
p 242 160 99.9859 -0.7715416
p 243 159 101.151665 -0.67882156
p 244 158 102.09354 -0.9087219
p 245 157 102.9899 -0.6722183
p 246 156 103.9293 -0.7722168
p 247 155 105.06867 0.010990143
p 246 154 106.032776 0.0054016113
p 247 153 106.78709 -0.27149963
p 248 152 107.684715 0.15127945
p 247 151 108.309616 -0.08419418
p 248 150 109.28235 0.2516594
p 249 149 110.00786 -0.09787369
p 250 148 110.96093 0.08250427
p 250 147 111.89603 -0.063941956
p 251 146 112.59764 -0.3461876
p 250 145 113.51624 -0.070236206
p 251 144 114.4463 -0.13433075

c 83 1.7725563
p 241 198 46.51649 -0.083688736
p 242 199 46.348663 -0.085718155
p 243 200 46.08325 -0.03671837
p 243 201 45.96609 0.09224892
p 244 202 45.748653 -0.023630142
p 244 203 45.519344 0.035110474
p 243 204 45.37733 0.0041980743
p 242 205 45.227077 0.06475258
p 241 206 45.193 0.024045944
p 241 207 45.13367 0.05634308
p 242 208 45.029285 -0.13954353
p 241 209 45.021935 -0.010040283
p 241 210 44.946793 -0.07410431
p 242 211 44.89994 0.090566635
p 243 212 44.86178 -0.06326485
p 244 213 44.814865 -0.013088226
p 245 212 44.771626 -0.114751816
p 246 212 44.771626 -0.035167694
p 247 213 44.746655 -0.027452469
p 248 214 44.743935 -0.043743134
p 249 214 44.743935 -0.036729813

c 84 0.15995407
p 250 38 44.67818 -0.008611679
p 251 37 44.67645 -0.0023326874
p 252 36 44.648857 0.013795853
p 253 35 44.604973 -0.045267105
p 253 34 44.604744 -0.008678436
p 252 33 44.592735 -0.050094604
p 253 32 44.583836 -0.037002563
p 254 31 44.576557 0.0019798279
p 255 30 44.558056 -0.011222839
p 254 29 44.518227 -0.030853271
p 255 28 44.518227 -0.06094742

c 85 28.971035
p 250 38 44.67818 -0.0070228577
p 251 39 44.678432 -0.0033187866
p 251 40 44.774048 0.008850098
p 250 41 44.80495 0.019771576
p 251 42 44.83063 -0.064741135
p 252 43 44.95546 0.022815704
p 251 44 44.995872 -0.07715225
p 250 45 45.0794 -0.056713104
p 250 46 45.11285 -0.03180504
p 251 47 45.26493 0.032836914
p 252 48 45.307026 -0.057901382
p 252 49 45.413307 -0.014734268
p 252 50 45.48992 -0.052700043
p 253 51 45.67743 0.023418427
p 254 52 45.814457 0.045719147
p 255 53 45.98181 -0.05347824
p 255 54 46.126087 0.0044021606
p 255 55 46.545403 -0.05574417
p 255 56 46.67521 -0.30072403
p 254 57 47.11616 -0.027103424
p 253 58 47.597248 0.07282257
p 252 59 47.96381 -0.0877552
p 251 60 48.466373 -0.11976814
p 252 61 49.100094 0.13944626
p 251 62 49.6526 7.2242184
p 252 63 50.52475 -0.27270508
p 253 64 51.60017 -3.062395
p 254 65 52.792645 0.117053986
p 253 66 55.218555 -13.519413
p 252 67 59.79913 -11.82193
p 251 68 63.140427 -6.1807327
p 252 69 65.93512 3.9734993
p 251 70 69.33067 -2.5317574
p 252 71 71.20999 -8.236599
p 253 72 73.649216 -6.3063545

avg 30.556398
end