//fileLoc: inputData/gradient11.png
//fluxMulti: 3.0 channelCutOff: 10
//wk_fmin: 0.0 wk_fmax: 0.3
//total_mass_shift: -1.0
//colorstage1: 2 colorstage2: 3
# 88
avgCurve 0.1857464

c 0 65.876465
p 0 41 44.724026 -0.0674324
p 1 41 44.724026 -0.009262085
p 0 42 44.807762 0.01361084
p 0 43 44.858456 -0.014987946
p 1 44 44.916557 0.082149506
p 0 45 45.020462 -0.033073425
p 0 46 45.05541 -0.057250977
p 0 47 45.16669 -0.038806915
p 0 48 45.16968 -0.10236359
p 1 49 45.19179 -0.03749466
p 2 50 45.330826 0.09341812
p 3 51 45.55474 -0.11178398
p 3 52 45.859547 1.4686584E-4
p 2 53 46.02097 0.027599335
p 3 54 46.381336 0.004922867
p 4 55 46.75899 -0.012447357
p 4 56 47.094402 0.038936615
p 5 57 47.601517 0.19706726
p 6 58 48.13777 0.03713417
p 7 59 48.708817 -0.08419609
p 7 60 49.22102 -0.12189102
p 6 61 49.743336 -0.24630165
p 5 62 50.282963 -0.5644493
p 5 63 51.207592 -0.9505348
p 4 64 52.353477 -2.467989
p 3 65 53.526493 -6.61714
p 4 66 54.681305 -10.349632
p 5 67 56.050552 -6.1668453
p 4 68 57.358727 -7.718395
p 3 69 58.51244 -9.0801735
p 2 70 59.70929 -6.1352997
p 3 71 60.696243 -9.42255
p 4 72 61.73852 -11.203686
p 5 73 63.04451 -9.890194
p 6 74 64.45865 -6.0894394
p 5 75 65.88869 -9.839405
p 4 76 67.35897 -10.908676
p 3 77 68.909676 -9.123531
p 2 78 70.26494 -6.4150352
p 3 79 71.81775 -8.562286
p 4 80 73.3458 -2.9437523
p 3 81 75.66959 -7.1310844
p 2 82 80.49637 -4.737026
p 1 83 81.91719 -3.4059525
p 2 84 85.245865 -2.245163
p 3 85 87.28374 -1.1327286
p 4 86 89.05066 -0.3694992
p 3 87 90.43302 2.822857
p 4 88 91.09218 0.005935669
p 3 89 91.766426 0.8537674
p 4 90 92.6389 0.21757889
p 3 91 93.82861 0.42134094
p 4 92 94.75967 0.6442261
p 5 93 95.94927 0.0079574585
p 4 94 96.81915 0.31918335
p 3 95 97.98155 -0.14125824
p 2 96 99.040375 -0.50224304
p 3 97 100.086266 0.83180237
p 2 98 101.177986 0.17633057
p 2 99 102.520935 0.37366867
p 3 100 103.565636 0.5344734
p 4 101 104.4647 -0.4969101
p 3 102 105.36106 0.41835403
p 4 103 106.70371 0.02386856
p 3 104 107.55594 0.44503784
p 4 105 108.448135 -0.034713745
p 5 106 109.330894 -0.09352112
p 5 107 110.600494 0.04317093

c 1 0.7421112
p 0 206 45.23138 0.07540512
p 1 207 45.128765 -0.057117462
p 2 208 45.08271 -0.012231827
p 3 209 45.00474 -0.029766083
p 3 210 44.940998 -0.03308487
p 4 211 44.904163 -0.019630432
p 4 212 44.873867 -0.010025024
p 5 213 44.837963 0.008131027
p 6 214 44.795883 0.017816544
p 7 215 44.742764 -0.014064789
p 6 216 44.72249 -0.052740097
p 6 217 44.721416 -0.02840805
p 6 218 44.721416 -0.034025192
p 7 219 44.6766 -0.04723358
p 8 220 44.674835 -0.017131805
p 7 221 44.634407 -0.01871109
p 6 222 44.60027 -0.07368469
p 5 223 44.594166 -0.047929764
p 5 224 44.576385 -0.035873413
p 6 225 44.556255 -0.05139351
p 6 226 44.48927 -0.0685997
p 7 227 44.48927 -0.0010318756

c 2 55.810585
p 2 157 100.69927 -0.5738716
p 3 158 99.81823 0.24274063
p 2 159 98.852615 -0.018676758
p 3 160 97.86046 0.50857544
p 2 161 96.92245 -0.07822037
p 3 162 95.78276 -1.1975975
p 4 163 94.661026 -1.4452248
p 5 164 93.70122 -0.5576248
p 4 165 92.7094 0.19842148
p 5 166 91.88691 1.1499367
p 4 167 91.36782 1.5352325
p 5 168 89.91113 0.09744263
p 4 169 88.502495 -0.74378204
p 3 170 87.35739 -0.90550613
p 4 171 86.19998 0.3620491
p 3 172 85.371086 -0.24356842
p 4 173 84.50413 -1.3451309
p 5 174 83.82143 -0.7167053
p 6 175 83.129524 1.7651138
p 7 176 82.15775 -1.6499672
p 6 177 80.64614 -0.87465286
p 7 178 78.602554 1.0460129
p 7 179 78.14361 -0.6701431
p 6 180 74.95127 -2.203949
p 7 181 73.5051 1.7544518
p 6 182 72.48398 2.0194626
p 7 183 71.65819 -0.7112274
p 8 184 70.84145 -2.0979042
p 9 185 69.859695 -1.2142143
p 10 186 68.730644 -0.45360184
p 11 187 67.136284 -2.4119225
p 11 188 61.778038 -7.096874
p 12 189 56.14099 -10.7322235
p 13 190 53.081684 -5.2943935
p 14 191 52.01702 0.574543
p 13 192 51.121826 1.8204727
p 12 193 50.24647 -0.06952667
p 12 194 49.41002 -0.0010414124
p 11 195 48.77295 -0.38039017
p 10 196 48.066307 -0.23514557
p 9 197 47.5169 -0.041959763
p 8 198 46.998333 -0.027742386
p 9 199 46.546864 -0.007413864
p 9 200 46.173428 0.021774292
p 8 201 45.94734 -0.10311508
p 8 202 45.696613 -0.05164528
p 9 203 45.613663 0.09619522
p 10 204 45.385754 -0.11965561
p 10 205 45.385754 0.11261749
p 9 206 45.225216 -0.037878036
p 8 207 45.13608 -0.034103394
p 7 208 45.092987 0.0031967163
p 6 209 45.043743 0.0042266846
p 6 210 44.904697 -0.10893059
p 5 211 44.888687 -0.015827179

c 3 20.761967
p 10 178 74.76922 -1.2171974
p 11 179 74.42839 1.670044
p 12 180 74.24019 -0.90766525
p 12 181 65.44351 -9.283909
p 13 182 64.11063 -8.209778
p 14 183 63.11864 -7.44751
p 15 184 62.14816 -7.859661
p 16 185 61.067245 -5.4089165
p 17 186 60.189827 -4.776083
p 16 187 56.4935 -10.611198
p 15 188 55.287487 -13.507317
p 14 189 54.00725 -10.737728

c 4 40.495384
p 10 178 74.76922 -5.894993
p 11 177 75.27379 -4.548126
p 12 176 76.07234 -0.78515625
p 13 175 77.32003 -1.982296
p 12 174 78.752754 1.7320404
p 13 173 80.24143 1.4163322
p 12 172 81.44838 0.144001
p 13 171 82.61649 -2.7819557
p 14 170 83.75808 -2.222641
p 13 169 84.925934 0.4485855
p 14 168 86.16979 1.8963776
p 13 167 87.11584 -0.50242615
p 14 166 88.17521 0.6274948
p 13 165 89.26518 -5.674534
p 12 164 90.279854 -6.063301
p 11 163 91.48886 -2.2975426
p 12 162 92.52311 -5.751671
p 13 161 93.82285 -4.8154335
p 14 160 95.127846 -4.8413887
p 15 159 96.277916 -4.187359
p 16 158 97.65196 -3.9525032
p 17 157 98.86888 -1.8668823
p 16 156 100.1705 0.684185
p 17 155 101.50321 -2.4354324
p 18 154 103.64266 -1.448204
p 19 153 104.921715 -1.1563911
p 18 152 106.04494 -0.60360336
p 17 151 107.295784 -0.78276825
p 16 150 108.50659 -0.3147316
p 15 149 109.693695 0.013790131
p 15 148 110.49845 0.057247162
p 14 147 111.37225 -0.588665
p 13 146 112.5151 0.008544922
p 12 145 113.2303 0.04749298
p 12 144 114.47959 0.35083008
p 11 143 115.2646 0.19849777

c 5 70.687096
p 11 113 115.23686 0.036663055
p 12 112 114.2378 0.24679947
p 13 111 113.269775 -0.2272911
p 14 110 112.35827 -0.40364456
p 13 109 111.22362 0.19900894
p 14 108 110.251274 -0.11299896
p 15 107 109.106514 -0.89772797
p 16 106 108.133575 -0.2496643
p 17 105 107.13944 -0.95687485
p 16 104 106.281395 -0.44345474
p 15 103 105.523125 0.9998627
p 15 102 104.62558 0.9634056
p 15 101 102.86812 -0.48854065
p 16 100 100.916855 -0.83337784
p 15 99 100.22338 -0.3229828
p 14 98 99.001915 -0.42266846
p 13 97 97.75735 0.81082153
p 12 96 96.697334 -0.047115326
p 13 95 94.46437 -0.7069931
p 14 94 92.814064 -2.8835373
p 15 93 90.51013 -2.5324287
p 16 92 86.9131 4.5533714
p 16 91 84.934296 -2.6704597
p 15 90 82.09927 -7.198143
p 14 89 81.00184 -3.5104637
p 15 88 80.04073 -7.5920715
p 16 87 78.83693 -7.7767105
p 17 86 77.73455 -5.890423
p 18 85 76.66592 -4.924858
p 17 84 75.167984 -7.34198
p 16 83 74.17246 -5.5602913
p 17 82 73.07586 -8.070126
p 18 81 72.08669 -9.273865
p 19 80 71.11217 -8.454769
p 20 79 70.092514 -8.365051
p 21 78 69.05819 -8.441978
p 22 77 67.98212 -7.858177
p 23 76 66.73909 -9.04781
p 24 75 65.60587 -6.6216164
p 25 74 64.54812 -0.5937958
p 24 73 62.95594 -6.154846
p 23 72 62.071926 -5.4850807
p 24 71 61.0329 -10.305199
p 25 70 60.014412 -9.267029
p 26 69 58.97708 -6.232401
p 25 68 58.016407 -7.5539017
p 24 67 57.082188 -11.21891
p 23 66 56.003113 -10.8858185
p 22 65 54.9517 -3.6764145
p 21 64 53.987137 0.04750061
p 22 63 53.042645 2.1007977
p 23 62 52.129932 2.9412708
p 24 62 51.267082 0.91693115
p 25 63 50.396008 -2.352396
p 26 62 49.736923 7.4796696
p 27 62 49.164352 6.9769917
p 28 61 49.03787 0.3402481
p 28 60 48.910572 0.03704834
p 29 59 48.413593 0.1015358
p 30 58 47.967384 -0.111763
p 31 57 47.589294 -0.06259155
p 32 56 47.21883 -0.19782448
p 33 55 46.82801 -0.08533859
p 34 54 46.48287 0.04168129
p 35 53 46.166462 0.035463333
p 36 52 45.919643 0.053224564
p 35 51 45.67925 -0.083934784
p 34 50 45.581947 0.04340744
p 34 49 45.39734 -0.065504074
p 35 48 45.30101 0.06940842
p 34 47 45.159702 -0.032600403
p 33 46 45.1218 -0.012504578
p 32 46 45.105522 0.11053467
p 31 45 45.084515 -0.017650604
p 30 44 45.05552 -0.031389236
p 31 43 45.034245 -0.094249725
p 30 42 44.98163 0.011442184
p 30 41 44.865993 -0.11335945
p 31 40 44.853046 0.057338715
p 32 39 44.811253 -0.006214142
p 33 39 44.764313 -0.010391235
p 34 38 44.73349 -0.11281586
p 35 37 44.684975 0.029146194
p 36 37 44.684975 -0.04675293
p 37 36 44.665024 -0.009428024
p 36 35 44.65097 -0.017637253
p 35 34 44.65097 0.044195175
p 34 33 44.6205 0.023288727
p 35 32 44.59119 -0.102724075
p 35 31 44.58342 -0.015028
p 34 30 44.549767 -0.016981125
p 33 30 44.549767 -0.05564499

c 6 0.475502
p 12 35 44.61923 0.021455765
p 13 35 44.61923 -0.014837265
p 14 36 44.647182 0.05248642
p 15 37 44.683018 -0.065122604
p 16 38 44.780617 0.05744362
p 17 39 44.80635 -0.07916069
p 18 40 44.81297 -0.039865494
p 19 41 44.839897 -0.04125023
p 20 42 44.85159 -0.10200119
p 20 43 44.880463 -0.058288574
p 19 44 44.961372 0.08766174
p 20 45 44.96601 -0.040410995
p 20 46 45.09473 -0.018989563

c 7 28.979637
p 17 92 85.81375 -5.208164
p 18 93 86.54164 -6.1682243
p 19 94 87.300575 -7.264694
p 20 95 88.18501 -7.8381615
p 21 96 89.201515 -7.708954
p 22 97 90.53287 -4.094528
p 21 98 91.877846 1.2355156
p 22 99 93.29367 -6.7000427
p 23 100 94.98875 -5.774685
p 24 101 96.30978 -7.1059265
p 25 102 98.101944 -7.6342697
p 26 103 100.332375 -2.8360176
p 25 104 102.60283 1.466877
p 26 105 104.92514 -3.1047401
p 27 106 108.15082 0.23294067
p 27 107 109.3795 0.07096481
p 28 108 110.14442 -0.054039
p 27 109 111.206505 4.8446655E-4
p 26 110 112.2765 -0.5025902
p 25 111 113.44392 -0.33537292
p 26 112 114.79339 -0.41397476

c 8 0.31713486
p 21 33 44.627186 -0.057641983
p 22 34 44.627186 0.04335785
p 23 34 44.639362 -0.045352936
p 24 34 44.65731 -0.0505867
p 25 35 44.69048 0.019992828
p 25 36 44.69048 -0.019542694
p 24 37 44.73883 -0.022901535
p 24 38 44.775063 -0.017091751
p 24 39 44.79986 -0.06952286
p 25 40 44.814693 -0.013599396
p 25 41 44.86061 -0.0675354
p 26 42 44.9297 -0.009290695
p 26 43 44.94432 -0.07141113

c 9 5.519806
p 24 192 50.093433 1.2623844
p 25 193 49.316063 -0.033704758
p 25 194 48.725822 -0.38155174
p 26 195 48.276966 0.114349365
p 25 196 47.816895 -0.024974823
p 26 197 47.388382 0.094387054
p 25 198 46.925278 -0.09391022
p 26 199 46.52219 0.10604286
p 27 200 46.211025 0.040174484
p 28 201 45.943684 -0.0036811829
p 29 202 45.697926 -0.092617035
p 30 203 45.56433 0.17192268
p 29 204 45.348465 -0.05957985
p 29 205 45.30916 -0.022548676
p 29 206 45.235615 -0.04796028
p 30 207 45.16027 0.029186249
p 30 208 45.136738 -0.021690369
p 30 209 45.058056 -0.027172089
p 29 210 45.00991 0.018888474
p 30 211 44.94085 -0.04239273
p 30 212 44.887463 -0.116277695
p 31 213 44.849182 -0.020410538
p 30 214 44.800003 0.027147293
p 31 215 44.774555 -0.07293129
p 32 216 44.748814 0.026935577
p 32 217 44.68958 0.040826797
p 31 218 44.68958 -0.03332138
p 31 219 44.672318 -0.035591125
p 32 220 44.672318 -0.030456543
p 31 221 44.656906 -0.012500763
p 30 222 44.64283 -0.030704498
p 29 223 44.631912 -0.03639984
p 30 224 44.603462 -0.074380875
p 31 225 44.584675 -0.077365875
p 31 226 44.573627 -0.04501152
p 30 227 44.573627 -0.09851837

c 10 66.61595
p 26 146 111.324104 -0.07439804
p 27 147 110.46472 0.033920288
p 28 148 109.3549 -0.15084457
p 27 149 108.23637 0.18644333
p 26 150 107.10969 0.4729538
p 27 151 105.84767 -0.40053558
p 26 152 104.46493 0.07021332
p 27 153 103.46265 0.35264587
p 27 154 102.33087 -1.0119972
p 28 155 100.31066 -2.1796455
p 29 156 99.02139 -2.759224
p 30 157 97.86481 -3.614643
p 31 158 96.50076 -2.8905563
p 32 159 95.36179 -1.246727
p 31 160 93.95122 -0.69008636
p 32 161 92.735016 -3.7861595
p 33 162 91.52351 -3.0857773
p 32 163 90.10549 -5.9996147
p 31 164 88.68519 -5.93602
p 30 165 87.19514 -3.4368248
p 31 166 85.93619 -6.6322594
p 32 167 84.6443 -6.238106
p 33 168 83.44184 -6.4788017
p 34 169 82.222626 -6.8218346
p 35 170 81.15814 -3.6588097
p 36 171 80.118256 -0.84464645
p 35 172 79.06132 -5.070259
p 34 173 77.8635 -5.689312
p 33 174 76.63913 1.8648491
p 34 175 75.41381 -0.6867676
p 35 176 74.106384 -2.4282608
p 34 177 72.70357 4.6498566
p 35 178 71.27834 1.1929436
p 34 179 69.76957 1.873352
p 35 180 68.3225 0.18457413
p 36 181 67.16946 -5.1991577
p 37 182 66.21473 -1.737072
p 36 183 65.44814 0.11651611
p 35 184 64.71954 -4.926815
p 35 185 64.073235 2.4222145
p 35 186 63.603714 2.1430473
p 36 187 63.34716 5.025234
p 36 188 63.212757 0.5474243
p 37 189 54.11779 -11.89827
p 36 190 52.840683 2.0154152
p 37 191 51.48501 6.7940083
p 36 192 50.60282 2.721157
p 35 193 49.771004 6.914421
p 34 194 49.05339 0.08720589
p 34 195 48.416393 -0.033721924
p 35 196 47.88429 -0.19711304
p 34 197 47.435425 0.023248672
p 35 198 46.931446 0.03194809
p 35 199 46.46266 -0.06416321
p 36 200 46.227844 0.13780975
p 35 201 45.938248 -0.020511627
p 36 202 45.776943 -0.035461426
p 37 203 45.639256 0.024503708
p 36 204 45.487408 -0.08299446
p 36 205 45.36 -0.0636425
p 36 206 45.294495 -0.019647598
p 35 207 45.261868 -0.01691246
p 34 208 45.226078 -0.08778572
p 33 209 45.12793 -0.016792297
p 34 210 45.067997 -0.012374878
p 35 211 45.004463 0.053775787
p 36 212 44.963093 0.014644623
p 35 213 44.92529 -7.8964233E-4
p 36 214 44.916847 -0.06744385
p 36 215 44.872917 -0.1300869
p 36 216 44.7529 -0.050128937
p 36 217 44.7529 0.033784866
p 35 218 44.708157 -0.022621155
p 36 219 44.708157 -1.9836426E-4

c 11 34.367588
p 32 65 53.373447 -6.0582485
p 33 66 54.57297 -4.941986
p 32 67 56.07715 -1.9589005
p 33 68 57.564472 -15.253609
p 34 69 59.49276 -14.720398
p 35 70 61.461376 -12.655647
p 36 71 63.891335 -12.01635
p 37 72 66.20112 -10.621696
p 38 73 68.72231 -4.6524734
p 37 74 71.14768 1.4618759
p 38 75 73.21008 2.109127
p 37 76 75.04261 -6.563595
p 36 77 77.020615 -2.5276604
p 37 78 79.19136 2.7355156
p 36 79 81.2913 0.77598953
p 37 80 82.7354 -3.4599495
p 38 81 84.20789 -1.8688011
p 37 82 85.84828 -2.8439178
p 36 83 87.741035 -1.9045792

c 12 32.881004
p 36 169 82.20077 -5.331356
p 37 168 83.23416 -8.2438545
p 38 167 84.3005 -8.104321
p 39 166 85.485695 -7.1075974
p 40 165 86.65422 -5.2033806
p 41 164 87.77724 -1.0830383
p 40 163 88.93955 -5.0052223
p 39 162 90.026695 -2.8982544
p 40 161 91.285866 0.48804092
p 39 160 92.27687 -0.16724777
p 40 159 93.53171 -5.2833176
p 41 158 94.70653 -4.3926086
p 42 157 96.000565 -2.66848
p 41 156 97.4679 -3.637516
p 40 155 98.74515 -2.5012093
p 39 154 100.13182 -1.3881073
p 40 153 101.393295 1.0862961
p 39 152 102.65008 1.5965881
p 40 151 103.8136 -1.7014084
p 41 150 104.916245 -1.6405411
p 42 149 105.921974 -1.2930946
p 41 148 107.086174 -1.7456474
p 40 147 108.151405 -1.9397964
p 39 146 109.10683 -1.5026474
p 40 145 110.19256 -1.851799
p 41 144 111.255394 -1.6421165
p 42 143 112.50063 0.19857788
p 41 142 113.834694 -1.0741158
p 40 141 115.08177 0.4525795

c 13 2.4371758
p 39 56 47.042404 -0.064445496
p 40 55 46.675106 -0.0029392242
p 41 54 46.42631 -0.016418457
p 42 53 46.17482 0.12130356
p 43 52 45.849983 -0.06311226
p 42 51 45.71741 -0.0345726
p 43 50 45.612103 0.048854828
p 44 49 45.378117 -0.093221664
p 44 48 45.335808 0.047948837
p 43 47 45.274704 -0.018146515
p 42 46 45.122112 -0.04201889
p 43 45 45.076206 -0.12885094
p 44 45 45.05681 -0.079380035
p 45 44 45.050327 0.060869217
p 44 43 44.992027 -0.08203316
p 45 42 44.949356 0.04759407
p 45 41 44.88768 -0.07693863
p 44 40 44.775482 -0.06666756
p 45 39 44.769096 -0.06523323
p 46 38 44.731678 0.056196213
p 47 38 44.731678 -0.033338547
p 48 37 44.70833 -0.037714005
p 49 37 44.708107 0.020929337
p 50 36 44.708107 -0.03712082
p 50 35 44.704277 0.044618607
p 51 34 44.678806 -0.031654358
p 51 33 44.667294 -0.0035324097
p 50 32 44.63874 -0.038808823
p 50 31 44.634274 0.025878906
p 51 31 44.634274 -0.01275444
p 52 31 44.62988 -0.066114426
p 53 31 44.62988 -0.049430847
p 54 30 44.60523 -0.060733795
p 54 31 44.60523 -0.0075511932

c 14 68.709335
p 39 56 47.042404 -0.052297592
p 39 57 47.353714 -0.096796036
p 40 58 47.89449 -0.042663574
p 40 59 48.407204 -0.09902763
p 40 60 48.936886 -0.09967613
p 41 61 49.623207 -0.25267982
p 42 62 50.46664 -0.3967762
p 42 63 51.443554 3.0391598
p 43 64 52.468456 -2.1736774
p 42 65 53.69428 -5.1695213
p 43 66 54.88215 -4.606352
p 42 67 56.083725 -2.738121
p 43 68 57.41262 -12.472153
p 44 69 58.701645 -10.277309
p 45 70 60.01189 -6.6468277
p 44 71 61.316433 0.002483368
p 45 72 62.998116 -12.121719
p 46 73 64.9973 -6.5936317
p 45 74 66.84102 1.159626
p 46 75 68.760574 -10.174534
p 47 76 70.439575 -8.994186
p 48 77 72.27432 -4.8725433
p 47 78 74.05725 1.3319778
p 48 79 75.880394 -7.6738434
p 49 80 77.44644 -7.145794
p 50 81 79.06546 -3.873314
p 49 82 80.73209 -5.956505
p 48 83 82.37085 -5.1369324
p 47 84 84.06571 -4.243229
p 46 85 85.35787 -5.145252
p 45 86 86.70156 -5.059601
p 44 87 88.529305 -0.7181511
p 45 88 90.13916 -2.643528
p 46 89 91.51598 -2.4267273
p 47 90 92.83364 -0.7218056
p 46 91 94.46486 1.2748604
p 47 92 95.535576 0.24360275
p 46 93 96.91722 -0.21395111
p 45 94 97.91859 -0.2276001
p 44 95 98.969505 -0.826004
p 43 96 100.002914 0.008407593
p 44 97 101.08886 -0.58062744
p 45 98 102.26984 -0.12779617
p 44 99 103.50602 -0.09443283
p 44 100 104.50921 -0.0035629272
p 45 101 105.21487 -0.20361328
p 46 102 106.19964 0.33055496
p 45 103 107.156746 -0.17266846
p 44 104 108.03663 -0.11802673
p 43 105 108.87499 -0.22107697
p 44 106 109.72164 0.17610168
p 43 107 110.60526 -0.35432434
p 42 108 111.46511 -0.045173645
p 41 109 112.46 -0.3325348
p 41 110 113.46973 0.017642975
p 40 111 114.12566 0.01626587
p 41 112 114.92176 -0.19343948
p 42 113 115.75174 0.11698151

c 15 0.541214
p 40 209 45.133152 -0.061992645
p 40 210 45.133152 0.00687027
p 41 211 45.046516 -0.075790405
p 42 212 45.03637 -0.037080765
p 43 213 44.955475 -0.019701004
p 42 214 44.93316 -0.08662605
p 41 215 44.928307 -0.08691406
p 41 216 44.846977 -0.08452034
p 42 217 44.809845 0.07811546
p 41 218 44.73402 -0.11412811
p 40 219 44.7002 -0.043590546
p 40 220 44.7002 -0.003030777
p 40 221 44.68586 0.018415451
p 40 222 44.661324 0.031244278
p 41 223 44.591938 0.045440674
p 42 224 44.591938 -0.072984695

c 16 1.0318985
p 45 202 45.783447 -0.019983292
p 45 203 45.709293 0.085315704
p 46 204 45.5822 -0.0575943
p 47 205 45.48062 -0.030744553
p 46 206 45.372673 -0.004804611
p 45 207 45.339302 0.021434784
p 46 208 45.28755 -0.036418915
p 47 209 45.21264 -0.06356239
p 48 210 45.066093 -0.17741013
p 49 211 45.032536 0.025234222
p 50 212 44.97209 -0.08228493
p 50 213 44.939842 6.427765E-4
p 49 214 44.901947 -0.042621613
p 50 215 44.901947 -0.022241592
p 49 216 44.87574 0.0068359375
p 48 217 44.75155 -0.16002464
p 49 217 44.75155 -0.041381836

c 17 37.568405
p 45 202 45.783447 -0.03140831
p 46 201 46.005665 -0.08832741
p 46 200 46.20641 -0.066986084
p 47 199 46.517143 0.06363869
p 46 198 46.979607 0.12335205
p 47 197 47.394924 -0.04314232
p 48 196 47.892452 0.07272339
p 47 195 48.296448 -0.07311249
p 46 194 48.797623 0.1764698
p 47 193 49.30927 6.212654
p 48 192 50.081684 -0.8443947
p 49 191 51.082718 -5.038458
p 50 190 52.307285 -11.759541
p 51 189 54.011986 -6.63031
p 50 188 55.43261 -9.779255
p 49 187 57.802 -12.538033
p 48 186 60.059597 -12.298744
p 47 185 65.983444 0.5872078
p 47 184 68.535995 -1.0715218
p 46 183 70.891426 -0.70482635
p 47 182 72.87409 0.61725616
p 46 181 74.77719 0.7629547
p 47 180 78.16815 -1.5056915
p 48 179 79.82683 -1.5883179
p 49 178 81.24707 -2.3977547
p 50 177 83.35185 -1.8861656

c 18 65.31114
p 50 149 109.85072 0.05073166
p 51 150 109.1609 -0.2483406
p 50 151 107.733055 -0.34446335
p 51 152 106.76141 -0.34662247
p 52 153 105.620605 -0.38450623
p 51 154 104.81011 -0.3552475
p 50 155 103.80167 -0.4927864
p 51 156 102.71505 -0.3749237
p 52 157 101.592415 -0.8488312
p 53 158 100.35195 -0.71022415
p 54 159 99.01565 -0.7295456
p 55 160 97.89705 0.6156235
p 55 161 94.896194 -3.063568
p 56 162 93.59409 -3.996109
p 57 163 91.86997 -4.9673805
p 58 164 90.04939 -5.655712
p 59 165 88.52157 -5.4946938
p 60 166 86.85074 -7.0497856
p 61 167 85.02563 -7.762966
p 62 168 83.71087 -4.3494225
p 61 169 81.98026 -8.817043
p 60 170 80.26073 -9.651802
p 59 171 78.575775 -4.1847267
p 60 172 77.158936 -0.15769196
p 59 173 75.55661 -0.6534958
p 60 174 74.266 -10.1441765
p 61 175 72.84477 -6.33477
p 60 176 71.2392 -10.8120575
p 59 177 69.88728 -5.2895317
p 60 178 68.569626 2.4368744
p 59 179 67.2853 1.3709068
p 60 180 65.90072 1.4850311
p 59 181 64.588295 1.8235931
p 60 182 63.404003 1.8017883
p 59 183 62.106113 0.11683655
p 60 184 60.97514 -8.851631
p 61 185 60.04732 -7.1365185
p 60 186 58.576714 -8.269127
p 59 187 57.368526 -7.773638
p 60 188 56.164215 -9.640175
p 61 189 55.051033 -7.186548
p 60 190 53.82115 2.3183708
p 61 191 52.761555 7.760128
p 60 192 51.78024 6.010462
p 61 193 50.87361 4.591076
p 62 194 50.03515 0.08769417
p 61 195 49.175983 -0.060726166
p 61 196 48.479107 -0.08057976
p 60 197 47.93116 0.10711479
p 59 198 47.462437 1.3542175E-4
p 58 199 47.007816 0.023059845
p 58 200 46.525047 0.024291992
p 57 201 46.159195 0.03929329
p 57 202 45.978153 0.094005585
p 56 203 45.82864 -0.042819977
p 56 204 45.65154 -0.14402199
p 57 205 45.613506 0.08816719
p 56 206 45.43226 -0.008672714
p 56 207 45.299572 -0.035842896
p 56 208 45.21852 -0.081581116
p 55 209 45.15049 -0.014751434
p 54 210 45.05844 -0.013372421
p 54 211 45.016933 0.011190414
p 55 212 44.974182 0.027641296
p 55 213 44.92971 -0.012929916
p 54 214 44.90125 -0.07360268
p 53 215 44.90125 -0.03922844
p 52 216 44.895798 0.010030746
p 52 217 44.767525 -0.01408577
p 52 218 44.767525 -0.012809753
p 51 219 44.67912 -0.09208298
p 50 220 44.61821 -0.03926468
p 51 221 44.583176 -0.09612274
p 52 222 44.583176 -0.009260178
p 51 223 44.56554 -0.034057617
p 50 224 44.53958 -0.103069305
p 51 225 44.53958 -0.10076523

c 19 67.55232
p 52 110 112.13184 -0.027294159
p 53 109 110.97459 -0.04289627
p 54 108 110.21183 0.06324768
p 53 107 108.7861 0.028656006
p 54 106 107.41735 0.292984
p 55 105 106.556496 0.3889885
p 54 104 105.62895 0.07863617
p 55 103 104.02381 1.4970665
p 55 102 102.88889 -1.5590096
p 54 101 101.133995 -1.8673973
p 53 100 99.973404 -0.5615463
p 54 99 98.7972 -3.0487175
p 55 98 97.47224 -3.9094887
p 56 97 96.31775 -0.7273979
p 55 96 95.37312 -0.9417
p 56 95 94.35335 -2.3875618
p 57 94 93.77741 -1.1846733
p 58 93 92.7878 0.3608551
p 59 93 86.87682 -7.141361
p 60 92 85.03127 -8.351807
p 61 91 83.588776 -8.046665
p 62 90 82.39873 -4.3574753
p 61 89 80.72138 -9.4549675
p 60 88 79.52742 -9.157711
p 59 87 78.44241 -3.1200066
p 60 86 77.01343 -0.5814972
p 59 85 75.81286 -7.763237
p 58 84 74.68516 -7.637741
p 57 83 73.504295 -3.8984985
p 58 82 72.26163 2.1220055
p 57 81 71.1626 -0.0618515
p 58 80 70.07993 -7.4594803
p 59 79 69.02707 -6.642105
p 58 78 68.07122 1.1068802
p 59 77 66.88909 -7.5484085
p 60 76 65.7111 -5.829811
p 59 75 64.65759 -6.911194
p 58 74 63.690895 -7.4022827
p 59 73 62.553444 -8.167229
p 60 72 61.652275 -5.832283
p 59 71 60.470192 -7.1852684
p 58 70 59.57721 -7.4003487
p 57 69 58.418762 -3.734558
p 58 68 57.290257 4.275013
p 57 67 56.260643 -1.9607849
p 58 66 55.207073 -7.987568
p 59 65 54.14065 -7.1511574
p 58 64 53.146835 9.401041
p 59 63 52.187214 3.0220184
p 60 62 51.263905 7.0284405
p 61 61 50.40103 0.089365005
p 62 60 49.5783 0.2189064
p 63 59 48.799248 0.13261795
p 64 58 48.088253 -0.097696304
p 65 57 47.52791 0.1451168
p 64 56 46.997578 -0.029205322
p 65 55 46.575634 0.064603806
p 66 54 46.17375 -0.01996231
p 66 53 45.940636 0.045513153
p 67 52 45.711643 -0.07682991
p 68 51 45.628895 0.03905487
p 67 50 45.51384 -0.014335632
p 68 49 45.419327 -0.013105392
p 67 48 45.25486 -0.06686783
p 66 47 45.20006 -0.07305336
p 66 46 45.15114 -0.08534241
p 65 45 45.072258 0.0074005127
p 65 44 45.027355 -0.012447357
p 66 43 44.9068 -0.065416336
p 66 42 44.887844 -0.060287476
p 65 41 44.87636 -0.09142113
p 64 41 44.87549 -0.114730835
p 63 40 44.86837 -0.09757233
p 62 39 44.84341 -0.028697968
p 63 38 44.776363 -0.06413269
p 64 37 44.74374 0.009986877
p 63 36 44.74374 0.009422302
p 63 35 44.708702 -0.043706894
p 63 34 44.63265 -0.085292816
p 64 33 44.63265 -0.0040626526
p 64 32 44.579525 -0.013830185
p 65 32 44.579525 -0.056116104

c 20 17.839584
p 56 96 95.50064 0.13723755
p 57 97 96.97805 -2.2283554
p 58 98 98.22499 -3.348774
p 59 99 99.55568 -2.7051773
p 60 100 100.71507 -2.2142487
p 61 101 102.862495 0.5859337
p 61 102 104.394905 -0.03155899
p 62 103 105.27923 -0.24403
p 63 104 106.07807 0.6059494
p 64 105 107.18565 0.023162842
p 63 106 108.17578 -0.2948494
p 64 107 109.69304 0.15119553
p 65 108 111.04577 0.050670624
p 64 109 111.60052 0.21534348
p 63 110 112.47482 0.15878296
p 62 111 113.340225 -0.41306305

c 21 63.037094
p 62 151 107.56482 0.06481552
p 63 152 106.02648 -0.92528915
p 64 153 104.64612 -0.68151855
p 63 154 103.63023 -0.6485748
p 64 155 102.68737 -1.8615723
p 65 156 101.85789 -1.9784966
p 66 157 101.03155 -1.0281525
p 65 158 100.23358 0.13803864
p 66 159 99.39024 -0.0534935
p 65 160 98.531715 0.9238434
p 66 161 97.63273 -0.4931488
p 67 162 96.6139 -0.85134506
p 68 163 95.11751 -0.5702896
p 69 164 93.578064 -1.6044006
p 70 165 92.01083 -1.0314445
p 69 166 90.39059 0.70023346
p 70 167 89.05274 -1.2094345
p 69 168 87.815315 -0.17821121
p 70 169 86.17749 -3.5316505
p 71 170 84.56772 -1.1945496
p 70 171 82.93078 -3.3516197
p 69 172 81.83259 -0.9724884
p 70 173 80.71515 1.3086891
p 69 174 79.62367 1.1092949
p 70 175 78.59318 1.1727142
p 69 176 77.6185 1.4403267
p 70 177 76.647255 1.0259628
p 69 178 75.68064 1.7082062
p 70 179 74.720604 0.8125267
p 69 180 73.8563 -0.48440933
p 70 181 72.91326 -3.607399
p 71 182 71.916954 -2.20113
p 72 183 70.83057 -1.4648323
p 73 184 69.644135 -2.6120262
p 74 185 68.34418 -0.39826584
p 75 184 66.87419 3.8375282
p 76 185 65.27282 0.52326584
p 77 186 63.349304 -2.6951752
p 78 187 61.071724 -5.1853256
p 79 188 58.593086 -4.1989174
p 78 189 56.163048 2.5084915
p 79 190 54.101402 -2.0387306
p 78 191 52.19791 -0.8236542
p 77 192 50.81533 -0.029459
p 77 193 49.901928 -0.28765297
p 77 194 49.231403 -0.07624054
p 77 195 48.69564 -0.2179985
p 76 196 48.313126 -0.014678955
p 76 197 47.92946 -0.12722778
p 76 198 47.48284 0.0038318634
p 76 199 47.163418 -0.07612038
p 75 200 46.762028 -0.1033802
p 75 201 46.356514 -0.05150795
p 75 202 46.028572 -0.072156906
p 75 203 45.84842 0.11260414
p 76 204 45.58223 0.01930809
p 75 205 45.474804 -0.0064411163
p 76 206 45.406254 0.011663437
p 77 207 45.288925 -0.067855835
p 76 208 45.201134 -0.05296707
p 75 209 45.096615 -0.020065308
p 74 210 44.982986 -0.02242279
p 75 211 44.93962 -0.011323929
p 76 212 44.9082 0.035087585
p 77 213 44.885475 -0.11754799
p 78 214 44.838894 -0.01329422
p 78 215 44.77811 -0.10964584
p 78 216 44.763256 -0.025030136
p 79 217 44.70329 -0.025262833
p 80 217 44.701622 -0.030036926
p 81 218 44.691635 0.007598877
p 81 219 44.675217 -0.063941956
p 80 220 44.672512 -0.0621109
p 81 221 44.645256 -0.12749481
p 82 222 44.63767 -0.0087509155
p 83 223 44.595245 -0.0885582
p 84 224 44.59508 0.019145966
p 85 225 44.583714 0.01361084
p 86 226 44.53753 -0.048490524
p 85 227 44.527725 -0.06389427
p 84 228 44.527725 -0.061109543

c 22 1.2671776
p 66 215 44.808006 0.020002365
p 67 214 44.867695 0.009092331
p 68 213 44.89617 -0.029392242
p 69 212 44.95814 -0.006565094
p 69 211 44.98992 -0.035634995
p 68 210 44.98992 -0.03821373
p 69 210 45.042065 0.0056533813
p 70 209 45.076756 -0.020439148
p 69 208 45.19898 0.07220459
p 68 207 45.27399 -0.036468506
p 68 206 45.321823 -0.04998398
p 68 205 45.520004 0.0056495667
p 69 204 45.674736 -0.098903656
p 69 203 45.888817 0.010137558
p 68 202 46.075184 0.1336708

c 23 12.401756
p 69 162 96.34643 -0.54818344
p 70 161 97.34909 0.4106636
p 71 160 98.35564 0.6053581
p 72 159 99.40169 0.04434967
p 71 158 100.2842 0.55519104
p 72 157 101.316574 0.027633667
p 73 156 102.3105 0.44657898
p 74 155 103.2973 -0.28324127
p 73 154 104.35765 0.31334305
p 74 153 105.20972 -0.099536896
p 73 152 105.98503 -0.29021835
p 72 151 106.831154 -0.39822006
p 73 150 107.84594 0.25042343
p 72 149 108.748184 -0.8125992

c 24 16.181328
p 71 71 60.69758 -6.7045116
p 72 70 59.601513 -9.95837
p 73 69 58.606712 -9.738018
p 74 68 57.397934 -10.6959305
p 75 67 56.295746 -10.399704
p 76 66 55.17104 -7.546879
p 77 65 54.176853 -4.682888
p 76 64 53.132355 -1.4975471
p 75 63 52.17642 0.04559517
p 76 62 51.21331 2.1694736
p 77 61 50.34993 -0.3633423
p 78 60 49.501526 -0.14382744
p 78 59 48.783947 0.07391548
p 77 58 48.04024 -0.03353119
p 78 57 47.516354 0.007972717
p 78 56 46.960423 -0.1377163
p 78 55 46.500977 -0.023851395
p 79 54 46.195583 0.048862457
p 78 53 45.937244 0.09288597
p 78 52 45.66016 -0.015687943
p 78 51 45.632458 0.060935974
p 77 50 45.479576 -0.04246521
p 77 49 45.428246 -0.005744934
p 77 48 45.303154 -0.04688835
p 78 47 45.182484 -0.0066394806
p 77 46 45.132538 -0.0868969
p 77 45 45.108837 -0.069316864
p 78 44 45.027805 -0.083143234
p 78 43 44.99364 -0.13355064
p 79 42 44.91446 -0.057748795
p 79 41 44.838024 -0.050979614
p 78 40 44.818493 -0.05684662
p 78 39 44.818493 -0.08025551
p 77 38 44.756996 -0.07229614
p 78 37 44.73748 -4.825592E-4
p 77 36 44.711536 0.014705658
p 78 35 44.665462 -0.040901184
p 77 34 44.63487 0.03958893
p 78 33 44.619354 -0.096897125
p 79 32 44.614445 -0.040006638
p 79 31 44.608288 -0.036993027
p 80 30 44.608288 -0.011539459
p 81 31 44.6196 -0.03278923
p 82 30 44.574337 -0.0175457
p 83 29 44.546326 0.0031776428
p 84 28 44.545643 -0.0321064
p 84 27 44.53554 -0.028427124
p 83 26 44.528362 -0.008733749
p 83 25 44.51625 0.019893646
p 82 24 44.51625 0.011552811

c 25 53.252968
p 71 71 60.69758 -0.45804977
p 72 72 61.95342 -15.2118225
p 73 73 63.236225 -18.338047
p 74 74 64.4369 -12.317646
p 75 75 65.73243 -6.7756844
p 74 76 66.89621 -0.22729874
p 75 77 68.164696 -11.960094
p 76 78 69.58259 -11.164818
p 77 79 71.012695 -5.708458
p 76 80 72.45605 2.573906
p 77 81 74.24129 1.0038033
p 76 82 75.9382 1.36969
p 77 83 77.67102 0.24097824
p 76 84 79.53329 3.8446732
p 77 85 81.31039 -6.33033
p 78 86 83.4291 -2.2439194
p 77 87 85.87046 2.8017159
p 78 88 87.65297 -1.4757767
p 79 89 89.34691 -1.6626625
p 78 90 90.98596 1.8831406
p 79 91 92.44405 -1.5410118
p 80 92 93.6373 -2.1987076
p 81 93 94.913734 -0.6756935
p 80 94 96.19734 0.6788063
p 81 95 97.7035 -0.27814865
p 81 96 99.5579 0.29950333
p 80 97 100.39895 0.26560974
p 81 98 101.23228 -0.05007553
p 80 99 102.14067 -0.1471901
p 79 100 103.325485 -0.20052719
p 78 101 104.42618 -0.01171875
p 78 102 106.03362 0.4051056
p 77 103 106.859856 -0.47483063
p 78 104 107.77146 -0.00258255
p 77 105 108.628044 -0.18566132
p 76 106 109.46622 -0.26140213
p 75 107 110.51909 -0.101623535
p 76 108 111.431206 -0.1593132
p 75 109 112.30399 -0.36809158
p 74 110 113.1396 -0.26029587
p 75 111 113.95055 -0.488163

c 26 7.6829796
p 80 64 52.31186 9.931946
p 81 63 50.92919 2.6442566
p 82 62 50.119507 0.30569267
p 81 61 49.38328 0.2622757
p 81 60 48.777897 -0.662323
p 82 59 48.25483 -0.55633354
p 83 58 47.577248 -0.5581627
p 84 57 47.341927 -0.032405853
p 85 56 46.900867 0.021802902
p 85 55 46.568523 0.07252884
p 86 54 46.255554 0.06291962
p 87 53 45.98444 -0.076719284
p 87 52 45.84312 -0.057340622
p 86 51 45.686928 -0.04380226
p 85 50 45.579987 0.06677055
p 84 49 45.432106 -0.004640579
p 84 48 45.286785 -0.1059742
p 85 47 45.262596 0.007873535
p 85 46 45.262596 -0.0017089844
p 86 45 45.182613 -0.008691788
p 86 44 45.0713 -0.040445328
p 87 43 44.996975 0.007822037
p 86 42 44.97498 0.008691788
p 85 41 44.90272 0.02361679
p 84 40 44.90272 0.022605896
p 84 39 44.84415 0.004365921
p 85 38 44.818058 -0.068790436
p 84 37 44.78713 -0.0132808685
p 83 36 44.733624 -0.13990974
p 83 35 44.704643 0.003522873
p 83 34 44.679123 -0.029367447
p 82 33 44.637096 -0.053697586
p 81 32 44.62888 -0.0050354004

c 27 60.741776
p 80 64 52.31186 -3.9079437
p 81 65 54.095158 -7.8037376
p 80 66 59.13903 0.44034576
p 80 67 61.344387 -0.7250824
p 81 68 64.71602 -3.6902313
p 82 69 67.00291 -2.4521828
p 83 70 68.70023 -2.0184097
p 84 71 70.073395 -3.013111
p 85 72 71.27642 -3.6198006
p 86 73 72.442116 -2.903099
p 85 74 73.63083 3.6168442
p 86 75 74.8339 -3.3967438
p 87 76 76.07615 -3.0531616
p 88 77 77.34161 -2.415989
p 89 78 78.47997 -3.3213272
p 90 79 79.647865 -4.23481
p 91 80 80.88095 -2.9815025
p 92 81 82.0993 -1.1072159
p 91 82 83.33032 0.7240372
p 92 83 84.5956 1.5996246
p 91 84 85.68726 -0.34336853
p 92 85 86.77757 1.5063744
p 91 86 87.84851 0.80021286
p 92 87 89.056496 0.52749634
p 91 88 90.15038 0.4396286
p 92 89 90.979675 -1.8234825
p 93 90 92.05328 -1.1528778
p 92 91 93.02517 0.96933746
p 93 92 94.21508 -1.9937172
p 94 93 95.290726 -2.3535843
p 95 94 96.32108 -2.1579666
p 96 95 97.32303 -0.8923378
p 95 96 98.48974 0.60344696
p 96 97 99.41748 0.3731575
p 95 98 100.49065 0.34218216
p 96 99 101.53716 0.037708282
p 95 100 102.68924 0.20182037
p 96 101 103.72373 -1.3718452
p 97 102 104.58928 -1.3198204
p 98 103 105.642914 -1.2778854
p 99 104 106.77845 -0.46437073
p 98 105 107.91533 -0.74515533
p 97 106 108.99361 -0.39037704
p 96 107 109.707825 -0.6885109
p 95 108 110.746735 -0.976738
p 94 109 111.63273 -0.7961235
p 93 110 113.053635 -0.16620255

c 28 61.905125
p 82 152 106.56046 -0.6479759
p 83 153 106.14573 -0.018249512
p 84 154 104.78039 -0.3871994
p 85 155 103.98289 -0.36239243
p 84 156 103.07102 0.23249435
p 85 157 101.96467 -0.8462639
p 86 158 101.09931 -0.42578506
p 87 159 100.440315 -0.13787079
p 86 160 99.5716 -0.38051224
p 87 161 98.01071 0.399765
p 87 162 97.184105 0.055919647
p 88 163 95.93671 0.1638298
p 89 164 95.02286 -0.07821655
p 89 165 93.95927 -1.0114555
p 88 166 92.27396 -1.2120628
p 87 167 91.129906 -0.10482025
p 86 168 90.28873 -0.47009277
p 87 169 88.95944 -0.60697174
p 86 170 87.95919 -0.7647362
p 85 171 86.70709 -0.86402893
p 84 172 84.85926 -0.83271027
p 83 173 81.117256 -3.1501503
p 84 174 76.95264 -0.73936844
p 83 175 75.30121 1.1785011
p 84 176 73.35958 1.2542801
p 83 177 71.57138 -1.2405663
p 84 178 69.96079 -8.201431
p 85 179 68.34464 -6.2784233
p 84 180 66.48177 -8.677891
p 83 181 64.89627 -5.350315
p 84 182 63.42578 -0.53533936
p 83 183 62.034668 0.7443085
p 84 184 60.544468 -10.575321
p 85 185 59.263584 -8.091705
p 86 186 58.073242 -3.7153683
p 85 187 57.014156 -4.7094574
p 86 188 56.02646 0.50445175
p 85 189 54.97086 -0.2944641
p 86 190 54.013275 2.280838
p 85 191 53.039444 7.462162
p 86 192 52.093266 3.1412506
p 87 193 51.084877 6.407007
p 88 194 50.329845 0.11206055
p 89 195 49.614414 0.041635513
p 90 196 48.880295 0.055562973
p 89 197 48.186237 -0.58060265
p 90 198 47.638588 0.01771164
p 89 199 47.184162 0.099853516
p 90 200 46.73898 -0.10071564
p 89 201 46.371437 0.062429428
p 90 202 46.052647 -0.16741943
p 91 203 45.789974 -0.007276535
p 91 204 45.610947 0.04087639
p 92 205 45.46774 -0.0029296875
p 92 206 45.339104 -0.021842957
p 92 207 45.26923 -0.09501648
p 93 208 45.232407 0.114356995
p 94 209 45.12637 -0.04883957
p 93 210 45.10354 -0.0814209
p 93 211 45.02155 -0.02526474
p 93 212 44.983166 -0.043712616
p 94 213 44.915268 0.009801865
p 95 214 44.8615 -0.07532501
p 96 215 44.855877 -0.060562134
p 96 216 44.85577 -0.053718567
p 97 217 44.828426 -0.03938675
p 97 218 44.766396 -0.018201828
p 96 219 44.65534 -0.026237488
p 96 220 44.65534 -0.05701828

c 29 24.79683
p 87 185 59.368263 -11.700649
p 88 184 60.81006 -12.163635
p 89 183 62.16377 -10.832817
p 90 182 64.05548 -8.902386
p 91 181 66.28867 -4.8388214
p 90 180 69.16694 -5.91053
p 89 179 71.45586 -5.146557
p 90 178 77.270485 2.020855
p 90 177 79.36844 -1.7890282
p 91 176 80.919716 0.38140106
p 92 175 82.370575 -1.206646
p 91 174 84.16509 0.29354858

c 30 10.156876
p 88 159 100.339714 1.0472145
p 89 158 101.04508 -0.1076355
p 90 157 102.00642 -0.17946243
p 91 156 102.8061 -0.03597641
p 92 155 103.600334 -0.40053177
p 93 154 104.46618 -0.5876808
p 94 153 105.45286 -1.035347
p 95 152 106.73041 -0.38871002
p 96 151 107.64625 -0.53622055
p 95 150 108.84697 0.019889832
p 94 149 109.735176 0.17893219
p 93 148 110.49659 -0.45609283

c 31 0.73249817
p 89 47 45.261288 -0.052640915
p 90 46 45.21058 0.014392853
p 91 45 45.118504 0.015741348
p 90 44 44.989285 -0.021759033
p 91 43 44.979496 0.040765762
p 92 42 44.96543 -0.038806915
p 93 41 44.93553 -0.034713745
p 93 40 44.897495 0.033006668
p 92 39 44.798244 -0.0116176605
p 93 38 44.775017 -0.014932632
p 93 37 44.754803 -0.06414223
p 93 36 44.754803 -0.003364563
p 93 35 44.718716 -0.019651413
p 94 34 44.718716 -0.040042877
p 95 33 44.654358 -0.06468773
p 96 32 44.645794 0.0059432983
p 96 31 44.6108 -0.014480591
p 97 30 44.60316 -0.040380478
p 98 29 44.56849 0.02567482
p 99 28 44.56045 0.0075149536
p 99 27 44.551857 0.050525665
p 100 26 44.52879 -0.038936615
p 101 27 44.52879 -0.023582458

c 32 0.75222397
p 93 48 45.318504 -0.045452118
p 94 47 45.2657 -0.012136459
p 95 46 45.183186 0.020856857
p 96 46 45.114643 -0.044086456
p 97 45 45.105362 -0.0413723
p 98 45 45.027916 -0.013313293
p 99 44 44.980576 0.05142975
p 100 43 44.954494 0.02951622
p 101 42 44.897007 -0.026699066
p 102 41 44.84263 0.0795517
p 103 40 44.770744 -0.032274246
p 102 39 44.764584 -0.042303085
p 102 38 44.751972 -0.06429291
p 101 37 44.72581 -0.071331024
p 102 36 44.691288 -0.070726395
p 103 36 44.691288 -0.089473724
p 104 35 44.678967 0.03368187
p 103 34 44.654793 -0.0031032562
p 104 33 44.631123 0.013017654
p 104 32 44.624542 -0.04371071
p 105 32 44.624542 -0.17645454
p 106 31 44.618465 0.023649216
p 107 31 44.56628 7.87735E-4
p 108 30 44.56628 -0.14200592

c 33 31.720161
p 93 48 45.318504 -0.03852272
p 94 49 45.428448 5.8174133E-4
p 95 50 45.513195 0.073431015
p 96 51 45.635063 -0.11885643
p 97 52 45.86326 -0.026496887
p 98 53 46.088604 -0.023748398
p 98 54 46.36784 0.034626007
p 99 55 46.539753 0.121658325
p 100 56 46.735153 -0.006547928
p 101 57 46.99129 0.059108734
p 102 58 47.17721 -0.02712059
p 102 59 47.569942 0.055986404
p 101 60 47.998943 0.10976982
p 100 61 48.583275 0.27985764
p 99 62 49.26838 2.5570068
p 98 63 50.10409 -1.7684994
p 97 64 51.076782 -3.1399841
p 96 65 52.17127 -5.918398
p 97 66 53.47151 -2.99325
p 96 67 54.86954 -0.9695778
p 97 68 56.378952 -11.579163
p 98 69 58.055313 -8.200064
p 97 70 60.403328 -10.852299
p 96 71 63.826817 -4.8334923
p 97 72 66.84404 -6.8407745
p 98 73 69.256615 -8.686649
p 99 74 71.90681 -7.089653
p 100 75 77.038666 -0.10638428

c 34 0.790081
p 95 204 45.67953 0.06135559
p 96 205 45.4519 -0.104169846
p 97 206 45.29038 7.5149536E-4
p 98 207 45.18844 -0.012004852
p 98 208 45.154545 -0.057504654
p 97 209 45.10229 0.025636673
p 98 210 44.994118 -0.021699905
p 98 211 44.994118 0.048128128
p 99 212 44.941856 -0.04466629
p 98 213 44.88945 -0.052101135
p 97 214 44.88945 3.6239624E-4

c 35 3.1570282
p 99 46 45.117268 0.1279335
p 100 47 45.178005 -0.06845665
p 100 48 45.239216 -0.0044670105
p 100 49 45.39249 -0.031002045
p 101 50 45.621536 -0.017471313
p 101 51 45.753754 -0.023893356
p 100 52 45.99446 0.07859802
p 101 53 46.23341 0.044849396
p 102 54 46.357502 -0.10964775
p 103 55 46.639988 -0.054653168
p 104 56 46.85771 -0.07398987
p 104 57 47.051544 -0.12059021
p 103 58 47.232365 0.060152054
p 104 59 47.542603 -0.08533287
p 103 60 47.92724 -0.2601223
p 102 61 48.274296 -0.23704529

c 36 23.637455
p 101 186 68.40323 -7.5655594
p 102 187 66.32913 -8.835712
p 103 186 63.950096 -2.5500107
p 104 186 59.412582 -2.7566051
p 105 187 57.525505 -7.5637016
p 106 188 56.387524 -4.9288216
p 105 189 55.2693 -1.1266136
p 106 190 54.182056 -7.196121
p 107 191 53.111988 -0.04081154
p 106 192 52.09622 7.4364014
p 107 193 51.118862 3.3956013
p 108 194 50.19279 -0.10320091
p 108 195 49.39046 -0.5026169
p 109 196 48.738914 0.12510109
p 108 197 48.06626 -0.1036911
p 107 198 47.61394 0.09270477
p 108 199 47.12185 0.055503845
p 108 200 46.756435 -0.094415665
p 108 201 46.407562 -0.056613922
p 108 202 46.07993 -0.05851364
p 108 203 45.851116 0.02677536
p 107 204 45.633354 -0.038763046
p 107 205 45.515358 -0.011302948
p 108 206 45.40445 0.028583527
p 109 207 45.245636 -0.063144684
p 110 208 45.223515 0.13262749
p 109 209 45.09249 -0.015996933
p 109 210 45.0867 0.040828705
p 108 211 45.052193 -0.06414604
p 108 212 44.956936 -0.12477684
p 109 213 44.888355 -0.0018558502
p 108 214 44.822495 -0.07529831
p 107 215 44.802692 -0.018371582
p 106 216 44.76719 -0.02557373
p 106 217 44.765774 0.019086838
p 105 217 44.765774 -0.06472206

c 37 3.6500473
p 103 232 44.502785 0.012744904
p 104 233 44.502785 0.0151844025
p 105 232 44.52911 0.012144089
p 106 231 44.52911 -0.08071518
p 107 230 44.535954 -0.031002045
p 106 229 44.535954 0.027200699
p 107 228 44.59984 -0.11246109
p 108 227 44.60461 -0.017774582
p 109 226 44.62908 -0.116415024
p 110 225 44.633465 -0.015981674
p 109 224 44.633465 -0.048044205
p 108 224 44.638493 -0.08799744
p 107 223 44.667736 -0.046461105
p 106 222 44.67751 -0.031801224
p 107 221 44.710403 -0.0319767
p 108 220 44.734264 0.003458023
p 109 219 44.756474 -0.056268692
p 110 219 44.799545 0.09104538
p 111 218 44.810833 -0.09331894
p 112 217 44.828304 -0.09435272
p 113 216 44.86498 -0.06816673
p 114 215 44.896694 -0.07021332
p 115 214 44.912754 -0.075294495
p 116 213 44.91685 -0.007194519
p 115 212 44.985516 0.019664764
p 114 211 45.0101 -0.022993088
p 113 210 45.063095 -0.029737473
p 114 209 45.10847 -0.09955406
p 115 208 45.197037 -0.026098251
p 114 207 45.25622 0.054027557
p 115 206 45.297825 0.025968552
p 114 205 45.490158 -0.034677505
p 114 204 45.586884 0.048433304
p 113 203 45.802708 0.07713699
p 112 202 46.045845 0.11995888
p 111 201 46.33618 0.006471634
p 112 200 46.62922 -0.026309967
p 113 199 47.185555 0.00866127
p 114 198 47.73109 0.15636444
p 115 197 48.152832 -0.22888184

c 38 55.70118
p 105 185 60.38536 -10.200001
p 106 184 61.44578 -12.138096
p 107 183 62.661316 -11.567047
p 108 182 63.95668 -11.852695
p 109 181 65.080185 -10.884346
p 110 180 66.241745 -6.320595
p 109 179 67.42527 -10.2341385
p 108 178 68.72346 -6.263855
p 109 177 70.25527 3.1237411
p 108 176 71.65168 0.37133026
p 109 175 72.91503 1.1034546
p 108 174 74.20851 -9.570583
p 107 173 75.58872 -9.87455
p 106 172 76.892586 -4.95438
p 107 171 78.31845 -10.00354
p 108 170 79.821144 -8.114643
p 109 169 81.34536 -5.473709
p 108 168 82.73908 2.2170258
p 109 167 84.17201 -8.62236
p 110 166 85.81397 -8.665913
p 111 165 87.46577 -4.095253
p 110 164 89.11729 -6.879204
p 109 163 90.65681 -6.2775383
p 108 162 93.59203 -1.3511276
p 109 161 95.493286 2.1555786
p 108 160 97.636246 -0.99464417
p 107 159 98.895256 -0.5900841
p 106 158 100.16753 -0.19261932
p 107 157 101.46506 0.053836823
p 107 156 102.42423 -0.7841377
p 108 155 103.553116 -0.25336075
p 109 154 104.50717 0.43118668
p 109 153 105.24054 -0.31168747
p 110 152 106.023994 -0.55119324
p 111 151 106.87305 0.013938904
p 112 150 107.729355 0.021022797
p 113 149 108.71862 -0.1603241
p 114 148 109.77828 -0.083595276
p 113 147 111.11636 -0.21045303
p 113 146 112.017426 -0.0969162
p 112 145 113.114204 -0.014072418
p 111 144 113.804344 -0.4625435
p 112 143 114.81803 -0.4424553
p 113 142 116.08654 0.09920502

c 39 68.81426
p 108 110 113.32099 0.32904053
p 109 109 111.84429 -0.615715
p 110 108 110.34483 -0.9131279
p 111 107 109.290146 -0.1967926
p 112 106 108.362236 -0.8572731
p 113 105 107.29044 -0.48060608
p 112 104 106.05118 -0.72203827
p 111 103 104.5289 -0.77557755
p 110 102 103.22535 -1.5514984
p 109 101 102.06233 0.08274841
p 110 100 100.91905 -0.12653351
p 111 99 99.53265 -0.6647606
p 112 98 98.25453 0.06262207
p 113 97 96.72025 0.07286072
p 112 96 95.10252 0.31778336
p 113 95 93.996025 1.7485046
p 113 94 90.72467 -4.8839455
p 114 93 88.863945 -2.764202
p 113 92 87.05636 -5.999325
p 112 91 85.49032 -1.6229706
p 113 90 83.41594 0.082862854
p 112 89 81.90887 1.1094704
p 113 88 79.751 -9.106304
p 114 87 78.42274 -11.492161
p 115 86 77.056595 -8.744698
p 116 85 75.79916 -5.4222107
p 115 84 74.75561 -7.117897
p 114 83 73.7601 -4.336731
p 115 82 72.82942 3.1704216
p 114 81 71.713036 2.78656
p 115 80 70.57536 2.2001953
p 114 79 69.48271 1.2123146
p 115 78 68.36978 -5.7627068
p 116 77 67.26581 -3.6074295
p 115 76 66.33897 2.9150696
p 116 75 65.34114 -0.05672455
p 115 74 64.39767 -7.3360176
p 114 73 63.392498 -9.497673
p 113 72 62.343414 -8.355839
p 112 71 61.33859 -5.623209
p 113 70 60.31422 -7.245926
p 114 69 59.27571 -8.9137535
p 115 68 58.26176 -9.700348
p 116 67 57.245426 -9.751961
p 117 66 56.330708 -5.787472
p 118 65 55.18619 -7.4311028
p 119 64 54.22043 0.01042366
p 118 63 53.299507 7.014414
p 119 62 52.458614 4.453411
p 120 61 51.610313 -0.8537636
p 121 60 50.78983 -0.7699051
p 122 59 50.013054 0.0055332184
p 121 58 49.3095 -0.040395737
p 120 57 48.644173 0.0948925
p 119 56 47.999336 0.044519424
p 118 55 47.442223 0.047540665
p 117 54 46.931 0.13941383
p 116 53 46.4375 -0.16175461
p 116 52 46.138363 -9.994507E-4
p 116 51 45.826256 0.069229126
p 117 50 45.6395 -0.09085846
p 117 49 45.55134 0.025018692
p 116 48 45.33368 -0.049520493
p 117 47 45.191864 0.049495697
p 116 46 45.09888 0.04460907
p 117 45 45.026 0.042390823
p 116 44 44.953014 0.012218475
p 117 43 44.909245 0.041776657
p 116 42 44.8557 -0.09467316
p 115 42 44.8557 0.028543472
p 114 41 44.833126 -0.051610947
p 113 41 44.833126 -0.06453323
p 112 40 44.80978 -0.05348587
p 112 39 44.80978 -0.089263916
p 111 38 44.779434 0.029459
p 111 37 44.779434 -0.061979294
p 112 36 44.73669 -0.027999878
p 111 35 44.67843 -0.057590485
p 112 34 44.668083 -2.155304E-4
p 112 33 44.62788 -0.0075969696
p 111 32 44.594616 -0.007814407
p 110 31 44.594616 -0.04950142
p 110 30 44.573704 -0.06988144
p 111 29 44.561153 -0.04777336
p 112 28 44.50673 -0.052793503
p 113 29 44.50673 -0.059440613

c 40 34.816696
p 117 86 76.90817 -9.378849
p 118 87 78.11732 -9.429371
p 119 88 79.37982 -5.554924
p 118 89 80.497284 1.9938431
p 119 90 81.8918 -8.314877
p 120 91 82.96743 -8.6515045
p 121 92 84.142525 -5.023514
p 120 93 85.48529 0.68340683
p 121 94 86.78671 -9.093063
p 122 95 88.03148 -9.6417465
p 123 96 90.122826 -3.349018
p 122 97 91.784515 -7.9823036
p 121 98 93.3751 -4.0619774
p 122 99 94.81459 1.4195709
p 121 100 96.13202 -5.7033997
p 120 101 98.0557 -5.573818
p 119 102 99.46436 -4.5081024
p 118 103 100.86664 -2.4285698
p 119 104 102.2638 1.110878
p 118 105 103.61178 0.6518173
p 119 106 105.019936 -4.0302963
p 120 107 106.79231 -0.96546936
p 119 108 108.23232 1.0251236
p 120 109 110.51082 0.557991
p 120 110 111.72487 0.29598618

c 41 29.253399
p 119 172 73.9074 -6.6887894
p 120 173 72.89911 -10.319935
p 121 174 71.69959 -9.109787
p 122 175 70.55941 -6.7813835
p 121 176 69.45906 -8.482807
p 120 177 68.34368 -7.8567123
p 121 178 67.20551 -10.11768
p 122 179 66.15631 -9.972092
p 123 180 65.12897 -7.8594627
p 122 181 63.99142 -10.513374
p 121 182 62.868492 -8.689308
p 120 183 61.61698 -5.4009037
p 121 184 60.61679 -8.124535
p 122 185 59.596424 -8.65213
p 123 186 58.50343 -7.6411133
p 124 187 57.442013 -6.919903
p 125 188 56.431282 -9.168367
p 124 189 55.43563 -10.757427
p 123 190 54.447365 -9.712414
p 122 191 53.45406 0.018310547
p 123 192 52.479267 2.003374
p 124 193 51.550743 -0.059850693
p 124 194 50.656845 -0.37561798
p 124 195 49.817585 0.088926315
p 123 196 49.042233 0.017066956
p 122 197 48.43173 0.14671135
p 123 198 47.77145 0.06999779
p 123 199 47.255054 0.028110504
p 123 200 46.803806 0.106212616
p 124 201 46.306316 -0.01845169
p 124 202 45.98609 0.07177544
p 125 203 45.73466 -0.055784225
p 126 204 45.557823 0.062160492
p 125 205 45.341053 -0.13401985
p 125 206 45.316597 -0.030168533
p 124 207 45.249187 -0.036632538
p 123 208 45.203598 0.0058078766
p 122 209 45.142906 -0.029439926
p 121 210 45.055973 -0.07873154
p 122 211 45.020542 -0.03227806
p 123 211 44.996387 -0.019613266
p 124 212 44.993126 -0.06300163
p 125 213 44.93728 0.0020198822
p 126 213 44.896866 -0.07003784
p 127 214 44.859875 -0.051078796
p 128 215 44.851597 0.039096832
p 127 216 44.801666 -0.07342911
p 127 217 44.785324 -0.019086838
p 126 218 44.724884 -0.070364
p 126 219 44.724884 -0.050626755
p 126 220 44.681984 -0.04857254
p 126 221 44.681984 0.0059604645
p 125 222 44.654003 -0.03506279
p 124 221 44.654003 -0.062791824

c 42 37.72206
p 119 172 73.9074 -5.674797
p 120 171 74.996086 -9.039955
p 121 170 76.162094 -5.574745
p 120 169 77.909035 4.815197
p 121 168 79.12086 -7.318363
p 122 167 80.24339 -9.593918
p 123 166 81.625015 -8.071842
p 124 165 82.93118 -9.047985
p 125 164 84.09098 -10.16748
p 126 163 85.2153 -9.702126
p 127 162 86.40972 -9.533466
p 128 161 87.70942 -4.51828
p 127 160 89.851814 3.9350739
p 128 159 91.23263 0.7200546
p 127 158 92.63777 0.82735443
p 128 157 94.10596 -6.1278915
p 129 156 95.714226 -3.9310455
p 130 155 101.11095 -2.63583
p 131 154 103.38798 -1.8293533
p 132 153 105.34916 -0.838707
p 133 152 106.575165 -0.7214508
p 134 151 107.86499 -0.2748947
p 135 150 108.91741 -0.36860657
p 136 149 109.94768 0.20345688
p 135 148 110.78783 -0.39927673
p 134 147 111.62946 -0.18294525

c 43 3.208889
p 124 56 47.992737 0.10879326
p 125 55 47.463554 -0.06857109
p 125 54 46.905457 -0.028442383
p 125 53 46.526775 -0.03732872
p 125 52 46.099846 -0.04360962
p 126 51 45.83101 0.023946762
p 127 50 45.57822 -0.1283474
p 128 49 45.451088 -0.004671097
p 128 48 45.279827 -0.0039749146
p 129 47 45.219376 0.004425049
p 129 46 45.113373 0.015199661
p 128 45 45.03698 -0.06320572
p 127 44 44.94861 -0.09264183
p 126 43 44.947884 0.03064537
p 126 42 44.88746 0.014509201
p 125 41 44.83672 -0.03689766
p 126 40 44.82452 0.006334305
p 126 39 44.783848 -0.035251617
p 127 39 44.783848 -0.04018402

c 44 25.718163
p 132 73 70.445694 -7.9512825
p 133 72 66.777054 -1.8231354
p 134 72 62.9974 -1.3457947
p 135 71 61.732796 -4.479538
p 136 70 60.727222 -5.6224174
p 135 69 59.728428 -6.5223427
p 134 68 58.735977 -6.5617523
p 133 67 57.738564 -7.8388577
p 134 66 56.735657 -7.9321785
p 135 65 55.7187 -5.868393
p 134 64 54.74998 -0.4786911
p 133 63 53.78086 0.013214111
p 134 62 52.849804 4.214403
p 133 61 51.971825 0.028011322
p 134 60 51.11981 0.039447784
p 133 59 50.2852 0.030565262
p 134 58 49.517113 0.022809982
p 135 57 48.764576 -0.016124725
p 136 56 48.082207 0.094236374
p 137 55 47.471584 0.03788185
p 136 54 46.93067 0.15068245
p 137 53 46.462208 0.0065135956
p 137 52 46.070835 -0.037597656
p 137 51 45.831547 -0.12233353
p 137 50 45.561516 -0.092918396
p 138 49 45.448853 0.05490303
p 137 48 45.403908 0.11757469
p 136 47 45.22867 -0.0056476593
p 135 46 45.157898 -0.040683746
p 134 45 45.073326 -0.031970978
p 135 44 45.041298 -0.074783325
p 134 43 44.98296 -0.029319763
p 135 42 44.941143 7.87735E-4
p 135 41 44.858067 0.025087357
p 135 40 44.80956 -0.09026146
p 135 39 44.794365 -0.05385208
p 135 38 44.72753 -0.061540604
p 134 38 44.72753 -0.08946228

c 45 42.870735
p 133 107 106.87628 -2.2507706
p 134 106 104.886505 -5.351574
p 135 105 102.99303 -4.2578506
p 136 104 101.28748 -6.039154
p 137 103 99.877686 -6.407852
p 138 102 98.4548 -6.5350456
p 139 101 96.60461 -4.753418
p 138 100 95.04238 -8.283737
p 137 99 93.62401 -7.7448654
p 136 98 92.41723 -4.454563
p 137 97 90.93596 -0.6850128
p 136 96 89.62771 -9.871468
p 135 95 88.35554 -10.116806
p 134 94 87.06128 -5.4689445
p 135 93 85.754135 -10.889603
p 136 92 84.57236 -11.083141
p 137 91 83.39268 -10.98806
p 138 90 82.268 -10.931873
p 139 89 81.1187 -11.264107
p 140 88 79.74624 -12.433319
p 141 87 78.62823 -8.712627
p 142 86 77.516396 -4.929802
p 141 85 76.49605 -7.313347
p 140 84 75.45673 -5.6280975
p 141 83 74.3938 -7.169697
p 142 82 73.2907 -4.4658585
p 141 81 72.23094 2.349186
p 142 80 71.23023 -0.21099854
p 141 79 70.13943 -8.207424
p 140 78 69.10334 -9.587276
p 139 77 68.08673 -8.859596
p 138 76 67.09289 -4.5246506
p 137 75 66.01533 -8.605244
p 136 74 64.99535 -9.94693
p 135 73 64.00555 -7.1978226

c 46 30.085938
p 134 185 74.85632 0.016647339
p 135 186 72.64165 -1.1367798
p 136 187 70.0887 -2.2970123
p 137 188 64.97341 -2.6349678
p 138 189 54.538494 -14.610462
p 137 190 53.295624 -11.34293
p 136 191 52.066616 -2.7794342
p 135 192 51.004673 0.8234825
p 134 193 50.03593 0.111185074
p 135 194 49.18787 -0.82216835
p 134 195 48.47491 0.063697815
p 135 196 47.92863 0.04725647
p 136 197 47.505375 0.17597198
p 137 198 47.125362 -0.00998497
p 138 199 46.8341 0.027414322
p 138 200 46.51655 -0.06986046
p 139 201 46.29818 0.021821976
p 138 202 45.97533 -0.07063675
p 138 203 45.81283 -0.07975578
p 137 204 45.66622 0.11001587
p 138 205 45.416073 -0.03302002
p 139 206 45.243893 -0.00683403
p 138 207 45.21773 0.10949516
p 139 208 45.076 -0.053739548
p 139 209 45.041256 -0.05741501
p 140 210 44.989124 -0.028657913
p 141 209 44.989124 0.004545212
p 142 210 44.97172 -0.017166138
p 142 211 44.949566 0.001115799
p 143 212 44.88457 -0.051834106
p 143 213 44.854496 -0.08562279
p 143 214 44.84446 -0.051900864
p 144 215 44.801796 -0.036203384
p 145 215 44.770386 -0.08956337
p 145 216 44.770386 -0.09513664

c 47 29.728683
p 138 173 85.79739 -1.683876
p 139 174 83.4589 -4.37442
p 140 175 81.398926 -2.1902122
p 139 176 79.56815 -1.0084114
p 140 177 77.74168 -0.49198532
p 139 178 75.95599 -7.840378
p 138 179 74.23153 -5.341095
p 139 180 72.290764 -10.280285
p 140 181 70.54665 -9.945427
p 141 182 68.70667 -8.738953
p 142 183 67.34745 -4.1538696
p 141 184 63.698418 -11.873703
p 140 185 61.382004 -8.961285
p 141 186 59.359947 -0.14336395
p 140 187 57.57585 -17.274334
p 139 188 56.06871 -17.139713

c 48 23.453327
p 142 69 68.06133 -0.78995514
p 143 68 64.29201 4.0581665
p 143 67 60.826954 -8.1474495
p 144 66 55.415627 -14.253693
p 145 65 52.649376 -12.534531
p 146 64 50.51052 0.5530281
p 145 63 49.386375 0.9263725
p 144 62 48.69626 0.32494164
p 145 61 48.321117 0.12955856
p 146 60 48.095966 0.25203514
p 147 59 47.643353 0.06567955
p 148 58 47.47608 0.08353424
p 148 57 47.204998 -0.015390396
p 149 56 46.95099 0.012720108
p 150 55 46.625614 0.027915955
p 151 54 46.358967 -0.1699009
p 152 53 46.133945 -0.06652641
p 151 52 46.0197 0.07766342
p 152 51 45.76266 0.012960434
p 152 50 45.593086 0.08021736
p 153 49 45.40237 -0.024219513
p 152 48 45.28624 -0.021457672
p 153 47 45.173084 -0.03166008
p 154 46 45.103836 0.012615204
p 155 45 45.060947 0.009334564
p 156 44 44.97435 -0.07341385
p 157 43 44.906265 -0.04756546
p 158 42 44.8332 -0.17411613
p 159 41 44.83029 0.049324036
p 160 42 44.892067 0.028812408
p 161 41 44.80181 -0.0644989
p 161 40 44.792465 -0.025791168
p 160 39 44.754147 -0.03580475
p 160 38 44.754147 0.009315491
p 161 37 44.697266 -1.5258789E-5
p 161 36 44.6486 0.042459488
p 162 35 44.645958 -0.03204918
p 162 34 44.608006 -0.02005577
p 163 34 44.608006 -0.013671875

c 49 17.973312
p 142 69 68.06133 -1.023552
p 143 70 69.92248 0.4136238
p 144 71 71.44274 -3.704296
p 143 72 73.03504 0.59991837
p 143 73 75.95345 1.0244904
p 144 74 78.32404 0.37428284
p 145 75 79.342606 0.005393982
p 146 76 80.1901 -0.16776657
p 147 77 81.099525 -0.394207
p 148 78 82.27601 -0.53850555
p 149 79 83.54972 -0.40563583
p 150 80 84.81817 -0.32117462
p 149 81 86.034645 -0.11430359

c 50 38.03869
p 143 87 78.61207 -8.549103
p 144 88 79.84907 -9.323139
p 145 89 81.06535 -9.29615
p 146 90 82.20974 -9.329136
p 147 91 87.89076 0.13283539
p 146 92 89.48219 0.9682312
p 147 93 90.89599 0.69095993
p 146 94 92.284164 -3.7620087
p 145 95 93.72725 -1.3167915
p 146 96 94.90066 -2.4065895
p 147 97 96.10052 -3.2509956
p 148 98 97.29831 -1.7555618
p 147 99 98.56812 2.2931786
p 148 100 99.78382 0.20267868
p 147 101 100.97514 1.5012512
p 148 102 102.11007 -1.8634644
p 149 103 103.3109 -1.4724159
p 150 104 104.43872 -1.0253944
p 149 105 105.60507 -0.9534416
p 148 106 107.171455 -1.7005768
p 147 107 108.78537 -0.22708893
p 148 108 109.97963 0.21190643
p 147 109 111.29136 0.09732056
p 146 110 112.29945 0.006313324
p 145 111 113.51875 -0.14954758
p 144 112 114.543655 -0.5486183
p 143 113 115.63479 -0.12945175
p 144 114 116.65076 -0.1414833

c 51 2.0827026
p 143 210 44.987 -0.02666092
p 144 209 45.06676 -0.076086044
p 144 208 45.11616 -0.03431511
p 145 207 45.16494 0.06827736
p 144 206 45.19684 -0.025568008
p 145 205 45.385914 -0.0041103363
p 146 204 45.576775 0.016738892
p 146 203 45.827515 0.053842545
p 145 202 46.092464 7.972717E-4
p 146 201 46.367985 -0.0172863
p 147 200 46.57255 -0.088377
p 148 199 46.707195 0.028053284
p 148 198 46.82731 -0.017374039
p 147 197 47.069702 -0.08327103

c 52 65.2617
p 145 148 109.90608 -0.42006302
p 146 149 108.48764 -0.3230934
p 145 150 107.56393 0.7175293
p 146 151 106.175545 -0.04686737
p 147 152 104.98919 -0.2308464
p 146 153 103.62486 0.79468155
p 146 154 101.620186 -0.95998
p 147 155 99.42407 -3.7764244
p 148 156 97.67706 -4.5411377
p 149 157 96.01474 -5.479721
p 150 158 94.8102 -1.8099785
p 149 159 92.733215 -1.0318756
p 150 160 91.291565 0.45487976
p 149 161 89.4773 -1.4834137
p 150 162 88.2494 -0.26595306
p 149 163 86.60625 -8.154652
p 148 164 85.55416 -5.389839
p 149 165 83.782745 -9.898048
p 150 166 82.62683 -10.974094
p 149 167 80.97826 -15.746056
p 148 168 79.59036 -4.7393227
p 149 169 78.518135 -9.727924
p 150 170 77.08449 -5.737686
p 151 171 75.81216 -11.149223
p 152 172 74.67898 -5.6414757
p 151 173 73.373184 1.3597527
p 152 174 72.18975 -11.346115
p 153 175 71.03485 -12.670822
p 154 176 69.89021 -11.75766
p 155 177 68.666145 -8.901501
p 156 178 67.55569 -6.037876
p 155 179 66.48679 -1.1810074
p 156 180 65.380714 -11.116562
p 157 181 64.27321 -11.866936
p 158 182 63.095913 -10.763012
p 159 183 62.062263 -7.058655
p 160 184 60.91551 -7.0119343
p 159 185 59.93552 -8.362026
p 158 186 58.88056 -5.8050594
p 159 187 57.87278 -8.31464
p 160 188 56.814693 -10.609123
p 161 189 55.653187 -9.537552
p 162 190 54.716553 -5.501295
p 161 191 53.775383 -1.6480446
p 160 192 52.82925 0.0043964386
p 161 193 51.92143 4.7779884
p 160 194 51.076344 0.07576752
p 161 195 50.24203 0.05470848
p 162 196 49.455555 -0.058429718
p 161 197 48.711227 0.060821533
p 162 198 48.02325 -0.044301987
p 161 199 47.42014 0.09817505
p 162 200 46.864826 -0.011917114
p 163 201 46.41956 0.02875328
p 162 202 46.113697 0.09338951
p 163 203 45.766075 0.0062446594
p 162 204 45.540596 0.029376984
p 161 205 45.416878 0.027572632
p 162 206 45.29489 -0.0128650665
p 161 207 45.15627 -0.03782463
p 162 208 45.056316 0.037561417
p 161 209 44.977318 -0.025735855
p 160 210 44.943813 0.026395798
p 159 211 44.91542 0.029634476
p 158 212 44.89121 0.008041382
p 157 213 44.839825 -0.028028488
p 157 214 44.793804 -0.016077042
p 158 215 44.74618 0.010026932
p 157 216 44.74618 5.760193E-4
p 158 217 44.716087 -0.09967804
p 157 218 44.687042 0.03214836
p 157 219 44.653004 -0.06181526
p 156 220 44.644382 0.0011806488
p 155 220 44.644382 -0.027236938

c 53 22.38173
p 148 91 90.99349 -3.1862526
p 149 92 92.77506 -5.637928
p 150 93 94.57107 -4.31266
p 151 94 96.21539 -3.3266754
p 152 95 97.5793 -3.0055542
p 153 96 99.06394 -1.9822044
p 154 97 100.25242 -2.1234703
p 155 98 101.75726 -1.0950813
p 156 99 102.767136 -1.3444443
p 157 100 103.809784 -1.2648735
p 158 101 105.00483 -0.19041061
p 157 102 106.3445 0.56279755
p 158 103 107.37511 0.23103333
p 157 104 108.20235 0.11863327
p 158 105 108.958984 -0.15278244
p 159 106 109.9159 -0.13975906
p 160 107 110.81428 0.002937317
p 161 108 111.58217 0.21206665
p 160 109 112.48574 -0.121772766
p 159 110 113.37522 -0.49191666

c 54 32.86274
p 151 169 79.028885 -15.666801
p 152 168 80.987564 -17.490513
p 153 167 82.69123 -10.6805
p 154 166 84.32484 -9.8530655
p 155 165 86.40914 -8.804695
p 156 164 88.250854 -7.5657005
p 157 163 89.96448 -6.958706
p 158 162 95.63394 1.5252457
p 158 161 96.076706 -0.93772125
p 159 160 97.20976 -0.30225372
p 160 159 98.29703 -0.012180328
p 161 158 99.16103 -0.9901962
p 162 157 100.13755 -0.34127426
p 163 156 101.22718 -0.45102692
p 162 155 102.33156 0.5373764
p 163 154 103.233765 -0.69309235
p 162 153 104.2014 -1.6151009
p 161 152 105.20407 -1.2088852
p 160 151 106.71478 -0.10121536
p 161 150 107.42437 0.30612946
p 160 149 108.525955 0.04301071
p 161 148 109.54478 -0.42095566
p 161 147 111.03422 -0.24071503
p 160 146 111.891624 -0.49562073

c 55 35.153942
p 157 49 45.370037 0.11868477
p 158 50 45.489155 -0.07822418
p 159 51 45.69701 0.11008072
p 160 52 45.823093 -0.10689545
p 160 53 45.92916 -0.074739456
p 161 54 46.15238 0.22408295
p 160 55 46.362328 -0.11945534
p 160 56 46.566227 0.005815506
p 159 57 46.913742 -0.031513214
p 159 58 47.300404 -0.030347824
p 159 59 47.85493 0.21550941
p 160 60 48.405983 0.07826996
p 161 61 49.0614 0.19309807
p 162 62 49.813225 5.5439434
p 163 63 50.699177 2.8159866
p 162 64 51.671585 -2.5182
p 163 65 52.803413 -5.1550827
p 162 66 54.244663 -3.4718304
p 163 67 55.1947 -9.382648
p 164 68 56.48632 -5.366377
p 163 69 57.65214 4.2706947
p 164 70 58.99595 0.5577011
p 163 71 60.63224 -10.180183
p 162 72 61.88845 -11.582691
p 161 73 65.56719 0.09338379
p 162 74 66.83568 -8.945843
p 163 75 70.10237 -9.1307335
p 164 76 71.776505 -8.330654
p 165 77 79.009705 2.0580063
p 165 78 80.52398 1.3031273

c 56 70.83112
p 162 46 45.077904 0.042455673
p 163 47 45.130993 -0.0014038086
p 164 48 45.232517 -0.029556274
p 165 49 45.34465 -0.01607132
p 165 50 45.502033 -0.002254486
p 165 51 45.62973 0.022520065
p 164 52 45.775635 -0.14662933
p 164 53 45.848423 -0.15143394
p 165 54 45.998848 0.08797455
p 166 55 46.129093 -0.021697998
p 167 56 46.477497 0.025781631
p 168 57 46.922832 0.10510063
p 169 58 47.285175 -0.11664009
p 169 59 47.83797 -0.1276741
p 169 60 48.27212 -0.07539368
p 169 61 48.932465 0.13269997
p 168 62 49.6267 7.547188
p 169 63 50.54005 3.4111557
p 170 64 51.618145 -1.558445
p 169 65 52.929806 -2.846445
p 170 66 54.82401 -2.0211906
p 169 67 57.072346 -2.497673
p 170 68 59.457973 -6.594185
p 171 69 61.85747 -3.3369293
p 172 70 63.95341 -3.1570435
p 173 71 65.90147 -0.6848068
p 174 72 67.475266 -3.6145859
p 173 73 68.9612 -0.5554161
p 174 74 70.45181 -6.165619
p 175 75 71.79966 -6.006443
p 176 76 72.98929 -3.7230682
p 177 77 74.07321 0.19055939
p 176 78 75.17083 1.0312004
p 177 79 76.26654 -0.9756088
p 176 80 77.356255 -7.00568
p 175 81 78.36774 -7.8919525
p 174 82 79.4268 -6.968853
p 173 83 80.6016 -4.2167244
p 174 84 81.874825 -7.1832657
p 175 85 83.03367 -3.0376244
p 174 86 84.88253 -4.9929886
p 173 87 86.28143 -7.085804
p 172 88 87.52927 -6.3383484
p 171 89 88.71586 -6.4204483
p 170 90 90.13067 -4.94376
p 169 91 91.41535 -3.6618996
p 168 92 92.640205 -4.5625496
p 167 93 93.96564 -4.1652374
p 166 94 95.918 -0.9438515
p 167 95 96.798836 -3.0475883
p 168 96 97.880295 -3.6497917
p 169 97 99.02635 -3.3387756
p 170 98 100.290245 -0.7925873
p 169 99 101.43164 -2.617199
p 168 100 102.578 -0.7625351
p 169 101 103.61288 -1.3259697
p 170 102 104.86927 -1.7818146
p 171 103 106.041664 -1.3554955
p 172 104 107.18236 -1.4555817
p 173 105 108.27823 -1.2112961
p 174 106 109.35928 -0.47824478
p 173 107 110.52233 0.19549942
p 174 108 111.34148 -0.3466835
p 175 109 112.21258 0.15124512
p 174 110 113.347824 -0.0864563
p 173 111 114.216644 -0.27376175
p 174 112 115.06312 -0.15298843
p 173 113 115.90903 -0.20453644

c 57 30.305279
p 167 172 75.02905 -5.7156487
p 168 173 73.7512 -9.873787
p 169 174 72.42596 -9.029148
p 170 175 71.15618 -6.078846
p 169 176 69.42578 -9.51255
p 168 177 68.3172 -6.486683
p 169 178 67.31503 -10.323891
p 170 179 66.09446 -9.508202
p 171 180 65.12681 -6.36364
p 170 181 63.87398 1.0122719
p 171 182 62.94246 -9.50161
p 172 183 61.827366 -10.682213
p 173 184 60.626003 -7.520073
p 174 185 59.47689 -5.848974
p 173 186 58.264786 -8.594543
p 172 187 57.20803 -8.157032
p 171 188 56.170025 -8.952404
p 172 189 55.21864 -10.1222725
p 173 190 54.21168 -6.904604
p 172 191 53.12559 8.965519
p 173 192 52.18913 3.0008144
p 174 193 51.2977 0.061187744
p 175 192 50.48115 -2.118513
p 176 193 49.833202 5.4260864
p 177 194 49.38259 -0.45128822
p 178 195 48.969078 0.29607773
p 178 196 48.514557 -0.27376556
p 179 197 47.974846 -0.23627853
p 180 198 47.56881 0.0034713745
p 181 199 47.156246 -0.07359505
p 182 200 46.74948 -0.037082672
p 183 201 46.463863 0.005842209
p 184 202 46.251423 -0.042863846
p 185 203 45.99494 0.012426376
p 186 204 45.774364 0.084337234
p 185 205 45.549034 0.047080994
p 186 206 45.330578 -0.006090164
p 186 207 45.27689 -0.05074501
p 186 208 45.19441 -0.034959793
p 186 209 45.105225 -0.08297348
p 187 210 45.05973 -0.10579872
p 188 210 45.043896 -0.120630264
p 189 211 44.989655 0.02592659
p 188 212 44.88676 -0.09612274
p 189 213 44.868763 -0.031003952
p 190 214 44.868763 -0.026304245
p 189 215 44.845215 -0.017969131
p 188 216 44.817154 -0.039001465
p 188 217 44.777435 0.0041484833
p 189 218 44.723774 -0.06565857
p 188 218 44.723774 -0.03049469

c 58 39.17508
p 167 172 75.02905 -4.3575363
p 168 171 76.354294 -8.414078
p 169 170 77.627655 -9.716721
p 170 169 78.99851 -5.069153
p 169 168 80.49645 2.2637634
p 170 167 81.76304 -7.2995605
p 171 166 82.97415 -8.121307
p 172 165 89.86026 2.8775558
p 171 164 90.67372 -3.886158
p 170 163 91.54933 -4.7956734
p 169 162 92.755875 -4.343807
p 168 161 93.866684 -1.9804344
p 169 160 95.00349 -3.0407333
p 170 159 96.51216 -0.8604431
p 170 158 99.81187 0.18053818
p 171 157 100.309364 -0.2444725
p 172 156 101.47053 -0.5823746
p 171 155 102.46257 -0.70147324
p 170 154 103.59423 -0.33265686
p 169 153 105.134125 -0.010597229
p 170 152 106.139175 0.23849106
p 169 151 107.14653 0.11458969
p 170 150 108.093185 -0.3879242
p 171 149 109.03348 -0.64128876
p 172 148 110.31194 0.06302643
p 172 147 111.143684 0.004219055
p 173 146 112.1144 0.2938385
p 172 145 113.050835 0.10871506
p 173 144 114.20413 0.2101059

c 59 0.92694855
p 168 34 44.59207 -0.012992859
p 168 35 44.59207 -0.06216812
p 168 36 44.704174 0.054748535
p 169 37 44.727478 -0.16435242
p 169 38 44.77835 -0.025554657
p 169 39 44.78256 -0.010822296
p 170 40 44.78256 -0.01584053
p 171 41 44.791977 -0.10338402
p 172 42 44.84223 0.06264496
p 172 43 44.881416 0.011695862
p 173 44 44.912163 -0.023124695
p 173 45 45.02946 -0.08518219
p 173 46 45.1321 0.0058135986
p 173 47 45.21251 0.010608673
p 174 48 45.30901 0.02015686
p 175 49 45.358345 -0.07434845
p 174 50 45.51902 0.027246475

c 60 1.2887115
p 174 213 44.898968 0.0034103394
p 175 212 44.92251 -0.12073326
p 176 211 44.997143 0.03259468
p 175 210 45.065144 0.06033516
p 176 209 45.091145 -0.058937073
p 176 208 45.181976 -0.05684471
p 176 207 45.197502 -0.14566803
p 177 206 45.43496 0.030101776
p 178 205 45.475044 -0.108291626
p 179 205 45.55535 -0.018079758
p 180 204 45.69335 0.04244423
p 181 203 45.93126 -0.027578354
p 182 202 46.18768 -0.047979355

c 61 1.1118469
p 179 52 45.782684 -0.0243721
p 180 51 45.5823 0.0765152
p 181 50 45.453285 -0.027297974
p 180 49 45.38061 0.007013321
p 181 48 45.293087 -0.026472092
p 180 47 45.185406 0.034521103
p 181 46 45.066357 -0.08843994
p 182 45 45.066357 0.017681122
p 183 44 45.010315 0.034749985
p 183 43 44.91525 -0.098903656
p 182 42 44.874 0.0072956085
p 182 41 44.84036 -0.030986786
p 181 40 44.73572 -0.018527985
p 182 39 44.70792 -0.0572567
p 182 38 44.678978 -0.056005478
p 183 37 44.67199 -0.010980606
p 182 36 44.670837 -0.05750847
p 181 35 44.670837 -0.11316681

c 62 27.39254
p 179 52 45.782684 -0.05247116
p 179 53 46.05491 -0.06299782
p 179 54 46.223034 -0.05283165
p 180 55 46.41785 0.0983181
p 181 56 46.58338 -0.09182167
p 182 57 46.824245 0.0057811737
p 183 58 46.99351 0.15118027
p 184 59 47.150322 -0.014616013
p 185 60 47.347008 -0.05734253
p 185 61 47.565517 0.16758919
p 186 62 47.876087 6.573168
p 187 63 48.494102 0.31028366
p 187 64 57.689163 1.0144978
p 187 65 65.220535 -3.1989594
p 186 66 69.50951 -2.1086922
p 187 67 71.345505 0.1480484
p 186 68 73.175224 0.2621727

c 63 33.055676
p 180 179 79.547455 0.8663025
p 181 180 77.562386 -1.522358
p 182 181 76.170654 -3.3944054
p 183 182 74.685005 -3.1732178
p 182 183 72.840935 -2.921894
p 181 184 70.88664 -1.0810852
p 182 185 68.91764 3.1782722
p 181 186 67.28038 2.3462105
p 181 187 63.870613 -0.077926636
p 182 188 57.58929 -7.582485
p 181 189 55.124443 -11.207645
p 180 190 53.204536 -6.4743557
p 181 191 51.266308 9.264776
p 180 192 50.283295 0.119091034
p 180 193 49.680016 3.9110813
p 181 194 49.106712 0.18162537
p 182 195 48.876213 0.005426407
p 182 196 48.38019 0.036201477
p 183 197 47.840454 -0.048267365
p 184 198 47.377754 0.0112400055
p 185 199 47.04182 -0.045360565
p 185 200 46.709892 -0.066402435
p 184 201 46.49178 0.031251907

c 64 61.349545
p 183 105 105.94458 -1.3310165
p 184 104 104.46891 -1.9444847
p 185 103 102.955925 -2.3899536
p 186 102 101.63457 -3.072464
p 187 101 100.07247 -3.316578
p 188 100 98.499374 -3.5845451
p 189 99 95.743706 -5.0100594
p 190 98 91.305595 -8.565941
p 191 97 89.74935 -9.6558075
p 192 96 88.31164 -9.952976
p 193 95 86.906334 -4.3003387
p 194 94 85.68859 -5.317795
p 193 93 84.537346 1.09898
p 194 92 83.39445 0.89429474
p 193 91 82.34253 -8.989731
p 192 90 81.04949 -11.084278
p 191 89 79.87004 -9.368542
p 190 88 78.760376 -5.341957
p 191 87 77.60643 -7.91333
p 192 86 76.57112 -4.0594254
p 191 85 75.33663 -0.3436966
p 192 84 74.20487 -9.007969
p 193 83 73.22575 -10.641609
p 194 82 72.11924 -8.33382
p 195 81 71.03422 -4.581787
p 194 80 70.00942 2.626297
p 195 79 69.02097 0.118370056
p 194 78 68.01778 -7.36808
p 193 77 66.93522 -6.903923
p 194 76 65.88414 -9.530125
p 195 75 64.88484 -8.854736
p 196 74 63.96215 -4.168888
p 195 73 62.721523 2.8232422
p 196 72 61.677902 1.371582
p 195 71 60.67996 0.8718529
p 196 70 59.72473 -7.503727
p 197 69 58.7176 -7.0436554
p 198 68 57.634666 -4.390297
p 197 67 56.600334 1.8299866
p 198 66 55.60325 -0.27965927
p 197 65 54.566456 1.0720367
p 198 64 53.58216 7.335476
p 197 63 52.62203 3.0486221
p 196 62 51.723976 6.7993183
p 195 61 50.871944 0.053419113
p 194 60 50.035534 -0.026636124
p 194 59 49.220165 -0.34176636
p 193 58 48.52987 -0.09392738
p 192 57 47.8168 0.0034236908
p 191 56 47.206886 -0.20298958
p 190 55 46.76944 -0.061309814
p 190 54 46.37023 0.0010471344
p 190 53 45.997585 -0.08527374
p 189 52 45.75761 0.0695076
p 190 51 45.626423 -0.029550552
p 191 50 45.481876 -0.03510475
p 190 49 45.3832 0.075143814
p 191 48 45.24669 -0.074035645
p 190 47 45.16896 -0.070301056
p 189 46 45.153744 -0.009767532
p 188 45 45.016468 -0.110658646
p 187 44 44.970116 -0.06412506
p 186 43 44.91073 -0.028039932
p 186 42 44.88918 -0.013578415
p 186 41 44.862396 -0.067770004
p 187 40 44.77907 -5.340576E-5
p 188 39 44.72016 -0.027124405
p 187 38 44.668205 0.00884819
p 186 37 44.668205 -0.037498474
p 186 36 44.644707 0.0015602112
p 186 35 44.607918 -0.026716232
p 186 34 44.607918 -0.1557579
p 187 33 44.595036 -0.023778915
p 186 32 44.595036 -0.16923141

c 65 61.865986
p 186 150 108.895996 -0.31607056
p 187 151 107.95409 -0.5272293
p 188 152 106.96174 -0.30949402
p 187 153 105.99078 -0.43291473
p 186 154 104.95418 -0.33151245
p 187 155 103.861664 -0.13302612
p 186 156 102.909935 -0.06511688
p 187 157 101.245415 -2.0207176
p 188 158 99.836555 -2.620411
p 189 159 98.51773 -2.9600258
p 190 160 97.125374 -3.3042793
p 191 161 95.79492 -5.351925
p 192 162 94.55729 -5.854851
p 193 163 93.229485 -2.4221802
p 192 164 92.10562 -2.8392525
p 193 165 90.981575 -5.2326775
p 194 166 89.82723 -1.2827072
p 193 167 88.66115 -0.74913406
p 194 168 87.47889 0.1401825
p 193 169 86.280464 -4.957859
p 192 170 85.03433 -1.6895943
p 193 171 83.92915 -0.3902359
p 192 172 82.777214 0.74285126
p 193 173 81.62527 -4.275051
p 194 174 80.4975 -2.506443
p 193 175 79.38707 1.100277
p 194 176 78.31727 1.0250244
p 193 177 77.30787 -2.4755554
p 192 178 76.34845 -3.9663544
p 191 179 75.32087 -1.6263046
p 190 180 74.181915 -1.7549057
p 189 181 72.86802 -1.6700592
p 188 182 71.28188 -1.7286186
p 188 183 69.24125 -6.446373
p 187 184 62.38048 -10.763969
p 186 185 60.734737 -5.520069
p 187 186 59.21206 -8.622234
p 188 187 57.65683 -8.359858
p 187 188 56.119186 -10.686241
p 186 189 54.938347 -11.126385
p 187 190 53.579308 -10.883766
p 188 191 52.317924 -0.19430923
p 187 192 51.187782 8.642845
p 188 193 50.232006 4.9025955
p 189 194 49.464115 -0.045785904
p 189 195 48.860573 -0.017864227
p 188 196 48.31158 0.06509781
p 187 197 47.7166 -0.02318573
p 186 198 47.307125 -0.014034271
p 186 199 47.03001 0.044784546

c 66 1.4540138
p 190 202 46.15367 0.04629135
p 191 203 45.918583 -0.04421425
p 192 204 45.726818 0.028385162
p 193 203 45.872807 -0.021505356
p 194 204 45.691074 0.053050995
p 195 205 45.53371 0.07352638
p 196 206 45.358906 0.019880295
p 197 207 45.17387 -0.14888382
p 198 208 45.16496 -0.006690979
p 199 209 45.095207 -0.060705185
p 198 210 45.080822 -0.061502457
p 197 211 45.04503 -0.031253815
p 196 212 44.97599 -1.5258789E-4
p 197 213 44.928802 0.01130867
p 196 214 44.928802 0.012691498
p 196 215 44.840023 -0.06286812
p 195 216 44.788486 -0.061567307
p 194 217 44.752995 0.028083801
p 195 218 44.718994 0.07212448
p 194 219 44.699657 -0.05887413
p 195 220 44.699657 -0.032979965

c 67 15.961136
p 193 157 100.89018 0.35935974
p 194 156 101.95433 -2.140171
p 195 155 103.34572 -1.4519157
p 196 154 104.500404 -1.3427505
p 197 153 105.59302 -0.60313797
p 196 152 106.55111 0.22917175
p 197 151 107.59315 0.100681305
p 196 150 108.50524 -0.012680054
p 197 149 109.492584 -0.605793
p 198 148 110.372574 -0.7329979
p 199 147 111.42008 0.006008148
p 198 146 112.234665 0.32450485
p 199 145 113.114426 0.21498108
p 198 144 113.95167 -0.37338638
p 197 143 114.85916 -0.66973495
p 196 142 115.937744 -0.064071655
p 196 141 116.85132 0.15799713

c 68 12.876743
p 193 200 46.792606 -0.04119301
p 194 199 47.155502 -0.05265045
p 195 198 47.577885 -0.1488285
p 196 197 47.905247 0.07758331
p 196 196 48.492542 0.21749878
p 197 195 48.74221 -0.09397125
p 198 194 49.037903 0.30209732
p 199 193 49.159985 5.723854
p 200 192 49.452515 -1.5913048
p 201 192 49.887344 -3.376606
p 202 193 50.633377 7.638603
p 203 192 51.43462 0.510622
p 204 191 52.505287 -3.676237
p 205 190 55.170845 -14.495855
p 204 189 59.66935 -16.111362

c 69 25.347908
p 194 96 89.187454 -8.900497
p 195 97 91.36096 -8.887569
p 196 98 93.15944 -7.899475
p 197 99 95.66391 -1.5970268
p 197 100 100.90794 -0.23175049
p 198 101 101.73264 -0.935379
p 199 102 104.541824 0.8101959
p 200 103 105.25384 -3.3569336E-4
p 201 104 105.97853 -1.6229782
p 202 105 106.87694 -2.223915
p 203 106 107.75325 -2.2736626
p 204 107 109.32963 -1.4714394
p 205 108 110.296394 -1.4408226
p 206 109 111.23607 -1.302597
p 207 110 112.28803 -1.4870033
p 208 111 113.32102 -0.9828186
p 209 112 114.53536 -0.8752403

c 70 70.29331
p 200 201 46.544373 0.088106155
p 201 200 46.97473 -0.06946945
p 202 199 47.49715 -0.10262489
p 203 198 48.102024 0.040485382
p 202 197 48.729702 0.18404198
p 203 196 49.48058 0.19831085
p 204 195 50.223206 0.4452095
p 205 194 50.983044 0.44047165
p 206 193 51.845936 0.63376427
p 207 192 52.789005 -5.9635105
p 208 191 53.766895 -1.4311771
p 209 190 54.703835 -5.502203
p 208 189 55.818844 -9.28392
p 207 188 56.887096 -6.782936
p 208 187 57.907738 -7.246563
p 209 186 59.03899 -8.908524
p 210 185 60.020153 -8.632317
p 211 184 60.917255 -7.1250343
p 212 183 63.83435 -3.2096596
p 213 182 64.23952 -6.328285
p 214 181 64.88071 -8.072891
p 215 180 65.980804 -5.8729515
p 214 179 67.00481 -10.101501
p 213 178 68.047775 -6.1464806
p 214 177 69.15907 -5.9931793
p 215 176 70.18105 -6.1253815
p 214 175 71.172714 -5.973816
p 213 174 72.12157 -4.7031136
p 214 173 73.19714 2.8248787
p 213 172 74.33404 0.9496269
p 214 171 75.57876 -0.10534668
p 213 170 76.605774 -8.662895
p 212 169 77.87269 -10.104069
p 211 168 78.879845 -9.449528
p 210 167 79.854225 -9.955872
p 209 166 80.96519 -9.4524
p 208 165 81.99953 0.53593826
p 209 164 83.184814 -9.004894
p 210 163 84.3249 -10.21611
p 211 162 85.62434 -8.916901
p 212 161 86.99666 -8.334141
p 213 160 87.9753 -9.159645
p 214 159 89.908905 -7.6617355
p 215 158 90.85236 -8.231522
p 216 157 92.46178 -7.3270416
p 217 156 93.84125 -3.385971
p 216 155 96.05579 3.3089447
p 217 154 97.002625 0.20142746
p 216 153 101.11674 1.2523003
p 216 152 102.73408 -0.33950043
p 217 151 104.34994 -0.45842743
p 218 150 105.228424 -1.302742
p 217 149 106.02565 -1.10886
p 216 148 106.63259 -1.0303802
p 217 147 109.02547 -0.8916855
p 218 146 109.92755 -0.91025925
p 219 145 110.65531 -1.2649612
p 220 144 111.814766 -1.2521248
p 221 143 112.65831 -1.9318581
p 222 142 113.686455 -1.6818275
p 223 141 115.290665 -1.6002731
p 224 140 116.837685 -0.81171036

c 71 38.70701
p 203 81 83.36796 -0.14851761
p 204 80 81.97461 -4.535824
p 205 79 80.55318 -5.3269196
p 206 78 79.33723 -5.174473
p 207 77 78.09778 -4.2966537
p 208 76 76.77425 -2.111866
p 207 75 75.4091 0.7328377
p 208 74 74.3708 1.0393715
p 207 73 72.96749 0.23651505
p 208 72 71.49128 -3.7292175
p 209 71 69.96629 -4.1156235
p 210 70 68.120636 -5.1377525
p 211 69 65.956985 -4.1903915
p 212 68 63.97548 -6.671959
p 213 67 61.39822 -9.476463
p 214 66 58.12006 -9.049805
p 213 65 53.37563 0.010845184
p 214 64 51.750828 7.4613533
p 213 63 50.730766 0.14431763
p 213 62 49.872425 6.9953156
p 212 61 49.149784 -0.059591293
p 211 60 48.443707 -0.0045814514
p 210 59 48.048626 -0.025712967
p 210 58 47.690838 -0.20297241
p 209 57 47.40723 0.011329651
p 210 56 47.038937 -0.010438919
p 211 55 46.68724 -0.008419037
p 212 54 46.38669 -0.02050972
p 211 53 46.06875 0.054870605
p 211 52 45.83302 0.03803444
p 211 51 45.625717 0.04716301
p 212 50 45.466 -0.045598984
p 213 49 45.356544 -0.09274101
p 214 48 45.31702 -0.029050827
p 215 47 45.18427 -0.08207893
p 214 46 45.149227 0.055028915
p 215 45 45.080624 -0.060138702
p 214 44 45.05645 0.070682526
p 215 43 44.970745 0.0037384033
p 214 42 44.90038 0.026540756
p 215 41 44.836445 -0.066394806
p 216 40 44.828907 -0.07998848
p 217 39 44.79097 -0.021429062
p 217 38 44.74739 -0.08695793
p 216 37 44.66095 0.010574341
p 216 36 44.66095 0.007768631

c 72 3.0398788
p 216 58 47.83252 -0.0026817322
p 217 57 47.39251 0.024347305
p 218 56 46.918533 -0.0861969
p 219 55 46.6111 -0.012283325
p 219 54 46.278656 -0.03536415
p 220 53 46.020992 -0.020729065
p 221 52 45.85067 0.008005142
p 222 51 45.696304 0.13217545
p 223 50 45.47744 -0.016239166
p 222 49 45.37651 -0.036741257
p 221 48 45.333157 0.04681015
p 222 47 45.19954 -0.16625595
p 223 46 45.15924 -0.033283234
p 223 45 45.06979 -0.052713394
p 224 44 45.00106 -0.04229355
p 224 43 44.868618 -0.06958008
p 224 42 44.865646 -0.031068802
p 224 41 44.80749 -0.03714943
p 225 40 44.79264 -0.018268585
p 226 39 44.79264 0.023368835

c 73 67.30157
p 216 58 47.83252 -0.19048691
p 217 59 48.41576 0.024759293
p 217 60 49.084377 0.05832672
p 216 61 49.799644 0.33249283
p 217 62 50.78901 4.90547
p 218 63 51.79124 2.39402
p 219 64 52.8617 -1.6341133
p 218 65 53.959072 -4.947485
p 219 66 55.075115 -3.1698246
p 218 67 56.197987 -0.20968246
p 219 68 57.365074 1.1032639
p 218 69 58.584953 -0.015079498
p 219 70 59.884117 -12.819229
p 220 71 61.260906 -14.123417
p 221 72 62.792995 -7.8690796
p 220 73 64.13139 -14.436695
p 219 74 65.5774 -13.710762
p 218 75 67.36057 -6.727894
p 219 76 69.18411 1.273346
p 218 77 70.98222 3.361271
p 219 78 72.76351 -12.57922
p 220 79 74.41705 -5.8344955
p 219 80 76.05641 1.3273926
p 220 81 77.674446 0.32018661
p 219 82 79.25771 0.9029083
p 220 83 80.86438 -9.234314
p 221 84 82.41887 -4.396412
p 220 85 84.13985 1.5905685
p 221 86 85.35732 -7.1353188
p 222 87 86.71401 -1.3966217
p 221 88 88.274765 -6.650032
p 220 89 89.58518 -5.9717903
p 219 90 91.18606 -2.2189178
p 220 91 92.95683 -2.3147087
p 220 92 95.61331 -0.78543854
p 219 93 97.35062 -0.91358566
p 218 94 98.7358 -0.55981827
p 219 95 100.05049 0.3095436
p 218 96 101.12344 0.009120941
p 219 97 102.08849 -0.25847244
p 220 98 102.88844 -0.1200676
p 219 99 103.94308 -0.19339752
p 218 100 104.89994 -0.11479187
p 219 101 105.85054 -0.016578674
p 218 102 106.60525 -0.05828476
p 217 103 107.51688 -0.02117157
p 218 104 108.51499 0.08351135
p 219 105 109.24255 -0.063056946
p 218 106 110.056816 -0.008514404
p 219 107 111.101326 -0.09656525
p 219 108 111.854164 0.06384277
p 218 109 112.71748 -0.16939163
p 217 110 113.51938 -0.022403717
p 218 111 114.41559 -0.081840515
p 219 112 115.13409 -0.17052841

c 74 0.15240479
p 216 216 44.744514 0.0046081543
p 217 217 44.713306 -0.02861023
p 218 217 44.713306 -0.0049591064
p 219 218 44.706684 0.03113556
p 218 219 44.689846 -0.005247116
p 218 220 44.682144 0.015325546
p 219 221 44.669895 -0.05827713
p 219 222 44.669895 -0.031131744
p 218 223 44.62378 -0.0078086853
p 219 224 44.59211 -0.038934708
p 218 225 44.59211 -0.13876915

c 75 21.869694
p 218 184 66.5906 -2.2547493
p 219 185 65.27819 -2.1505013
p 220 186 64.70706 -1.0974655
p 219 187 64.068275 6.097679
p 219 188 63.695965 0.80729675
p 218 189 54.73635 -14.085651
p 219 190 52.67308 -8.110857
p 220 191 50.800915 0.20927238
p 219 192 49.314972 9.083952
p 220 193 48.567566 6.31419
p 221 194 48.04894 0.173769
p 222 195 47.58031 -0.0043296814
p 223 196 47.29142 0.12235832
p 224 197 47.0073 0.020147324
p 225 198 46.839718 0.07416344
p 226 199 46.6615 0.07554054
p 227 200 46.512985 0.04856491
p 228 201 46.34079 7.8964233E-4
p 229 202 46.142242 -0.064453125
p 229 203 45.904186 -0.00598526
p 229 204 45.663456 -0.009057999
p 230 205 45.490505 0.036411285
p 231 206 45.372932 -0.047080994
p 231 207 45.232407 -0.04103279
p 232 208 45.18085 -0.0061836243
p 232 209 45.088245 0.03248787
p 231 210 45.010147 0.020101547
p 232 211 44.912483 -0.034755707
p 232 212 44.87769 -0.043779373
p 232 213 44.80491 -0.0075740814
p 233 214 44.790646 -0.08839989
p 234 215 44.753227 -0.06397438
p 233 216 44.724648 0.031141281
p 233 217 44.720905 -0.059282303
p 232 216 44.720905 0.009004593

c 76 38.663063
p 218 184 66.5906 -6.6484947
p 219 183 68.53738 -5.833069
p 220 182 70.52789 1.4774475
p 220 181 73.87619 2.031437
p 221 180 74.70931 0.7486534
p 222 179 76.05753 -1.3233414
p 223 178 77.585075 -1.2006111
p 224 177 79.07458 -1.4822769
p 225 176 80.36842 -0.21706772
p 224 175 81.71344 1.9919434
p 225 174 82.917946 -0.36278534
p 224 173 84.287674 -1.4972878
p 223 172 85.46062 -2.9319
p 222 171 86.63924 -2.5912056
p 223 170 87.627205 -3.015976
p 224 169 88.72053 -1.8916969
p 225 168 90.31434 0.38183212
p 224 167 91.51082 0.47877502
p 225 166 92.5541 0.538147
p 224 165 93.71157 -1.936821
p 223 164 94.704704 -1.2794456
p 224 163 95.75152 -2.4469414
p 225 162 96.68144 -2.4891014
p 226 161 97.761566 -0.5729332
p 225 160 98.96917 0.24950027
p 226 159 100.155075 0.7517586
p 225 158 101.17105 -1.4978523
p 224 157 102.22705 -0.46547318
p 225 156 103.41708 -0.6010742
p 226 155 104.39004 -0.6868286
p 227 154 105.25366 -0.3934822

c 77 0.37628174
p 221 209 45.05774 -0.1212101
p 222 210 45.009686 -0.03541565
p 222 211 44.956165 -0.019136429
p 221 212 44.88027 -0.055446625
p 221 213 44.83439 -0.04223442
p 222 214 44.826805 -0.12096405
p 223 215 44.775024 -0.03435135
p 224 216 44.766094 0.0039043427
p 225 217 44.73461 -0.036050797
p 226 218 44.681458 -0.08226204
p 227 219 44.681458 -0.070337296

c 78 33.457073
p 229 74 78.48921 -0.58919525
p 230 73 77.34618 0.100730896
p 231 72 76.147736 -1.7121925
p 230 71 74.5886 0.5707245
p 231 70 71.632805 -1.3088531
p 232 69 67.710556 -2.0051422
p 233 68 60.533646 2.9455872
p 233 67 57.18418 -7.9551506
p 234 66 55.4715 -9.597927
p 235 65 54.44042 -6.503475
p 234 64 53.424217 -1.6892052
p 233 63 52.41821 0.03501129
p 234 62 51.45836 3.0298767
p 235 61 50.526455 -0.07611847
p 234 60 49.799458 0.10845375
p 233 59 48.989067 -0.0068187714
p 232 58 48.27079 0.080926895
p 233 57 47.562504 -0.03283882
p 233 56 46.9867 0.021928787
p 233 55 46.52677 0.079927444
p 234 54 46.178425 -0.04022789
p 234 53 45.903923 -0.03525734
p 234 52 45.622715 -0.050123215
p 235 51 45.468605 -0.06533623
p 234 50 45.43634 0.06549072
p 235 49 45.365437 0.03414917
p 235 48 45.247025 -0.030395508
p 235 47 45.197094 -0.09514618
p 235 46 45.137867 -0.020299911
p 234 45 45.03214 -0.07401848
p 233 44 45.03214 0.0051059723

c 79 52.96931
p 230 108 111.34299 -0.23101425
p 231 107 110.46371 -0.8135338
p 232 106 109.367096 -0.23908615
p 233 105 108.18888 -0.21476364
p 234 104 107.011604 -0.32230377
p 235 103 106.09388 0.10821533
p 236 102 104.69681 -0.24734116
p 237 101 103.18814 1.3529053
p 238 100 98.009834 -0.4792137
p 239 99 96.14084 -1.9765053
p 238 98 94.67383 -0.18418121
p 239 97 92.884796 -8.564121
p 240 96 91.4123 -8.783302
p 241 95 89.963646 -8.585606
p 242 94 88.483864 -4.7260666
p 241 93 87.09021 -8.935825
p 240 92 85.77075 -9.933537
p 239 91 84.49803 -9.762638
p 238 90 83.29205 -8.069134
p 237 89 82.26229 -4.7439346
p 238 88 80.33937 -9.106819
p 239 87 78.9704 -4.9897346
p 238 86 77.67157 -0.040103912
p 239 85 76.45255 -10.469238
p 240 84 75.271286 -9.846321
p 241 83 74.082924 -6.213772
p 240 82 73.00458 -8.621281
p 239 81 71.90723 -6.1023254
p 240 80 70.80671 1.2731743
p 239 79 69.674515 -9.032799
p 238 78 68.604515 -10.02364
p 237 77 67.519356 -9.14249
p 236 76 66.38097 -7.6086273
p 235 75 65.378716 -6.453144
p 236 74 64.288315 -7.106472
p 237 73 63.302536 -3.466648
p 236 72 62.342518 2.4241333
p 237 71 61.372707 0.5917702
p 236 70 60.36718 -6.9238777
p 235 69 59.37519 -8.530766
p 234 68 58.373676 -2.1516418

c 80 2.4165764
p 232 198 46.891476 -0.04067993
p 232 199 46.699368 -0.10861778
p 233 200 46.53116 0.034978867
p 232 201 46.180992 0.0026874542
p 232 202 45.977882 0.006298065
p 233 203 45.76251 0.010953903
p 234 204 45.622414 0.0018119812
p 234 205 45.45046 0.0296669
p 235 206 45.278942 0.040081024
p 236 207 45.16229 -0.078567505
p 237 208 45.154278 -0.0690918
p 238 209 45.051624 -0.15532684
p 237 210 45.01667 -0.002084732
p 237 211 44.977463 0.016143799
p 238 212 44.875454 -0.12039757
p 239 213 44.835896 -0.058124542
p 240 214 44.807926 -0.120780945
p 239 215 44.807926 -0.11656952
p 238 216 44.79445 -0.046619415
p 239 217 44.732933 -0.005382538
p 239 218 44.681858 -0.025823593
p 239 219 44.681858 -0.10536766
p 238 220 44.664307 0.05281639
p 238 221 44.664307 -0.1065464
p 239 222 44.636192 0.015916824
p 239 223 44.56303 -0.010667801
p 239 224 44.523415 -0.029035568
p 238 225 44.4749 -0.030233383
p 238 226 44.4749 -0.0067749023

c 81 38.472446
p 232 198 46.891476 0.114730835
p 233 197 47.07325 0.08314705
p 234 196 47.29129 0.028644562
p 235 195 47.65234 0.27152634
p 236 194 47.767986 0.051813126
p 237 193 48.03725 6.9960556
p 236 192 48.82267 -0.6784229
p 235 191 54.210213 0.3944683
p 234 190 60.04328 -3.4791718
p 235 189 63.03145 -3.2797413
p 234 188 66.1067 -2.0395546
p 235 187 68.59388 -3.8792305
p 236 186 70.87238 -0.9989586
p 237 185 72.629196 -2.4001656
p 236 184 74.04715 -2.518139
p 235 183 75.589905 -0.5363922
p 236 182 76.679756 1.1095009
p 235 181 77.81275 1.6124954
p 236 180 79.233955 1.2393913
p 235 179 80.254875 0.8745003
p 236 178 81.62275 0.5537834
p 235 177 83.09536 -0.5656357
p 235 176 85.36392 -0.6168976

c 82 48.356514
p 241 165 92.92844 -0.9963608
p 242 166 91.332016 -1.9485245
p 243 167 87.00514 -5.6772194
p 244 168 83.717804 -8.548779
p 245 169 81.708176 -10.202648
p 246 170 79.68267 -12.53804
p 247 171 77.29496 2.9384422
p 247 172 76.24581 -3.3745575
p 248 173 73.04209 -4.250908
p 247 174 71.863266 -7.6752777
p 246 175 70.91265 -6.0132256
p 247 176 69.38921 -9.265476
p 248 177 68.348656 -9.035988
p 249 178 67.35048 -7.2943916
p 248 179 66.12652 -9.284946
p 247 180 64.91551 -9.095009
p 246 181 63.821873 -6.455372
p 247 182 62.768288 -8.723526
p 248 183 61.654724 -9.731277
p 249 184 60.54735 -9.772991
p 250 185 59.487232 -6.8154945
p 251 186 58.460915 -6.7863674
p 250 187 57.4894 -6.289028
p 249 188 56.365807 -5.676964
p 250 189 55.32697 1.6776199
p 249 190 54.2998 0.20721817
p 250 191 53.31873 7.2943134
p 249 192 52.355812 2.9056358
p 248 193 51.44298 6.725279
p 247 194 50.6277 0.047302246
p 248 195 49.82771 -0.81666183
p 247 196 49.073967 -0.0364933
p 247 197 48.373283 -0.08240509
p 247 198 47.857555 0.11088371
p 248 199 47.208786 -0.04920578
p 247 200 46.73227 -0.06193161
p 247 201 46.35795 0.07869911
p 248 202 45.964752 -0.03590393
p 248 203 45.665382 0.07151413
p 249 204 45.578724 0.10791969
p 248 205 45.478058 -0.013713837
p 247 206 45.31686 -0.030107498
p 247 207 45.197636 -0.038908005
p 247 208 45.126423 -0.005777359
p 248 209 45.126423 0.06518936
p 249 210 45.022873 -0.018133163
p 250 211 44.970814 0.029277802
p 251 212 44.85731 -0.016252518
p 251 213 44.850586 -0.010305405
p 251 214 44.81525 -0.046031952
p 251 215 44.790375 -0.032476425
p 252 216 44.76182 0.0682888
p 253 217 44.67659 -0.07038307
p 253 218 44.615307 -0.008766174
p 254 219 44.571922 -0.03568268
p 254 220 44.571922 -0.03213501

c 83 31.172356
p 242 149 108.36881 -1.124855
p 243 150 106.25721 -2.1530647
p 244 151 103.70426 -3.8777008
p 245 152 101.40103 -5.2265205
p 246 153 99.23334 -5.5406036
p 247 154 97.6645 -2.3886223
p 248 155 96.27123 -5.9887085
p 249 156 94.98898 -6.142372
p 250 157 93.835915 -4.8274612
p 251 158 92.62877 -3.0297318
p 250 159 91.1811 -0.36948013
p 251 160 89.91035 -6.716511
p 252 161 88.9313 -4.0662193
p 251 162 87.310165 -8.262321
p 250 163 86.15321 -7.067566
p 249 164 84.99913 -4.582691
p 250 165 83.51584 -7.299446
p 251 166 82.32623 -4.556988
p 250 167 81.21948 -6.9368668
p 249 168 80.09633 -7.4302025
p 250 169 79.1126 -0.04850006
p 249 170 78.25034 -9.140121
p 248 171 77.19646 -5.5804863

c 84 32.263653
p 245 82 77.14703 -5.2574234
p 246 81 75.536446 -9.953342
p 247 80 74.410904 -9.290581
p 248 79 72.460526 -5.88229
p 247 78 71.44847 0.6205864
p 248 77 69.990005 -7.950714
p 249 76 68.78381 -3.8545303
p 248 75 66.40884 0.10149765
p 249 74 65.28649 1.5213089
p 248 73 63.815346 2.2675056
p 249 72 62.345497 -1.0597343
p 248 71 61.065422 -7.856598
p 247 70 59.956978 -7.204296
p 248 69 58.860073 -8.100994
p 249 68 57.566807 -7.282673
p 248 67 55.845627 -12.081799
p 247 66 54.566025 -13.333992
p 246 65 53.45829 -7.519058
p 247 64 52.34331 -3.093029
p 248 63 51.30822 -0.30714607
p 249 62 50.348682 -0.05802536
p 249 61 49.634872 -0.43795776
p 250 60 48.933643 0.08790207
p 249 59 48.197826 -0.11109543
p 249 58 47.624138 0.034217834
p 250 57 47.18196 -0.031770706
p 251 56 46.75947 -0.04967308
p 251 55 46.34317 -0.03265381
p 252 54 46.09178 -0.08172989
p 253 53 45.82406 0.02911377
p 252 52 45.59458 -0.007408142
p 253 51 45.490284 0.0016040802
p 253 50 45.349827 -0.045719147
p 254 49 45.227623 -0.18157578
p 255 48 45.18145 -0.08124924
p 255 47 45.16284 -0.063957214
p 254 46 45.09508 -0.07809448
p 255 45 45.00229 -0.041301727
p 254 44 44.948982 -0.0013847351
p 255 43 44.88338 -0.07703018
p 255 42 44.88338 0.057216644

c 85 28.133537
p 245 82 77.14703 -5.7492447
p 246 83 78.902016 -7.9135895
p 247 84 80.91018 -3.338749
p 246 85 82.72787 2.5037537
p 247 86 86.60552 1.5326157
p 247 87 88.31107 1.6984444
p 246 88 89.74714 -0.2860489
p 247 89 91.06898 -0.7291107
p 248 90 92.1336 -0.80669785
p 247 91 92.94811 0.32182312
p 248 92 93.9 1.2496605
p 247 93 95.128044 -1.6164246
p 246 94 96.29331 -1.9020195
p 247 95 97.558586 -2.2826424
p 248 96 99.38612 0.20746994
p 247 97 100.22341 0.31357956
p 248 98 101.39013 -0.18402863
p 249 99 102.619225 -0.15052032
p 250 100 104.09295 -0.24114227
p 251 101 105.28057 -0.5077362

c 86 11.995689
p 248 152 104.04728 -1.0284576
p 249 151 105.070076 0.23935318
p 250 150 106.1076 -0.38256073
p 249 149 106.94123 -0.35956573
p 250 148 107.98538 -0.738575
p 251 147 109.371 -0.09265518
p 252 146 110.553154 -0.22548294
p 251 145 111.75875 0.62934875
p 252 144 113.09723 0.3138237
p 251 143 114.08315 0.2657776
p 252 142 115.17065 0.13329315
p 251 141 116.04297 0.4874611

c 87 0.3962822
p 249 30 44.593346 -0.058483124
p 250 31 44.593346 -0.019441605
p 250 32 44.59934 -0.068481445
p 250 33 44.59934 0.008340836
p 250 34 44.661285 -0.016117096
p 249 35 44.670097 -0.058475494
p 250 36 44.670097 -0.15927887
p 250 37 44.78411 -0.08057785
p 249 38 44.796947 -0.055002213
p 250 39 44.821083 -0.100286484
p 251 40 44.896236 0.0681324
p 250 41 44.896236 -0.058898926
p 251 42 44.940517 -0.030796051
p 250 43 44.956055 -0.032995224
p 249 44 44.989628 -0.13863945

avg 29.073761
end