//fileLoc: inputData/gradient11.png
//fluxMulti: 3.0 channelCutOff: 10
//wk_fmin: 0.0 wk_fmax: 0.5
//total_mass_shift: 60.5
//colorstage1: 2 colorstage2: 3
# 85
avgCurve 0.53626233

c 0 12.019344
p 0 61 50.84897 0.24848175
p 0 62 50.84897 11.483879
p 1 61 50.914223 -0.7096138
p 2 62 51.167038 2.571024
p 3 61 51.76198 0.23354721
p 4 62 52.377495 5.5692654
p 5 63 53.013744 3.9648228
p 6 64 53.827946 -0.7021103
p 5 65 54.66861 -5.2128906
p 6 66 55.54762 -9.102394
p 7 67 56.85963 -4.1261215
p 6 68 57.772537 -8.461891
p 5 69 58.768936 -11.626755
p 4 70 60.174004 -5.7373734
p 5 71 61.461445 -12.459476
p 6 72 62.868313 -5.7473755

c 1 28.030376
p 2 180 74.29978 -1.0807114
p 3 181 73.41298 0.9831047
p 4 182 72.39934 -3.5667267
p 3 183 71.071884 5.0364075
p 4 184 69.157845 -7.600994
p 3 185 66.079796 2.9388542
p 3 186 65.45546 1.4836311
p 2 187 61.201035 -2.26997
p 3 188 59.29661 -6.591423
p 4 189 57.59975 3.9078102
p 4 190 56.238483 -3.618536
p 5 191 54.839138 -1.8195667
p 6 192 53.830257 0.9231949
p 7 193 52.950897 4.873768
p 8 194 52.179115 -0.038692474
p 9 195 51.504765 0.31329536
p 10 196 50.801468 -0.030637741
p 11 197 50.270134 -0.09513855
p 11 198 49.690933 -0.036439896
p 12 199 49.21552 -0.036418915
p 13 200 48.74097 -0.13470459
p 14 201 48.413433 -0.03193474
p 15 202 48.25332 -0.08633232
p 15 203 47.74879 -0.17712784
p 14 204 47.552986 -0.23632431
p 14 205 47.24904 -0.14764977
p 13 206 47.185402 0.014902115
p 13 207 47.06099 -0.020450592
p 12 208 46.955055 0.08600807
p 11 209 46.87758 0.1133194
p 10 210 46.82977 0.12021828
p 11 211 46.67114 -0.0986824
p 11 212 46.64767 -0.1401329
p 12 213 46.63236 0.017751694
p 13 214 46.562172 -0.06912041
p 12 215 46.47893 -0.08277702
p 11 216 46.47893 0.024143219
p 10 217 46.4326 -0.005882263
p 11 218 46.321064 -0.06476021
p 10 219 46.321064 -0.06020546
p 9 219 46.269405 -0.04442787
p 10 220 46.269405 -0.09293938

c 2 31.905983
p 2 180 74.29978 -1.1410713
p 3 179 74.95858 0.064956665
p 4 178 75.579475 -1.4046669
p 3 177 76.644325 2.8323517
p 4 176 77.821724 1.1789856
p 3 175 78.94861 2.2154846
p 4 174 79.79599 0.67360306
p 3 173 80.75467 0.09592438
p 4 172 81.51808 -1.3013191
p 5 171 82.36437 -2.127182
p 6 170 83.216255 -0.7790222
p 7 169 84.30453 -3.549286
p 6 168 85.21333 -3.5194016
p 5 167 86.33169 -2.996891
p 4 166 87.74232 -1.5441322
p 5 165 88.57264 -2.3599968
p 6 164 89.681885 -1.0608101
p 5 163 91.19726 1.5507507
p 6 162 91.78997 -1.7174988
p 7 161 92.7951 -1.3884468
p 6 160 94.11681 1.0308266
p 7 159 95.07316 0.18634796
p 6 158 96.19181 -1.9559174
p 5 157 97.91208 -0.2633438
p 6 156 99.077705 -0.28448105
p 6 155 101.18796 0.21675873
p 5 154 102.171425 -0.41270065
p 6 153 103.167206 -0.89043427
p 7 152 104.14309 -0.29244232
p 6 151 105.165 -0.93740845
p 5 150 106.205765 -0.7917938

c 3 52.434105
p 5 189 57.585686 -8.038437
p 6 188 58.679916 -9.395008
p 7 187 59.83932 -3.420002
p 6 186 60.90249 -0.43706894
p 7 185 61.87998 -6.054283
p 8 184 63.22706 -5.6869507
p 9 183 67.682335 3.2141914
p 10 183 68.90762 1.5414352
p 11 182 70.623764 0.16701889
p 12 181 71.705444 0.545887
p 13 180 72.48183 -0.109184265
p 14 179 73.43925 1.9231758
p 13 178 74.3659 0.749382
p 14 177 75.25462 3.566555
p 13 176 76.16189 0.9665642
p 14 175 77.09137 1.9479637
p 13 174 78.006874 3.4144173
p 12 173 78.90768 -0.23624039
p 13 172 79.864105 3.9107857
p 12 171 80.76562 -0.91770935
p 13 170 81.61261 4.094227
p 14 169 82.5719 -3.2270393
p 13 168 83.42704 6.090851
p 14 167 84.223595 0.6071243
p 15 166 85.06356 -0.030521393
p 14 165 85.83802 5.258686
p 15 164 86.8367 -1.9708557
p 14 163 87.817024 -0.014228821
p 13 162 88.81887 0.6663475
p 12 161 89.751205 -1.8800735
p 13 160 90.71502 1.9804916
p 12 159 91.78615 -0.6601486
p 13 158 92.62372 -1.8595085
p 14 157 93.41304 -1.1310272
p 15 156 94.18907 1.1224632
p 16 155 95.31274 -0.75572205
p 17 154 96.28273 -3.6114044
p 18 153 97.26569 -1.97995
p 17 152 98.59822 2.7521744
p 18 151 99.41513 0.9507179
p 17 150 100.804985 -6.0207024
p 16 149 102.03912 -3.312912
p 15 148 103.154045 -1.1398315
p 16 147 104.063835 -0.5489807
p 15 146 105.39577 -1.4232979
p 14 145 106.82639 -0.4501114
p 14 144 109.29447 0.4208107
p 14 143 110.01979 -0.29896927

c 4 66.38893
p 7 32 46.196415 -0.017391205
p 8 33 46.21919 -0.092414856
p 9 34 46.21919 0.0021400452
p 8 35 46.22012 -0.024337769
p 9 36 46.337875 -0.15905762
p 9 37 46.39422 -0.087501526
p 10 38 46.42736 0.07284737
p 9 39 46.42736 0.034843445
p 10 40 46.47698 -0.004671097
p 10 41 46.55137 -0.0598011
p 10 42 46.731564 0.0039787292
p 11 43 46.81351 -0.14968872
p 12 44 46.963863 0.089509964
p 11 45 46.98098 0.037879944
p 10 46 47.09172 -0.05698967
p 9 47 47.12734 -0.15725136
p 10 48 47.455864 0.1038208
p 11 49 47.70101 0.10956001
p 12 50 47.939148 -0.092092514
p 13 51 48.266075 -0.07223511
p 13 52 48.527866 -0.13132477
p 14 53 48.86234 -0.04927063
p 14 54 49.14359 -0.100011826
p 15 55 49.62228 0.069667816
p 16 56 49.895863 0.022899628
p 17 57 50.338394 -0.105854034
p 17 58 50.834564 0.2571602
p 18 59 51.303043 0.039474487
p 19 60 51.949997 0.18632507
p 18 61 51.995728 -0.49487686
p 17 62 52.56861 4.388073
p 16 62 53.31659 3.9689045
p 15 63 54.145485 0.46107674
p 14 64 54.93312 -0.5730839
p 13 65 55.75973 -2.13945
p 14 66 56.586136 -3.2697449
p 13 67 57.427 -2.0822906
p 14 68 58.370007 -6.8342476
p 15 69 59.218567 -4.4222794
p 16 70 60.07946 -5.046892
p 15 71 60.85442 -5.072548
p 14 72 61.97064 -7.11084
p 15 73 62.866035 -6.918766
p 16 74 64.15924 -7.705206
p 15 75 65.08956 -9.174236
p 14 76 65.97055 -9.406132
p 13 77 67.12601 -6.6315804
p 12 78 68.416016 -4.074173
p 13 79 69.67597 2.2189636
p 12 80 70.7222 -6.8464775
p 11 81 71.419914 -10.089935
p 10 82 72.38971 -8.429066
p 9 83 73.50453 -5.0892715
p 10 84 74.928154 2.177246
p 9 85 76.40934 -7.946106
p 8 86 80.267105 -1.2193375
p 9 87 81.88874 -3.9122276
p 10 88 82.48891 -5.6527634
p 11 89 88.483536 1.8280869
p 11 90 88.483536 2.1065788
p 12 91 88.77631 -1.4346008
p 11 92 89.2467 -0.239048
p 10 93 90.05419 -0.20189667
p 11 94 91.06308 1.0977364
p 10 95 92.07355 -0.035381317
p 9 96 93.07199 -3.156311
p 10 97 94.09956 -2.00457
p 11 98 95.39859 -1.3353615
p 10 99 97.20498 1.0114822
p 11 100 98.353584 0.16822052
p 10 101 99.27612 0.35568237
p 11 102 100.2925 -4.634014
p 12 103 101.349884 -4.1047363
p 13 104 102.3816 -3.5227776
p 14 105 103.40196 -1.8144073
p 13 106 104.54019 -2.7782784
p 12 107 105.5591 -2.056301
p 13 108 106.59155 1.7523422
p 12 109 107.81517 -2.405449
p 11 110 108.8991 -3.0644417
p 10 111 110.337616 -1.0400658
p 11 112 111.31653 0.042316437
p 10 113 112.58534 -1.7592239

c 5 2.1082916
p 12 209 46.903046 0.053739548
p 13 208 46.98291 -0.060642242
p 14 207 47.105286 -0.069999695
p 15 206 47.22654 -0.14768791
p 15 205 47.350975 -0.07650375
p 16 204 47.59226 -0.078804016
p 16 203 47.81758 -0.10852051
p 17 202 48.16885 -0.036245346
p 18 201 48.414127 -0.07485008
p 17 200 48.7716 -0.14429474
p 17 199 49.011337 -0.1632328

c 6 0.5465126
p 14 31 46.19256 -0.086709976
p 15 32 46.20807 -0.121686935
p 16 32 46.20807 -0.07288933
p 17 33 46.22911 -0.09555626
p 18 34 46.30046 0.00853157
p 19 35 46.30046 -0.14668274
p 20 36 46.321743 -0.04157257
p 21 37 46.398304 -0.048454285
p 20 38 46.412655 0.006389618
p 20 39 46.512463 -0.048376083
p 20 40 46.559322 0.07877731
p 21 41 46.645054 -0.21892738
p 21 42 46.73907 -0.04272461

c 7 22.397858
p 19 78 68.46716 -5.006645
p 20 77 67.62821 -5.8208656
p 21 76 66.838455 -6.3270836
p 22 75 65.830315 -5.925926
p 23 74 64.95165 -3.020523
p 24 73 64.1025 -1.4349594
p 25 72 63.284718 -2.3005676
p 24 71 62.447243 1.4781075
p 25 70 61.60842 -1.8653717
p 26 69 60.88494 -3.0235214
p 27 68 59.987766 -2.5012436
p 28 67 59.15635 2.980175
p 28 66 58.17419 5.716484
p 28 65 57.32047 -0.5272732
p 29 64 56.463787 0.7396774
p 30 63 55.600903 2.92972
p 31 62 54.79422 0.045087814
p 30 61 54.068466 -0.10030174
p 29 60 53.344086 0.019195557
p 30 59 52.61819 -0.083358765
p 31 58 52.085434 0.052049637
p 32 57 51.448147 -0.25239754
p 31 56 50.999443 -0.025091171
p 32 55 50.573505 0.09667206
p 31 54 50.002937 -0.018035889
p 31 53 49.44434 -0.021421432
p 30 52 48.918316 -0.071596146
p 29 51 48.512093 0.1126976
p 30 50 48.136406 -0.013124466
p 31 49 47.80197 0.026252747
p 32 48 47.54622 0.05548668
p 32 47 47.35041 0.017354965
p 31 46 47.097725 -0.06799507
p 30 45 47.018574 -0.03212166
p 30 44 46.91546 -0.042751312
p 29 43 46.834743 0.01748848
p 30 42 46.76181 -0.09960365
p 31 41 46.598026 -0.11630821
p 32 40 46.569668 -0.041707993
p 33 39 46.51977 -0.076984406
p 34 39 46.51977 0.028867722
p 35 38 46.46754 0.009683609
p 34 37 46.398674 -0.039304733
p 35 36 46.391968 0.09105873
p 34 35 46.328148 -0.051280975
p 33 34 46.295303 -0.068099976
p 33 33 46.26246 -0.04742813
p 33 32 46.26246 -0.0351429
p 34 31 46.196617 -0.14836502
p 35 30 46.18801 -0.006345749
p 36 29 46.148617 -0.0076026917
p 37 28 46.069305 -0.14370728
p 36 27 46.069305 -0.16893387

c 8 44.333885
p 19 78 68.46716 -4.867634
p 20 79 69.32724 -6.2255516
p 21 80 70.16337 -5.291912
p 22 81 71.01456 -4.9479713
p 21 82 71.9138 -5.1781044
p 20 83 72.83247 -7.193138
p 19 84 73.81713 -1.4840279
p 20 85 74.70593 -4.752102
p 21 86 75.58172 -6.746475
p 22 87 76.48228 -6.4598465
p 23 88 77.39085 -6.6626854
p 24 89 78.30721 -7.055485
p 25 90 79.40735 -3.243805
p 24 91 80.336006 -5.4740143
p 23 92 81.27691 -6.6876106
p 22 93 82.24734 -7.2696342
p 21 94 83.23608 -6.5031586
p 20 95 84.338684 -2.9182472
p 21 96 85.47496 -4.902397
p 22 97 86.45227 -5.667549
p 23 98 87.53179 -5.706566
p 24 99 88.32587 -5.9744835
p 25 100 89.447784 -6.600132
p 26 101 90.375786 -4.3098717
p 25 102 91.48844 -7.2729034
p 24 103 92.712715 -8.201149
p 23 104 93.74795 -7.42268
p 22 105 94.796616 -6.3711014
p 21 106 96.88571 -1.8332367
p 22 107 99.59905 -3.1037674
p 23 108 101.6237 -3.1112633
p 22 109 103.423935 2.6452217
p 23 110 105.61194 -1.207222
p 22 111 106.98711 -0.9821472
p 21 112 109.47475 -0.5471153
p 20 113 111.12129 -0.42164993
p 21 114 112.80105 -1.0804214

c 9 4.4179764
p 20 196 50.632744 0.15321732
p 21 197 50.07511 -0.015909195
p 22 198 49.550743 0.0023021698
p 21 199 49.00213 0.009637833
p 22 200 48.660225 -0.10334015
p 23 201 48.397995 -0.113767624
p 23 202 48.17389 -0.0053634644
p 23 203 47.840782 -0.114112854
p 23 204 47.633804 -0.15767288
p 23 205 47.373013 -0.007501602
p 23 206 47.252586 -0.11270714
p 23 207 47.053055 -0.024362564
p 24 208 46.922626 0.030052185
p 23 209 46.878803 -0.029132843
p 24 210 46.878803 -0.1554966
p 25 211 46.736378 -0.09070587
p 25 212 46.61651 -0.013233185
p 25 213 46.53536 -0.18726349
p 25 214 46.430676 -0.18892479
p 26 215 46.42736 0.051408768
p 26 216 46.363235 0.007583618
p 25 217 46.343693 -0.28692627
p 24 218 46.280712 -0.19597054
p 23 219 46.214767 -0.026628494
p 23 220 46.214767 -0.33437347

c 10 20.969994
p 20 196 50.632744 -0.2348423
p 21 195 51.234856 -0.21440125
p 21 194 51.835136 -0.31233597
p 22 193 52.472836 -0.38715744
p 22 192 53.371273 3.5504055
p 23 191 54.13097 -0.85378647
p 22 190 55.191566 -6.0484123
p 23 189 56.18966 -9.888485
p 24 188 57.091915 -6.565037
p 23 187 58.177467 -7.4109077
p 22 186 58.97209 -5.8492203
p 21 185 59.92082 -4.028145
p 22 184 60.8295 2.849144
p 21 183 61.88117 -0.45418167
p 22 182 62.922153 -7.2726784
p 23 181 63.98582 -6.1422787
p 22 180 65.2651 3.6284714
p 23 179 66.38248 -8.527966
p 24 178 67.539055 -12.963703
p 25 177 69.03035 -11.800041
p 26 176 71.60274 -5.7009697

c 11 62.525597
p 27 147 108.496796 -0.73625183
p 28 148 107.45118 -0.10480881
p 29 149 106.276344 -1.2741089
p 28 150 105.173775 1.1022263
p 29 151 103.92907 -0.68743896
p 30 152 102.83386 -1.5168953
p 29 153 101.62208 -1.3789597
p 28 154 100.375885 -0.94698334
p 29 155 99.37004 -0.9316559
p 30 156 98.47574 0.98513794
p 29 157 98.04998 -0.23120117
p 28 158 97.690346 -0.054283142
p 28 159 92.77125 -4.0581627
p 29 160 91.61737 -3.6241531
p 30 161 90.32547 -4.652279
p 31 162 89.02177 -3.2955513
p 30 163 87.40642 -0.9355545
p 31 164 86.16523 -5.6617165
p 32 165 84.579796 -5.955654
p 33 166 82.936676 -7.1977158
p 34 167 81.25895 -8.118061
p 35 168 79.58949 -10.50943
p 36 169 77.949455 -9.371952
p 37 170 76.618195 -3.2918816
p 36 171 75.551094 -4.861885
p 37 172 74.457 -8.841835
p 38 173 73.434944 -9.490978
p 39 174 72.206276 -9.68766
p 40 175 71.135544 -7.0591545
p 41 176 70.13215 -5.659771
p 40 177 69.14894 -5.4749527
p 39 178 68.13552 -4.17115
p 40 179 67.074974 1.3662338
p 39 180 66.03294 -3.693447
p 38 181 65.09966 -7.516781
p 37 182 64.011925 -4.423897
p 38 183 63.09403 5.290577
p 37 184 62.151913 -2.1822243
p 38 185 61.098618 -5.3911133
p 39 186 60.12421 -6.239233
p 38 187 59.15339 -7.276718
p 37 188 58.200584 -2.337574
p 36 189 57.245716 -9.175316
p 37 190 56.27693 -2.8962746
p 38 191 55.453148 1.1237926
p 39 192 54.39473 2.363737
p 40 193 53.49398 5.5768166
p 41 194 52.711914 0.050006866
p 41 195 51.912292 -0.3711319
p 42 196 51.17842 -0.14907837
p 43 197 50.521427 -0.23929405
p 43 198 49.973274 -0.30462837
p 44 199 49.349663 -0.21392441
p 45 200 48.91324 -0.09380913
p 45 201 48.559883 -0.08711815
p 46 202 48.180313 -0.04863739
p 47 203 48.0083 0.10484886
p 46 204 47.647655 -0.25205994
p 45 205 47.489643 -0.118434906
p 44 206 47.342796 -0.05770302
p 43 207 47.11143 -0.052267075
p 42 208 47.026615 0.1259594
p 43 209 46.8862 -0.12801552
p 42 210 46.789318 0.0368824
p 41 211 46.66988 0.0074825287
p 41 212 46.591267 -0.033491135
p 42 213 46.54268 -0.06161499
p 41 214 46.469524 -0.06793213
p 40 215 46.423763 -0.06772423
p 41 216 46.423763 -0.06476402
p 41 217 46.29988 -0.0034656525
p 41 218 46.233685 0.0022697449
p 41 219 46.21963 -0.052444458
p 40 220 46.21963 -0.02667427
p 41 221 46.16624 -0.05082321
p 42 222 46.09683 -0.025026321
p 43 223 46.09683 0.09811783
p 44 224 46.036568 -0.010211945
p 43 225 45.9712 -0.012800217
p 44 226 45.9712 -0.106645584

c 12 8.42638
p 27 220 46.187088 -0.099248886
p 28 219 46.247597 -0.021965027
p 29 218 46.32986 0.04883957
p 28 217 46.32986 0.02355957
p 29 216 46.373363 -0.056676865
p 30 215 46.503788 0.08387756
p 31 214 46.511177 -0.17339325
p 31 213 46.51565 -0.04492569
p 31 212 46.6224 0.12446213
p 32 211 46.675175 0.13656425
p 31 210 46.78504 -0.030174255
p 31 209 46.915627 -0.023000717
p 31 208 47.01818 -0.035923004
p 32 207 47.093803 -0.10118675
p 32 206 47.22024 0.0132312775
p 32 205 47.467167 0.01871109
p 31 204 47.679203 -0.051973343
p 30 203 47.88221 0.08165169
p 31 202 48.180607 -0.014347076
p 32 201 48.513065 -0.02303505
p 31 200 48.952435 -0.037584305
p 31 199 49.25459 -0.16029549
p 30 198 49.917843 0.32328987
p 31 197 50.19618 -0.15847015
p 31 196 50.68609 -0.02230835
p 30 195 50.92142 0.024238586
p 31 194 51.203934 -0.097644806
p 30 193 51.56511 2.9656734
p 29 192 52.145157 1.2219086
p 30 191 52.97022 -1.509592
p 31 190 54.61347 -4.533325

c 13 40.234703
p 34 96 86.79286 -3.186699
p 35 95 86.03105 -6.679638
p 36 94 85.07866 -6.5213203
p 37 93 83.98881 -5.003208
p 36 92 82.97304 1.0770531
p 37 91 82.0929 3.764927
p 36 90 80.89506 2.533329
p 37 89 79.86583 2.9243622
p 36 88 78.9076 -1.2904663
p 37 87 78.00187 -5.3654404
p 38 86 77.13284 -5.290943
p 39 85 76.242386 -3.9833908
p 40 84 75.334785 -4.7862473
p 41 83 74.44569 -5.4396706
p 42 82 73.56739 -6.289669
p 43 81 72.675705 -3.1494064
p 44 80 71.81706 -4.8320923
p 43 79 70.7543 -2.9221992
p 42 78 69.93976 -2.0822067
p 43 77 68.961426 3.6587753
p 42 76 67.77423 1.8770714
p 43 75 67.00816 0.43603897
p 42 74 66.088554 -3.1173515
p 41 73 65.15456 -3.452324
p 40 72 64.242516 -5.7879333
p 41 71 63.36015 2.140953
p 40 70 62.650536 -3.8426514
p 39 69 61.55249 -2.264225
p 38 68 60.561756 -4.1792526
p 39 67 59.752068 -6.0062103
p 40 66 58.914783 -5.617317
p 41 65 58.0809 -1.0717411
p 40 64 57.228195 -0.7179222
p 39 63 56.321636 1.1873245
p 38 62 55.394497 5.05632
p 37 61 54.60787 0.025932312
p 36 60 53.902683 -0.1296196
p 35 59 53.259853 0.022602081
p 36 58 52.532516 -0.092227936
p 37 57 51.824867 -0.103559494
p 36 56 51.17966 -0.0206604
p 35 55 50.576836 -0.022109985
p 35 54 49.99619 -0.090135574
p 36 53 49.275913 -0.15425873
p 37 52 48.894463 -0.19306946
p 37 51 48.5774 -0.08688164
p 36 50 48.212032 0.0449543
p 35 49 47.856293 0.033172607
p 35 48 47.473774 -0.03750992
p 36 47 47.309093 -0.19441223
p 37 46 47.186424 -0.029283524
p 38 45 46.953045 -0.15957832
p 37 44 46.928696 -0.12566948
p 37 43 46.78764 0.03376198
p 36 42 46.67846 -0.10597801
p 36 41 46.667393 -0.07032776
p 36 40 46.571613 -0.14930344
p 35 39 46.55816 -0.024477005

c 14 27.489273
p 34 96 86.79286 0.21635056
p 35 97 87.769 -6.093727
p 36 98 88.73575 -7.652748
p 37 99 89.932816 -6.401615
p 38 100 90.83697 -2.8266563
p 37 101 91.997185 2.0223503
p 38 102 93.0516 1.9723701
p 37 103 94.29761 0.38946915
p 38 104 95.25584 0.6372795
p 37 105 96.298645 -1.3321762
p 38 106 97.64885 2.186943
p 37 107 98.47685 -9.29948
p 36 108 99.9729 -6.0684013
p 35 109 101.694695 -9.591194
p 34 110 103.47546 -3.209034
p 35 111 105.37547 1.4277153
p 34 112 107.76513 2.756874
p 35 113 109.5099 -3.8427696
p 36 114 111.99246 -3.590126
p 37 115 114.282135 -0.5716057

c 15 25.955238
p 38 169 77.98547 -7.148266
p 39 168 79.49962 -7.5422974
p 40 167 81.10345 -4.141197
p 39 166 82.59692 1.5895729
p 40 165 84.97083 2.9621162
p 39 164 85.89425 -0.25064468
p 40 163 87.06446 0.58566666
p 39 162 88.367935 -0.6105957
p 40 161 89.49905 -7.184307
p 41 160 90.871025 -7.8387985
p 42 159 92.17945 -3.8180237
p 41 158 93.63804 1.7178497
p 42 157 94.95995 -6.2790527
p 43 156 96.30183 -4.474148
p 44 155 97.75458 -2.8217773
p 45 154 100.29675 -4.4933205
p 46 153 102.222046 -3.4963722
p 47 152 103.94071 -2.891842

c 16 53.01748
p 44 34 46.22644 -0.045900345
p 44 35 46.22644 0.0121154785
p 45 35 46.288433 0.011312485
p 46 34 46.288433 -8.983612E-4
p 47 35 46.317387 -0.11644173
p 47 36 46.36215 -0.07876778
p 46 37 46.37737 0.06150627
p 46 38 46.460495 0.0720253
p 45 39 46.460495 -0.13194656
p 46 40 46.51873 -0.013793945
p 47 41 46.56018 -0.011541367
p 46 42 46.625088 -0.069898605
p 47 43 46.816525 -0.12963867
p 47 44 46.920986 0.04735565
p 48 45 47.09173 -0.037708282
p 49 46 47.252224 -0.15703201
p 50 47 47.432358 -0.013538361
p 49 48 47.49579 0.07052994
p 50 49 47.783596 0.0076065063
p 51 50 48.043392 0.09265518
p 52 51 48.47028 -0.1432457
p 51 52 49.034786 0.12112045
p 52 53 49.41192 -0.027254105
p 51 54 49.909073 -0.084215164
p 50 55 50.543976 0.040485382
p 50 56 51.066105 0.005458832
p 50 57 51.611637 -0.031917572
p 51 58 52.191437 0.052654266
p 52 59 52.67708 -0.04340744
p 53 60 53.23498 -0.074035645
p 54 61 53.843834 -0.3350811
p 53 62 54.32202 2.9094105
p 54 63 55.005733 3.5709076
p 53 64 55.73057 1.0258484
p 54 65 56.369183 -1.9728165
p 53 66 57.285606 -1.4082031
p 54 67 58.12217 1.7543869
p 53 68 58.983387 -3.6627235
p 52 69 60.106525 -5.063732
p 51 70 60.91063 -4.9575386
p 50 71 62.307995 -1.7587948
p 51 72 62.97998 -3.9066277
p 52 73 64.8995 -5.6111717
p 53 74 71.21804 0.08191681
p 54 75 71.49841 5.3318863
p 54 76 71.90361 3.4343414
p 55 77 72.593346 1.5943489
p 56 78 73.679794 -1.5053673
p 55 79 74.68489 2.6361275
p 54 80 75.58067 -1.122242
p 53 81 76.562904 -3.635109
p 52 82 77.38836 -3.7307663
p 51 83 78.72773 -2.0779533
p 52 84 79.898766 2.4378738
p 51 85 81.15136 -1.2059937
p 52 86 82.284904 -3.0885277
p 53 87 83.23558 0.36151886
p 52 88 85.33307 -3.1288567
p 51 88 89.32395 -1.2367783
p 50 89 90.06651 -1.33564
p 49 90 90.93697 0.25624847
p 50 91 92.306786 0.12565994
p 49 92 93.03535 -0.034244537
p 48 93 94.17306 0.13957977
p 49 94 94.92907 0.4026451
p 49 95 95.37665 -0.16944504
p 50 96 96.40665 0.94867325
p 50 97 97.300674 -2.1562538
p 49 98 99.24392 -0.5087776

c 17 4.430828
p 47 195 50.512775 -0.14553452
p 47 196 50.28952 0.20455551
p 48 197 49.897438 -0.015419006
p 48 198 49.44955 0.0017871857
p 49 199 49.19877 -0.10779762
p 50 200 48.72763 -0.17092133
p 51 201 48.379574 -0.018497467
p 51 202 48.1392 -0.14409637
p 52 203 47.967087 0.09439087
p 51 204 47.719322 0.057170868
p 52 205 47.407875 -0.15711975
p 53 206 47.327652 -0.09061241
p 53 207 47.171577 -0.039058685
p 54 208 47.113743 0.18951988
p 53 209 46.874134 -0.12921333
p 52 210 46.740288 -0.043491364
p 52 211 46.602505 0.029888153
p 52 212 46.602505 -0.062784195
p 51 213 46.571896 -0.009468079
p 51 214 46.434994 -0.14399338
p 51 215 46.335274 -0.015235901
p 50 216 46.29596 0.087566376
p 51 217 46.29596 0.0741539
p 50 218 46.261944 -0.003479004
p 51 219 46.2194 -0.03237915
p 51 220 46.2194 -0.02618599
p 50 221 46.192112 -0.12675285
p 50 222 46.171555 -0.035167694
p 49 223 46.12101 -0.092998505
p 48 224 46.096283 0.016548157
p 48 225 46.081947 0.030843735
p 49 225 46.081947 -0.12377739

c 18 66.904465
p 53 112 113.06782 0.33052444
p 54 111 112.068405 -1.1903877
p 55 110 111.04386 -1.1931458
p 56 109 110.01095 -1.7403259
p 57 108 108.90609 -2.3044128
p 58 107 107.60363 -0.76626587
p 59 108 106.48205 -0.7145424
p 60 107 104.57219 -0.011760712
p 61 106 103.546745 -0.4569435
p 62 105 102.23641 -1.2919502
p 63 105 98.704124 -5.1589737
p 64 104 94.94395 -8.652485
p 65 103 93.592094 -8.428463
p 66 102 91.7179 -4.6644974
p 67 101 90.90857 -7.9868126
p 68 100 89.80051 -6.88443
p 69 99 88.94601 -3.5194473
p 68 98 87.82613 1.4510727
p 69 97 86.92458 0.3282814
p 68 96 85.999596 -5.2785378
p 67 95 85.078094 -1.0543633
p 68 94 84.214005 -5.2169037
p 69 93 83.228645 -5.888752
p 68 92 82.29325 1.9158478
p 69 91 81.18014 -7.7832565
p 70 90 80.35342 -10.818554
p 71 89 79.56051 -3.224144
p 70 88 78.602394 -6.9508934
p 69 87 77.60466 -5.7665596
p 68 86 76.673 -4.9045486
p 69 85 75.77609 -5.75391
p 70 84 74.90269 -3.4702072
p 69 83 74.04099 -5.4533463
p 68 82 73.172714 -7.7397003
p 67 81 72.28853 -5.6852036
p 66 80 71.38669 -5.2263184
p 67 79 70.481575 -4.664917
p 68 78 69.611015 -4.5159416
p 67 77 68.71182 -3.9085732
p 66 76 67.80117 -5.721966
p 65 75 66.85803 -2.6307602
p 64 74 65.92377 -0.28065872
p 63 73 65.03349 -2.9748383
p 64 72 64.16244 1.2642899
p 63 71 63.304527 -2.977169
p 62 70 62.42438 -4.5366783
p 61 69 61.500187 -2.317749
p 60 68 60.631447 -1.288393
p 61 67 59.762478 1.4936295
p 60 66 58.89089 0.54452896
p 61 65 58.019554 0.9208069
p 60 64 57.15515 5.0882587
p 61 63 56.306202 3.2352085
p 62 62 55.485233 0.00944519
p 61 61 54.698265 -0.70710564
p 62 60 53.910133 -0.92274666
p 63 59 53.165325 -0.70617676
p 64 58 52.423836 -0.04907036
p 63 57 51.745514 0.047611237
p 64 56 51.060883 0.017425537
p 63 55 50.4584 0.047706604
p 62 54 49.880825 -0.16378212
p 63 53 49.318085 0.050870895
p 63 52 48.806103 -0.11574364
p 63 51 48.430775 0.06909561
p 62 50 47.977627 -0.037857056
p 61 49 47.78072 -0.11629486
p 60 48 47.56726 0.070913315
p 60 47 47.36202 -0.08183861
p 60 46 47.21335 -0.19063377
p 60 45 47.02178 -0.18435097
p 59 44 46.991276 -3.9863586E-4
p 59 43 46.76625 -0.047555923
p 59 42 46.73804 0.055051804
p 58 41 46.594547 -0.031230927
p 59 40 46.552467 -0.022274017
p 60 39 46.469177 -0.14223862
p 61 38 46.469177 0.017068863
p 61 37 46.445393 -0.09725189
p 62 36 46.39061 -0.10796738
p 63 35 46.39008 0.026227951
p 64 34 46.29104 -0.002199173
p 65 33 46.264095 0.023330688
p 64 32 46.22664 0.046417236
p 65 31 46.185997 -0.046121597
p 65 30 46.185997 -0.032409668
p 64 29 46.163353 -0.12337875
p 63 29 46.163353 0.04360199

c 19 35.89322
p 54 145 110.86173 -0.086071014
p 54 146 108.98732 -0.5647087
p 55 147 107.50895 -2.1646461
p 56 148 106.25339 -3.1299286
p 57 149 104.87396 -3.731041
p 58 150 103.618126 -1.3109474
p 57 151 102.582726 -2.3518753
p 56 152 101.69734 0.55527496
p 57 153 100.36787 -0.08289719
p 56 154 99.07639 0.5765228
p 57 155 97.62875 -1.8759346
p 58 156 96.24644 -3.7538795
p 59 157 95.07357 -3.1350098
p 60 158 93.99923 -0.7497406
p 61 159 92.94115 -1.1126709
p 62 160 91.72048 -1.9570923
p 63 161 90.64184 1.7823372
p 62 162 89.45337 -0.64056396
p 61 163 88.150024 -2.5152626
p 60 164 87.06443 -0.19456863
p 59 165 86.01263 -4.339344
p 60 166 84.835075 3.231022
p 60 167 84.34 1.9059219
p 59 168 80.63325 -2.32518
p 58 169 79.15522 1.6786461
p 57 170 77.56179 -2.1212769
p 56 171 76.30476 -1.586895
p 57 172 75.32892 1.2387848
p 56 173 74.96851 -1.9599266
p 57 173 74.96851 -0.4049225

c 20 15.504673
p 54 219 46.266186 -0.05031395
p 55 218 46.266186 -0.1641941
p 55 217 46.306084 -0.03741455
p 56 216 46.363422 0.05159378
p 57 215 46.379856 0.0153980255
p 58 214 46.44748 -0.059087753
p 58 213 46.6096 0.083631516
p 57 212 46.6096 -0.070308685
p 57 211 46.72523 -0.07424736
p 57 210 46.7608 -0.14404106
p 57 209 46.78944 -0.1359005
p 57 208 46.93225 -0.09053421
p 56 207 47.137516 -0.17421341
p 55 206 47.40454 0.055892944
p 56 205 47.539177 -0.12496948
p 56 204 47.689934 -0.047685623
p 57 203 47.956337 -0.2484436
p 58 202 48.20443 -0.03646469
p 59 201 48.562157 -0.11611557
p 60 200 48.90105 -0.0043201447
p 60 199 49.330276 0.16498566
p 61 198 49.70946 -0.061374664
p 62 197 50.23327 0.13853645
p 61 196 50.62629 -0.1000061
p 61 195 51.274307 0.07170105
p 62 194 51.861015 0.06530762
p 61 193 52.627422 5.0461063
p 60 192 53.365894 3.43573
p 59 191 54.151905 -1.5350399
p 60 190 54.95681 -4.746933
p 59 189 55.78224 -8.564514
p 58 188 56.70799 -10.63549
p 57 187 57.625774 -8.360622
p 56 186 58.70511 -4.521393
p 55 185 59.570274 -3.3349628
p 56 184 60.599434 2.6568184
p 55 183 61.77086 -2.688177

c 21 0.117046356
p 58 221 46.176384 -0.039632797
p 59 222 46.176384 -0.059345245
p 58 223 46.13966 -0.106357574
p 59 224 46.134327 -0.11483574
p 60 225 46.11484 -0.106378555
p 61 225 46.11484 -0.030582428
p 62 226 46.110374 -0.0359478
p 63 227 46.08241 -0.06455803
p 63 228 46.080765 0.095163345
p 63 229 46.059338 -0.037139893
p 64 230 46.059338 -0.06373978

c 22 23.133343
p 65 180 69.364876 -2.6893768
p 66 181 67.038025 -0.31902313
p 65 182 64.98759 1.2450066
p 66 183 63.731857 -7.3981934
p 67 184 62.14381 -9.483295
p 68 185 60.71938 -11.204338
p 69 186 59.653282 -9.449646
p 70 187 58.681007 -3.7201996
p 71 188 57.533985 -10.13763
p 72 189 56.57694 -8.586281
p 73 190 55.483143 -3.7558384
p 72 191 54.625793 6.745451
p 73 192 53.738678 3.4579735
p 74 193 53.00323 4.6694183
p 75 194 52.229805 -0.027210236
p 74 195 51.84999 0.020835876
p 73 196 51.265606 0.012090683
p 72 197 50.68758 0.010501862
p 71 198 50.245842 0.068870544
p 70 199 49.786507 0.023115158
p 70 200 49.23646 -0.28650665
p 71 201 48.93812 -0.026147842
p 72 202 48.64572 -0.09041405
p 71 203 48.182396 -0.18603134
p 72 204 47.841766 -0.01039505
p 72 205 47.63797 -0.06283188
p 73 206 47.499104 0.032640457
p 74 207 47.21596 -0.17450714
p 73 208 47.093018 -0.020812988
p 73 209 46.98358 -0.00532341
p 73 210 46.887005 -0.10139465
p 73 211 46.69197 -0.1945343
p 72 212 46.65543 -0.09059715
p 72 213 46.61137 -0.09279251
p 73 214 46.591915 -0.029693604
p 74 215 46.56141 0.070999146
p 75 216 46.448246 -0.016954422
p 75 217 46.326298 -4.9591064E-5
p 74 218 46.298103 -0.27337646
p 74 219 46.270065 -0.10103607
p 74 220 46.245266 -0.056102753
p 74 221 46.23735 -0.10526466
p 75 222 46.231533 0.01704216
p 74 223 46.231533 -0.20841408

c 23 22.360405
p 67 103 93.067184 -8.262253
p 68 104 94.31787 -9.905334
p 69 105 95.40082 -8.954742
p 70 106 96.60972 -8.615028
p 71 107 98.11833 -4.622864
p 70 108 100.15192 1.6438026
p 71 109 101.58402 -6.3428116
p 72 110 102.881645 -6.9867973
p 73 111 104.84335 -1.8622665
p 72 112 106.48883 -5.8426476
p 71 113 109.091545 -4.0737495
p 70 114 111.17628 -3.153492
p 69 115 114.175606 -0.02336502
p 70 116 115.42759 -0.6763611

c 24 52.35875
p 71 152 98.53318 -3.9771042
p 72 153 97.23688 -8.398663
p 73 154 96.01662 -6.9697723
p 74 155 94.87904 -8.478142
p 75 156 93.71454 -9.432587
p 76 157 92.40305 -9.033779
p 77 158 91.165695 -8.211563
p 78 159 89.93395 -7.78146
p 79 160 88.856834 -8.960274
p 80 161 87.72874 -4.3450966
p 79 162 86.35469 -8.690826
p 78 163 85.207664 -9.048782
p 77 164 84.16471 -9.437412
p 76 165 83.11561 -8.3854065
p 75 166 81.99684 -10.5917015
p 74 167 80.869934 -10.025391
p 73 168 79.85731 -5.2796516
p 74 169 78.89009 -9.4235
p 75 170 77.920525 -9.648937
p 76 171 76.9091 -8.962429
p 77 172 75.8406 -8.938316
p 78 173 74.79612 -8.407444
p 79 174 74.182594 -3.0343285
p 78 175 72.897156 0.5440407
p 79 176 71.93845 -6.841984
p 80 177 70.977104 -5.884159
p 81 178 69.94956 -7.2728767
p 80 179 68.86555 2.471733
p 81 180 67.83864 -6.7128677
p 82 181 66.74634 -5.917919
p 83 182 65.58839 -4.150589
p 82 183 64.421616 -7.3070755
p 81 184 63.44411 -3.2644234
p 82 185 62.47834 -3.1498146
p 83 186 61.541874 -2.5108452
p 84 187 60.581917 -0.85266876
p 83 188 59.531475 1.2197456
p 84 189 58.60111 -0.19629669
p 83 190 57.671925 0.9846039
p 84 191 56.7511 1.04706
p 85 192 55.835358 1.3576355
p 86 193 54.94772 3.919817
p 87 194 54.163254 0.14641762
p 87 195 53.37979 0.031129837
p 86 196 52.684376 -0.0051727295
p 87 197 51.917286 0.020189285
p 86 198 51.16685 -0.09815979
p 87 199 50.48661 0.030256271
p 87 200 49.953217 -0.14199638
p 87 201 49.405052 -0.13173103
p 86 202 48.89181 0.015270233
p 87 203 48.466053 0.032693863
p 86 204 48.076977 -0.05182457
p 86 205 47.743893 -0.0012607574
p 85 206 47.597523 -0.092609406
p 84 207 47.455395 0.1262989
p 85 208 47.096107 -0.35642624
p 86 209 47.074245 0.072813034
p 85 210 47.002155 -0.09494209
p 85 211 46.828266 -0.19194031
p 84 212 46.768913 -0.012969971
p 85 213 46.696003 -0.00954628
p 84 214 46.643856 0.0050621033
p 84 215 46.5172 -0.10815048
p 83 216 46.430145 -0.008544922
p 82 217 46.363636 0.011680603
p 83 218 46.24481 -0.033060074
p 83 219 46.20684 0.0718689
p 82 220 46.189552 0.018993378
p 83 221 46.17443 -0.019954681
p 84 221 46.17443 -0.0047912598

c 25 15.620071
p 71 152 98.53318 -3.7970734
p 72 151 99.752525 -8.791187
p 73 150 100.99077 -8.504627
p 74 149 102.46281 -3.3542252
p 73 148 103.5534 -6.586609
p 72 147 104.96581 -1.7743034
p 73 146 106.40036 -3.5318756
p 74 145 107.88375 -5.161133
p 75 144 109.42173 -3.9950562
p 76 143 111.27195 -1.3833847
p 75 142 112.70028 0.8675308
p 76 141 114.15325 -1.4384575

c 26 4.409668
p 72 57 50.508133 -0.19395828
p 73 56 50.25013 -0.0016155243
p 74 55 49.752453 -0.046302795
p 75 54 49.42216 -0.12423897
p 76 54 49.517445 0.085157394
p 77 53 49.004112 -0.11384201
p 78 52 48.65851 -0.06158638
p 77 51 48.3868 0.09898758
p 78 50 47.967144 -0.02081871
p 78 49 47.732693 -0.054307938
p 77 48 47.497635 -0.042043686
p 78 47 47.21462 -0.045757294
p 78 46 47.087856 -0.033050537
p 78 45 47.00598 -0.078359604
p 77 44 46.9482 -0.01634407
p 76 43 46.858692 0.06644249
p 75 42 46.71574 -0.057338715
p 76 41 46.62191 -0.2955284
p 77 40 46.591778 0.13053322
p 77 39 46.49887 -0.07862282
p 77 38 46.435024 -0.02030754
p 77 37 46.42985 -0.083106995
p 76 36 46.371185 -0.08541107
p 77 35 46.34275 -0.017690659
p 76 34 46.263165 -0.113554
p 76 33 46.212852 -0.07827568
p 76 32 46.198406 -0.07705498
p 77 31 46.198406 0.09955025
p 76 30 46.098465 -0.21263885
p 75 30 46.098465 -0.10909653

c 27 31.550835
p 72 90 80.50592 -5.5130196
p 73 91 81.54003 -3.9223976
p 72 92 83.18147 0.596817
p 73 93 87.25954 -2.9576187
p 74 94 89.75903 -2.8237877
p 75 95 91.53796 -1.1797981
p 76 96 93.05464 -1.4511948
p 75 97 94.45713 1.2151718
p 76 98 95.44254 0.34547806
p 75 99 96.51991 1.420002
p 76 100 97.60119 -0.096824646
p 77 101 98.7984 -0.35982132
p 78 102 99.70909 -1.3358917
p 79 103 100.652374 -1.8505402
p 80 104 101.90465 -1.1972733
p 79 105 102.9479 0.8615227
p 80 106 104.25459 0.52557373
p 79 107 105.6488 0.6717491
p 80 108 106.94689 0.27906418
p 79 109 108.16336 0.66272736
p 80 110 109.40615 0.81157684
p 79 111 110.85845 0.39460373
p 80 112 112.056755 0.20576477

c 28 16.920898
p 77 55 49.834137 -0.101249695
p 78 56 50.21882 -0.13954163
p 79 57 50.73298 -0.024801254
p 80 58 50.974987 -0.06660843
p 81 59 51.395855 -0.036128998
p 81 60 51.924618 -0.20038605
p 82 61 52.316963 -0.029378891
p 82 62 52.98797 -0.21544838
p 82 63 53.6176 -0.37167358
p 82 64 54.38718 0.11096001
p 81 65 55.367165 -6.1863594
p 80 66 56.34979 -8.977375
p 79 67 57.251957 -7.3000526
p 78 68 58.24646 -4.146757
p 79 69 59.056873 -4.190422
p 80 70 59.899956 -4.0173225
p 79 71 60.718895 3.7392235
p 80 72 62.23219 3.4653816
p 80 73 63.095802 10.658039
p 80 74 64.017784 4.1837273
p 81 75 65.43751 -3.5356178
p 80 76 66.755035 -1.1712723

c 29 3.4070778
p 85 54 49.64345 0.07219887
p 86 53 49.13674 0.0233078
p 87 52 48.70184 0.022125244
p 87 51 48.26508 0.07165146
p 88 50 47.935135 0.045562744
p 89 49 47.615902 -0.103630066
p 90 48 47.449997 0.0033473969
p 89 47 47.2364 0.0026378632
p 90 46 47.098705 -0.070961
p 91 45 46.983814 -0.012712479
p 90 44 46.847836 -0.14508438
p 91 43 46.73321 0.017051697
p 90 42 46.63837 -0.12401581
p 89 41 46.553967 -0.03414154
p 90 40 46.50668 -0.01753807
p 91 39 46.436577 -0.0888958
p 90 38 46.436577 0.012147903
p 91 37 46.40029 -0.010448456
p 92 36 46.335968 0.021141052
p 92 35 46.316326 -0.06815338
p 92 34 46.286827 -0.05313301
p 91 33 46.236374 -0.37633896
p 90 33 46.236374 -0.16321564

c 30 31.216312
p 85 54 49.64345 -0.005010605
p 86 55 50.21346 0.0589962
p 87 56 50.76618 -0.06519699
p 88 57 51.20534 -0.24072647
p 89 58 51.822334 -0.24372673
p 89 59 52.43556 -0.47741318
p 90 60 53.156727 -0.28437233
p 91 61 53.80988 -0.75234795
p 92 62 54.58166 1.1781006
p 93 63 54.829624 -3.1872234
p 92 64 56.039707 0.06827164
p 92 65 56.865322 -5.6843834
p 91 66 57.70988 -0.40098953
p 92 67 58.617455 -1.7040482
p 91 68 59.701756 3.0308266
p 92 69 60.58818 -2.8046532
p 91 70 61.622868 2.814003
p 92 71 62.527103 -4.939152
p 91 72 63.478664 -11.041786
p 90 73 64.598206 -9.415932
p 89 74 65.644684 -8.643799
p 88 75 66.64393 -9.403034
p 87 76 67.68428 -9.61903
p 86 77 68.72637 -6.533783
p 87 78 69.84048 -9.8761215
p 88 79 71.20298 -4.5208626
p 87 80 72.522026 -7.937458
p 86 81 74.33753 -5.1313896
p 87 82 75.714035 -6.378765
p 88 83 77.29624 -4.339878
p 87 84 80.859764 -0.09883118

c 31 64.76364
p 85 146 110.90131 -0.19710541
p 86 147 109.966 -0.14319229
p 87 148 108.968155 -0.63822556
p 86 149 108.049774 0.8564377
p 87 150 107.25825 0.8849335
p 88 151 105.92403 0.6730766
p 89 152 104.48936 0.47750473
p 90 153 103.540184 0.79579544
p 90 154 102.29784 -0.64385223
p 91 155 101.1446 -0.0025291443
p 90 156 99.99739 0.21469498
p 91 157 98.356926 -0.87768555
p 90 158 96.88232 -1.6006508
p 89 159 95.837425 0.21107101
p 90 160 94.62363 -1.3520699
p 89 161 93.5293 0.6357231
p 90 162 91.29605 -3.2238731
p 91 163 88.92773 -4.4718704
p 92 164 86.84466 -4.7042847
p 93 165 85.230736 -5.8601418
p 94 166 83.81653 -6.0380783
p 95 167 82.71588 -5.483864
p 96 168 81.4909 -3.4985313
p 95 169 80.46673 -1.7375984
p 96 170 79.17537 -7.2187576
p 97 171 78.206436 -3.2295952
p 96 172 76.99858 -4.9886055
p 95 173 76.11596 -5.321972
p 94 174 74.955246 -5.634842
p 93 175 73.95601 -5.663002
p 92 176 72.64606 -3.7279282
p 93 177 71.56681 3.3168411
p 92 178 70.57674 1.2848244
p 93 179 69.65649 2.6394997
p 92 180 68.693275 1.48423
p 93 181 67.62566 -1.4024925
p 94 182 66.75061 -4.411419
p 95 183 66.08247 -2.5554848
p 94 184 65.359566 2.374569
p 95 185 64.842926 1.5230064
p 94 186 64.34772 -0.45222473
p 94 187 63.841564 -0.25936127
p 94 188 63.519085 1.3820915
p 93 189 63.063786 -0.97151756
p 93 190 57.395306 -2.2144299
p 92 191 56.22223 0.9076004
p 91 192 55.42767 4.0798054
p 90 193 54.673634 0.0940876
p 91 194 53.912056 -0.39571
p 90 195 53.146446 -0.13441849
p 91 196 52.333775 -0.18782806
p 92 197 51.713634 0.039331436
p 92 198 51.124683 0.18450737
p 93 199 50.517395 -0.11692238
p 93 200 49.853485 0.030790329
p 92 201 49.285145 -0.12870407
p 92 202 48.72256 -0.045562744
p 92 203 48.418667 -0.055635452
p 92 204 48.118237 0.14133644
p 91 205 47.702034 -0.059095383
p 92 206 47.463936 0.11593819
p 93 207 47.251724 -0.21166801
p 93 208 47.251724 -0.12922478
p 93 209 46.982147 -0.21471596
p 94 210 46.878407 0.037433624
p 95 211 46.764618 -0.1121521
p 95 212 46.733585 -0.03219223
p 94 213 46.649555 0.036525726
p 93 214 46.578915 0.018058777
p 94 215 46.564114 -0.09897041
p 94 216 46.54943 0.01953125
p 95 217 46.47071 -0.10811615
p 95 218 46.399315 -0.09797859
p 95 219 46.343777 -0.10095978
p 95 220 46.32426 -0.09014702
p 96 221 46.284256 -0.0067195892
p 97 221 46.23969 -0.13708878
p 96 222 46.23969 -0.09119415
p 95 223 46.14122 -0.2859974
p 96 224 46.13767 -0.02935028
p 95 224 46.13767 0.0690155

c 32 49.15763
p 90 97 95.54002 -0.68685913
p 91 96 94.162285 -2.9189758
p 92 95 93.15801 -2.41074
p 93 94 92.59228 -1.3436165
p 94 93 91.803894 -0.7851181
p 95 93 86.674614 -6.5436516
p 96 92 84.11288 -8.510868
p 97 91 82.12453 -8.621571
p 98 90 80.78412 -5.355591
p 99 89 79.85116 -9.668571
p 100 88 78.929955 -9.169811
p 101 87 78.00378 -5.103298
p 100 86 77.0702 -8.151508
p 99 85 76.12455 -8.420517
p 98 84 75.18436 -5.077278
p 97 83 74.32091 -8.927097
p 96 82 73.3838 -7.7416763
p 95 81 72.40381 -5.2142487
p 96 80 71.43607 -6.4515114
p 97 79 70.50995 -3.71315
p 96 78 69.55826 3.4833221
p 97 77 68.600235 -0.768589
p 96 76 67.69444 -6.648361
p 95 75 66.78675 -6.9561424
p 94 74 65.87937 -10.3568535
p 95 73 64.97856 -8.743591
p 96 72 64.07573 -5.8633385
p 95 71 63.17716 -0.9734802
p 96 70 62.31504 -4.2529335
p 97 69 61.3983 -0.7697468
p 96 68 60.3623 -5.5578346
p 95 67 59.30033 -9.174374
p 96 66 58.138515 -7.5304947
p 97 65 56.913155 -4.2806835
p 98 64 55.786243 -3.432602
p 99 63 54.899204 1.0783901
p 100 62 54.133297 0.09508896
p 101 63 53.378986 1.5157547
p 102 63 52.753227 0.3522339
p 103 63 52.248524 -0.82097244
p 104 62 51.997616 4.6907616
p 105 61 51.676346 -0.002412796
p 106 60 51.26047 -0.031749725
p 107 59 50.83587 0.049123764
p 108 58 50.484413 0.0428524
p 109 57 50.08251 0.14046288
p 110 56 49.769333 0.061546326
p 111 55 49.466576 -0.069639206
p 112 54 49.190605 -0.1300087
p 113 53 48.645668 -0.19950104
p 114 52 48.43764 0.061306
p 115 51 48.195396 -0.08280563
p 116 50 47.978027 0.023607254
p 117 49 47.723953 0.009500504
p 116 48 47.483135 -0.09071922
p 116 47 47.209274 0.05052185
p 115 46 47.086727 0.06126976
p 116 45 47.021187 -0.042696
p 115 44 46.95134 -0.026107788
p 115 43 46.754265 -0.15653038
p 114 42 46.708298 -0.059350967
p 113 41 46.61747 -0.0065631866
p 114 40 46.560623 0.0063495636
p 115 39 46.560623 -0.03027916
p 116 38 46.51716 -0.22177696
p 117 37 46.505894 0.013402939
p 117 36 46.382393 -0.12134743
p 116 35 46.382393 -0.014032364
p 115 35 46.382393 -0.071969986

c 33 10.32753
p 94 191 56.73586 -1.2781506
p 95 192 54.061954 -0.7748165
p 96 193 53.279736 5.5498047
p 97 194 52.54959 -0.51268196
p 98 195 51.901215 -0.5437012
p 99 196 51.264122 -0.47260284
p 100 197 50.683647 -0.44332314
p 101 198 50.372982 -0.23381042
p 102 199 49.963547 0.07707977
p 102 200 49.577843 -0.22276878
p 103 201 49.174988 -0.0068683624
p 103 202 48.736904 -0.022766113
p 102 203 48.384518 0.050073624
p 103 204 48.02932 -0.05958748
p 103 205 47.834923 0.043596268
p 104 206 47.579453 0.012388229
p 103 207 47.158195 -0.11084747
p 103 208 47.145397 -0.06454849
p 103 209 46.99676 -0.011070251
p 102 210 46.829105 -0.07196045
p 101 211 46.818497 -0.013183594
p 100 212 46.818497 -0.0022583008
p 100 213 46.744076 -0.06881523
p 101 214 46.62953 -0.044389725
p 100 215 46.54779 0.049266815
p 101 216 46.532795 0.07752037
p 100 217 46.491318 -0.06333351
p 100 218 46.4645 -0.018222809
p 99 219 46.40833 -0.14261055
p 98 220 46.40833 -0.08348465

c 34 56.432987
p 94 191 56.73586 6.1254025
p 95 190 61.539852 -3.2852974
p 96 189 63.162422 -6.0078297
p 97 188 64.17497 -5.269943
p 98 187 64.89718 -6.200634
p 99 186 65.5961 -3.254734
p 100 185 66.004555 -1.6216927
p 101 184 66.52115 -2.7572784
p 100 183 67.18148 -2.6248398
p 99 182 67.962006 -2.931511
p 100 181 68.79455 -1.1515198
p 101 180 69.76319 -3.6599007
p 102 179 70.447395 -2.4889107
p 103 178 71.16007 -3.6629105
p 104 177 72.17657 -4.92474
p 105 176 73.244835 -3.7630615
p 106 175 74.39184 -1.6540031
p 107 174 75.159645 -2.2539673
p 108 173 75.800285 -1.9315147
p 107 172 76.671234 0.5656471
p 108 171 77.60457 -2.5408745
p 109 170 78.558266 -3.8304787
p 108 169 79.50151 2.3279495
p 109 168 80.39748 -4.647869
p 110 167 81.34529 -5.800251
p 111 166 82.326515 -4.6215363
p 112 165 83.16318 -2.4424782
p 111 164 83.91353 -2.1272774
p 110 163 85.0513 -5.3438454
p 109 162 86.2357 -5.2287407
p 108 161 86.738594 -3.6206741
p 107 160 87.52231 -3.3496246
p 108 159 88.559975 1.7139015
p 107 158 89.674965 2.5462112
p 108 157 90.603714 -0.47373962
p 109 156 91.291306 -7.138233
p 110 155 92.5259 -5.8622246
p 111 154 93.29704 -2.8390694
p 110 153 94.188286 -5.0545883
p 109 152 95.40309 -2.8488426
p 110 151 96.18939 3.322445
p 109 150 97.046684 -4.0634003
p 108 149 98.38199 -4.0807076
p 109 148 99.64643 1.9408531
p 108 147 103.32743 1.2193108
p 108 146 105.048615 -0.4917755
p 107 145 106.42789 -0.28392792
p 106 144 107.97524 -0.06449127
p 107 143 109.659096 -0.058677673
p 108 142 111.05509 -1.0248299
p 109 141 112.100464 -0.7369919
p 108 140 113.168846 1.1770058

c 35 0.4344368
p 98 32 46.154556 -0.08200073
p 98 33 46.154556 0.019769669
p 99 33 46.223385 0.032720566
p 100 34 46.22985 -3.1471252E-4
p 100 35 46.246063 -0.13430405
p 101 36 46.29844 0.045654297
p 102 37 46.372158 -0.13761139
p 103 37 46.40562 -0.1288662
p 104 38 46.451416 -0.073244095
p 104 39 46.451416 -0.040864944
p 105 40 46.510365 -0.15377045
p 106 41 46.588993 0.11195183

c 36 24.488426
p 98 70 62.538223 -4.9666786
p 99 71 63.44128 -5.8707733
p 100 72 64.613945 -8.855537
p 101 73 65.95879 -10.644379
p 102 74 67.438576 -5.6331406
p 101 75 69.29138 2.0688477
p 102 76 71.717285 -7.011017
p 103 77 73.78341 -4.9582825
p 104 78 76.34608 -1.0838509
p 103 79 78.41559 2.632248
p 104 80 79.7307 0.03211975
p 103 81 80.997185 0.9284973
p 104 82 82.39483 -2.0005913
p 105 83 85.0397 0.31368256
p 106 83 86.12362 1.1767883
p 107 84 87.02665 0.65586853

c 37 27.228783
p 99 91 81.77757 -7.79982
p 100 92 82.795166 -9.237236
p 101 93 83.78966 -8.540867
p 102 94 84.78806 -7.1704483
p 103 95 85.79976 -2.4475517
p 102 96 86.81824 0.5560112
p 103 97 87.752266 1.6442719
p 102 98 88.79535 -7.518505
p 101 99 90.02317 -8.304363
p 100 100 91.15106 -4.280628
p 101 101 93.046875 -6.3954544
p 102 102 97.33062 -3.8389587
p 103 103 99.86802 -2.2684174
p 102 104 100.533195 -5.243679
p 101 105 101.2307 -5.3471336
p 100 106 102.011055 -1.5714722
p 101 107 103.02575 1.7562408
p 100 108 104.17317 -0.17012405
p 101 109 105.82988 -0.027275085
p 100 110 107.649055 -3.2239838
p 99 111 109.006355 -1.4822159

c 38 14.525566
p 103 102 99.74228 -1.6317139
p 104 103 100.525055 -3.5901108
p 105 104 101.31887 -4.4600296
p 106 105 102.1364 -4.7112885
p 107 106 102.90737 -3.023037
p 106 107 103.79125 0.19233322
p 107 108 104.896706 -5.4958153
p 108 109 106.14854 -5.039257
p 109 110 107.32446 -4.074604
p 110 111 108.524574 -3.9875488
p 111 112 109.558136 -1.959671
p 112 113 110.944046 -4.7444725
p 113 114 112.37673 -3.1485443
p 114 115 114.267845 -2.8359756

c 39 51.735073
p 106 61 51.646244 -0.08190155
p 107 62 52.14559 -0.07157326
p 107 63 52.33366 0.8075886
p 108 64 53.53855 2.4416866
p 108 65 54.46138 -3.1096745
p 109 66 55.3341 -3.4971848
p 108 67 56.27362 5.4457664
p 109 68 57.181713 -5.231739
p 110 69 59.089035 -0.7501259
p 110 70 65.76066 0.58145905
p 111 71 66.43156 0.39931488
p 112 72 67.09497 -1.573597
p 113 73 68.21004 -2.4084167
p 114 74 69.439735 -2.4528046
p 115 75 70.69415 0.7878227
p 116 76 71.73454 -3.0636368
p 115 77 72.99945 -3.0712967
p 114 78 73.96549 1.3033371
p 113 79 75.05586 -3.5888062
p 114 80 76.088844 -1.2928047
p 115 81 77.07564 -2.8255157
p 114 82 78.07434 0.7775078
p 115 83 79.1421 -3.9906654
p 116 84 80.22419 -3.3252983
p 117 85 81.310844 -2.7691422
p 116 86 82.54332 -4.9564896
p 115 87 83.36645 -4.175461
p 114 88 84.22723 -2.6537247
p 115 89 85.36158 -6.069336
p 116 90 86.43782 -6.2680664
p 117 91 87.54575 -4.0981636
p 118 92 88.857155 -5.9265823
p 119 93 90.560684 -4.6087646
p 120 94 91.804695 -4.4407845
p 121 95 92.995094 -2.3646774
p 120 96 94.93541 2.6508255
p 121 97 96.896126 1.6951141
p 120 98 98.33162 0.5786476
p 121 99 100.34615 0.24259186
p 120 100 102.13279 0.064151764
p 121 101 103.38132 -1.0651779

c 40 3.9955292
p 108 197 50.227757 -0.08157539
p 108 198 50.03611 -0.16028214
p 109 199 49.78859 -0.08258629
p 109 200 49.174046 -0.084257126
p 109 201 48.914375 0.032722473
p 110 202 48.576103 -0.28310966
p 111 203 48.352577 -0.1577568
p 111 204 48.051952 -0.20537758
p 111 205 47.617104 -0.47857666
p 112 206 47.511963 -0.093948364
p 112 207 47.38503 -0.08698082
p 111 208 47.18633 -0.072517395
p 110 209 47.12187 -0.035520554
p 110 210 47.04524 0.003868103
p 109 211 46.87883 0.018075943
p 109 212 46.828037 -0.08011055
p 109 213 46.714443 0.017450333
p 108 214 46.618793 0.01861763
p 109 215 46.558376 0.03364563
p 109 216 46.558376 -0.018489838
p 108 217 46.489174 -0.07101059
p 109 218 46.458908 -0.02538681
p 109 219 46.396084 -0.08510208
p 110 220 46.33017 -0.15772438
p 111 221 46.297565 -0.09165192
p 112 222 46.297565 0.0765152
p 111 223 46.232227 -0.14739609
p 112 224 46.232227 -0.09167862

c 41 18.516766
p 113 183 64.67591 0.52459335
p 114 184 63.418198 -6.806946
p 115 185 62.320637 -7.606964
p 116 186 61.156902 -1.2216263
p 117 186 60.106358 -0.33010292
p 118 187 58.58475 -4.5245094
p 119 188 57.66644 -6.559763
p 118 189 56.80065 -7.320305
p 117 190 55.938423 -4.4831104
p 118 191 55.081093 7.4762173
p 117 192 54.240784 3.641243
p 116 193 53.476734 5.470949
p 115 194 52.757847 0.040071487
p 116 195 51.957497 -0.050411224
p 117 196 51.342705 0.02202034
p 118 197 50.851086 -0.07262993
p 117 198 50.28121 0.029323578
p 118 199 49.74843 -0.22201538
p 119 200 49.2724 -0.08580971
p 119 201 48.785583 -0.06458092
p 119 202 48.422764 0.16213036
p 118 203 47.92158 -0.011013031
p 118 204 47.84962 0.04843712
p 119 205 47.425003 -0.14162636
p 120 206 47.36323 0.08829117
p 121 207 47.27308 -0.011716843
p 120 208 47.10229 0.017839432
p 121 209 47.067703 0.055797577
p 122 210 46.922432 -0.07156181
p 121 211 46.8191 0.004793167
p 122 212 46.67629 0.01744461
p 122 213 46.582153 -0.03603363
p 123 214 46.5812 -0.113529205
p 124 215 46.48098 -0.08193207
p 123 216 46.417835 0.08011246
p 123 217 46.41271 0.063409805
p 124 218 46.361588 -0.008476257
p 125 219 46.319267 -0.011955261
p 124 220 46.319267 -0.04440117
p 125 221 46.296257 -0.14097786
p 126 222 46.2779 -0.023324966
p 127 223 46.273277 -0.111572266
p 128 224 46.266014 -0.019571304
p 128 225 46.25536 0.020490646
p 129 226 46.159145 -0.054172516
p 130 227 46.159145 -0.01035881

c 42 17.913082
p 118 167 78.824585 -5.3936043
p 119 168 77.25871 -8.818596
p 120 169 76.43989 -8.286346
p 121 170 75.11697 -8.170708
p 122 171 74.21161 -6.637165
p 123 172 73.025856 -4.1389236
p 122 173 71.98154 -0.21394348
p 123 174 71.07851 -6.9998055
p 124 175 70.195244 -4.7972755
p 123 176 69.13188 2.5277138
p 124 177 68.13315 5.013195
p 123 178 67.24902 3.7406807
p 124 179 66.25186 0.5539818
p 123 180 65.238174 -5.5546227
p 122 181 64.33546 -7.187008
p 121 182 63.572674 -7.1486473
p 120 183 62.544113 -6.5247536
p 119 184 61.699596 -7.8745766
p 118 185 60.911503 -6.4172897

c 43 31.024681
p 118 167 78.824585 -3.3432236
p 119 166 79.47807 -7.7116776
p 120 165 80.51769 -8.774017
p 121 164 81.61723 -5.303005
p 120 163 82.7691 2.1371803
p 121 162 83.83731 -7.8641243
p 122 161 85.162834 -5.1231804
p 121 160 86.38707 -8.684788
p 120 159 87.72945 -3.817852
p 121 158 89.019485 -7.6841354
p 122 157 90.4572 -3.2533379
p 121 156 91.30621 -7.842312
p 120 155 93.01076 -3.1217728
p 121 154 94.45291 -6.1787148
p 122 153 96.49065 -2.0654411
p 122 152 100.22236 -0.73093414
p 121 151 102.08842 1.0181274
p 122 150 103.13971 -0.5659065
p 123 149 103.96839 -2.4121017
p 124 148 104.77841 -1.041481
p 125 147 105.96423 -0.29640198
p 124 146 107.11936 -2.7951355
p 123 145 108.688934 -2.2125282
p 122 144 109.849266 -0.8946991

c 44 13.551819
p 128 68 59.720413 -4.514719
p 129 67 58.655697 -5.28376
p 130 66 57.7424 -3.8259125
p 129 65 56.84125 3.087677
p 130 64 55.94861 1.1847477
p 131 63 55.062347 0.02596283
p 130 62 54.19571 2.9231415
p 131 61 53.3001 -0.0880146
p 130 60 52.70213 0.1645279
p 131 59 51.980892 0.05591774
p 130 58 51.311703 -0.21006203
p 130 57 50.65143 0.059539795
p 130 56 50.03003 0.041389465
p 131 55 49.43717 0.12670326
p 132 54 48.846603 -0.2115612
p 133 53 48.533447 0.01676941
p 134 52 48.147694 0.009534836
p 133 51 47.759293 -0.035936356
p 134 50 47.49411 0.14838219
p 133 49 47.338924 -0.109846115
p 133 48 47.16462 -0.058589935
p 134 47 47.071636 -0.03576851
p 135 46 46.953606 -0.061141968
p 136 45 46.866318 0.0721035
p 136 44 46.814644 0.03537941
p 136 43 46.705887 -0.16399765
p 136 42 46.66524 -0.13960075
p 135 41 46.659576 0.030176163
p 134 40 46.571552 -0.07136536
p 134 39 46.55578 -0.05354309
p 135 38 46.45577 -0.11584282
p 135 37 46.330273 -0.15964317
p 134 36 46.330273 0.027927399
p 135 35 46.290783 -0.08695412
p 136 34 46.2761 -0.056955338
p 137 33 46.198757 -0.024568558
p 138 33 46.181976 -0.06319046
p 139 32 46.168594 0.040287018
p 140 32 46.168594 -0.013137817
p 140 33 46.168873 -0.09460831
p 141 34 46.21482 -0.019008636
p 142 35 46.23245 -0.13946342
p 142 36 46.25685 -0.055986404

c 45 54.3479
p 128 68 59.720413 -3.105919
p 129 69 60.50742 -4.4021454
p 130 70 61.371 -4.639019
p 131 71 62.32922 -0.42741203
p 130 72 63.2419 1.6449242
p 131 73 64.241974 0.9798279
p 130 74 65.150856 -5.5112915
p 129 75 66.05311 -4.353981
p 128 76 66.97035 -4.9393044
p 129 77 67.86905 -3.8940392
p 130 78 68.84087 -4.9039574
p 129 79 69.65676 -4.4565773
p 128 80 70.708275 -4.4676056
p 129 81 71.68419 -0.44027328
p 130 82 72.81264 -8.058777
p 131 83 73.574 -7.8957825
p 132 84 74.486534 -7.354065
p 133 85 75.56204 -3.4464912
p 132 86 76.753624 -5.857979
p 131 87 77.80989 -6.9264297
p 130 88 78.91004 -0.09764099
p 131 89 79.795364 -6.621605
p 132 90 80.71765 -8.856697
p 133 91 81.76724 -8.099667
p 134 92 82.79742 -4.3376236
p 133 93 83.73896 3.7718697
p 134 94 84.751564 -6.398716
p 135 95 85.84274 -8.343872
p 136 96 86.93917 -6.0252533
p 135 97 88.24145 3.0911674
p 136 98 89.423256 -7.2451935
p 137 99 90.55272 -4.070835
p 136 100 91.69355 -0.56687164
p 137 101 93.07193 0.58714676
p 136 102 94.1579 -7.4167137
p 135 103 95.337944 -7.908184
p 134 104 96.71261 -3.5960274
p 135 105 98.08465 -7.471977
p 136 106 99.45314 -3.7703514
p 135 107 100.85233 -5.818512
p 134 108 102.46477 -2.1812057
p 135 109 104.14445 -0.033676147
p 134 110 105.66894 0.1669159
p 135 111 107.406525 0.69052887
p 134 112 108.894104 0.29561234
p 135 113 110.554184 1.1296234
p 134 114 112.48553 -2.3976173
p 133 115 114.06831 -1.5436325

c 46 1.8135948
p 129 202 48.403854 0.019750595
p 130 203 48.0488 5.950928E-4
p 130 204 47.761253 0.06219101
p 131 205 47.526207 -0.1560173
p 132 206 47.278248 -0.21629333
p 133 207 47.049 0.11468315
p 134 208 46.979042 -0.028030396
p 135 209 46.91841 -0.029039383
p 134 210 46.763416 0.010719299
p 134 211 46.690987 -0.049139023
p 134 212 46.60912 -0.06890106
p 135 213 46.59026 -0.0022239685
p 136 213 46.59026 -0.09457016
p 137 212 46.617756 -0.10214615
p 138 211 46.823257 0.11598396
p 139 210 46.880566 -0.05337906
p 139 209 46.945587 -0.065301895
p 138 208 47.03895 -0.13221931
p 138 207 47.06143 -0.1083374

c 47 63.31122
p 129 202 48.403854 0.032474518
p 130 201 48.77154 -0.1519928
p 131 200 49.192516 0.012336731
p 132 199 49.570057 0.15714073
p 131 198 49.907944 -0.02517891
p 131 197 50.267326 -0.007686615
p 132 196 50.851418 -0.18342781
p 133 195 51.347942 0.13973427
p 134 194 51.949127 0.13277435
p 135 193 52.628124 5.418873
p 136 192 53.39041 1.147644
p 137 191 54.179535 -0.1376419
p 138 190 54.96902 -1.7168579
p 137 189 55.775337 -4.2739296
p 138 188 56.66249 -0.4093666
p 137 187 57.769466 -3.7136383
p 136 186 58.71923 -4.622616
p 135 185 59.734333 -5.986931
p 134 184 60.734814 -6.039322
p 133 183 62.17317 -6.3776436
p 132 182 63.237885 -4.7588253
p 133 181 64.15886 -8.822048
p 134 180 65.35494 -8.458725
p 135 179 66.27142 -5.6682854
p 136 178 67.76685 -5.7595634
p 135 177 71.15947 2.0452232
p 135 176 74.019066 1.6372375
p 134 175 74.99253 1.1003494
p 133 174 76.3753 -2.932396
p 132 173 78.218216 -3.2444267
p 131 172 80.5064 -2.0984726
p 131 171 83.1205 -0.6341667
p 132 170 83.665825 -1.0216217
p 133 169 84.6905 -1.3689117
p 134 168 85.8396 -0.78637314
p 133 167 86.81288 3.2556229
p 134 166 87.848755 1.1085739
p 133 165 88.62156 0.98124313
p 134 164 89.63641 1.4091492
p 133 163 91.34956 1.1385078
p 134 162 92.551125 -0.85004425
p 133 161 93.68279 0.33794785
p 132 160 94.72815 -1.067379
p 133 159 95.91513 -1.577507
p 134 158 96.974205 -1.0414848
p 135 157 98.156975 -0.9415436
p 134 156 99.33795 0.60673904
p 133 155 100.50717 -0.59724426
p 132 154 101.52669 -0.3922348
p 131 153 102.578674 -0.37996292
p 130 152 103.50732 -0.35194397
p 131 151 104.95182 -0.012065887
p 132 150 105.83291 -0.3274498
p 131 149 106.87818 0.77433395
p 132 148 107.74217 0.0207901
p 131 147 108.717575 0.45970917
p 132 146 109.90972 -0.4314537
p 133 145 110.8452 -0.3595581
p 134 144 111.71507 -0.5553856

c 48 56.59946
p 140 150 102.69719 -0.26461792
p 141 151 101.1895 -1.5145264
p 142 152 99.99385 -0.18691254
p 141 153 98.735794 1.0220375
p 142 154 97.551056 1.5453453
p 141 155 96.38671 -0.9582672
p 142 156 95.30898 2.1313934
p 141 157 94.290405 -1.6921806
p 140 158 93.055916 -1.8341331
p 141 159 91.76217 0.9846611
p 140 160 90.66001 1.6654091
p 141 161 89.44948 1.0693932
p 140 162 88.288864 1.7705612
p 141 163 87.160995 -0.609478
p 142 164 86.04742 -1.4293098
p 143 165 85.05791 0.18792343
p 144 166 84.2006 -1.6037445
p 143 167 83.34005 1.4556503
p 144 168 82.62854 0.50432587
p 145 169 81.93946 0.68052673
p 146 170 81.30466 1.0367126
p 147 171 80.75667 1.1028976
p 148 172 80.35415 3.236599
p 148 173 80.19353 4.1280746
p 148 174 76.054474 -0.051467896
p 147 175 69.95185 -4.347061
p 146 176 69.06874 -2.2701569
p 147 177 68.03626 1.9127502
p 146 178 66.824585 -3.1084328
p 145 179 66.07189 1.2516136
p 144 180 65.34817 -4.2825623
p 145 181 64.2118 0.08534622
p 146 182 63.401764 -3.8306923
p 147 183 62.610832 -5.8721886
p 148 184 61.751232 -6.2805405
p 149 185 60.765682 -5.2577133
p 150 186 59.57758 -1.9870052
p 149 187 58.661594 -4.5521774
p 148 188 57.84084 -5.8292274
p 147 189 57.052963 -6.1431293
p 148 190 56.16406 -4.9990864
p 149 191 55.340015 -1.4011059
p 150 192 54.534374 0.031881332
p 149 193 53.73466 3.8214931
p 150 194 52.98451 -0.8296261
p 151 195 52.327354 0.13999939
p 150 196 51.63208 -0.09893799
p 149 197 50.95283 -0.08752632
p 148 198 50.373325 0.11147499
p 147 199 49.83167 -0.003955841
p 146 200 49.313557 0.019798279
p 147 201 48.796795 -0.15829086
p 147 202 48.393326 -0.24990463
p 146 203 48.07002 0.0914402
p 147 204 47.733936 -0.19879723
p 148 205 47.4694 -0.07242966
p 149 206 47.226147 -0.06842041
p 150 207 47.08455 -0.010574341
p 149 208 47.02809 -0.10769272
p 148 209 46.970642 -0.11012077
p 147 210 46.751144 -0.15100288
p 148 211 46.74099 -0.11008263
p 149 212 46.62547 -0.075344086
p 149 213 46.62547 -0.058408737
p 149 214 46.50302 0.029554367
p 148 215 46.47621 0.13499832
p 149 216 46.4144 0.0011062622
p 149 217 46.358204 -0.129879
p 148 218 46.30485 -0.028495789
p 147 219 46.28018 -0.11496925
p 146 220 46.264305 0.076560974
p 146 221 46.256756 -0.06412697
p 147 222 46.256756 -0.06918335
p 147 223 46.236603 -0.11336899
p 146 224 46.172905 -0.2347126
p 147 225 46.16363 -0.065885544
p 148 225 46.121254 -0.020879745
p 148 226 46.121254 -0.0822258
p 148 227 46.09773 0.0015773773
p 148 228 46.09773 -0.089250565

c 49 6.595459
p 141 60 52.728493 0.0462265
p 142 59 52.0 -0.1315422
p 143 58 51.299206 -0.22062874
p 144 57 50.720184 0.06811142
p 144 56 49.963726 -0.15856361
p 145 55 49.406445 0.0056877136
p 144 54 48.98448 -0.1467495
p 143 53 48.564987 0.0032997131
p 143 52 48.220737 0.08099747
p 144 51 47.86206 -0.0427742
p 145 50 47.65498 0.008966446
p 146 49 47.39883 -0.050779343
p 145 48 47.204258 -0.07398033
p 146 47 47.003582 0.055664062
p 145 46 46.9033 -0.19719315
p 144 45 46.84617 -0.047086716
p 145 44 46.735233 0.016849518
p 145 43 46.73165 -0.07385063
p 145 42 46.631104 -0.069402695
p 146 41 46.5573 0.059720993
p 146 40 46.5573 0.029657364
p 145 39 46.475723 -0.0035686493
p 146 38 46.339592 -0.15550613
p 145 37 46.293507 -0.09277725
p 145 36 46.292892 0.054014206
p 146 35 46.268387 -0.11627197
p 146 34 46.256233 -0.1516552
p 145 33 46.19113 -0.1256485
p 144 32 46.19113 0.026472092
p 144 31 46.133034 -0.01133728
p 145 30 46.133034 -0.12836647

c 50 58.3937
p 141 60 52.728493 -0.67458344
p 142 61 53.469994 -0.95542526
p 143 62 54.255116 0.9287739
p 144 63 55.128384 0.53344727
p 143 64 56.191494 -1.581358
p 142 65 56.9806 -3.7820244
p 141 66 57.85755 -3.6462574
p 142 67 58.776 -3.7716408
p 143 68 59.713554 -4.387562
p 144 69 60.696415 -2.001976
p 145 70 61.64539 -7.597946
p 146 71 62.52823 -8.121872
p 147 72 63.43778 -6.4415894
p 148 73 64.46904 -4.5649147
p 147 74 65.48678 -6.2377815
p 146 75 66.514275 -8.794079
p 145 76 67.8392 -4.26997
p 146 77 68.682495 -7.774597
p 147 78 69.57905 -8.415905
p 148 79 70.90035 -13.118458
p 147 80 71.67983 -12.324593
p 146 81 72.69072 -6.054432
p 147 82 73.86609 0.59828186
p 146 83 74.73151 -10.209141
p 145 84 75.80629 -9.271988
p 144 85 76.787926 -9.103962
p 143 86 77.995964 -5.2943115
p 144 87 78.978035 4.3112335
p 143 88 80.019066 -9.723152
p 142 89 81.08522 -10.109608
p 141 90 82.270386 -5.5242233
p 142 91 83.503174 1.6407318
p 141 92 84.7086 0.5762367
p 142 93 86.10057 -8.816128
p 143 94 87.47295 -8.642567
p 144 95 88.545296 -9.14212
p 145 96 89.73489 -7.5500145
p 146 97 91.46504 -8.099621
p 147 98 92.49811 -7.62315
p 148 99 94.01415 -2.4798012
p 147 100 95.53716 0.595253
p 148 101 96.87952 0.87183
p 147 102 98.456116 -5.58757
p 146 103 99.75547 -5.683502
p 145 104 101.54091 -0.50191116
p 146 105 103.412346 -4.698509
p 147 106 105.01034 -3.777588
p 148 107 106.20522 -1.5516891
p 147 108 107.98908 1.5395508
p 148 109 110.399704 0.6445732
p 148 110 111.12219 0.1943512

c 51 27.197495
p 148 163 87.79163 -0.7215996
p 149 162 88.57148 0.4374771
p 150 161 89.36613 -0.7530136
p 151 160 90.44607 1.1015625
p 152 159 91.12919 1.0104332
p 153 158 92.08198 -1.6610947
p 154 157 93.022835 -2.6950188
p 155 156 93.952866 0.13116837
p 156 155 94.99265 -1.9322777
p 155 154 95.919395 1.3191872
p 156 153 96.87826 -1.1587181
p 157 152 97.94631 -1.4867363
p 158 151 98.638115 -2.2280464
p 159 150 99.52657 -1.8994102
p 158 149 100.98613 3.0876503
p 159 148 101.76751 -0.4619789
p 158 147 103.38728 2.6542091
p 159 146 105.15449 0.7231064
p 159 145 107.24561 0.5547142
p 158 144 109.2004 0.2829361
p 157 143 111.027725 0.35152435
p 156 142 112.06241 -0.11031723
p 155 141 112.97164 -1.2865143
p 154 140 114.98913 -0.023036957

c 52 24.707226
p 150 81 71.078316 -7.2069435
p 151 80 70.13931 -6.67136
p 152 79 69.136314 -6.2589836
p 153 78 68.12671 -3.8556328
p 152 77 67.17322 1.0080757
p 153 76 66.26569 -5.4731636
p 154 75 65.37808 -6.7534523
p 155 74 64.49775 -5.865059
p 156 73 63.60852 -2.9304771
p 155 72 62.70518 4.47876
p 156 71 61.786465 0.43580627
p 155 70 60.85341 -2.816307
p 154 69 59.925606 -2.0687199
p 155 68 59.056896 3.9259644
p 154 67 58.244404 0.41313934
p 155 66 57.26361 1.6863441
p 154 65 56.587265 0.737957
p 155 64 55.649033 6.1228523
p 154 63 54.80077 2.962658
p 153 62 53.99701 5.164648
p 152 61 53.253086 0.12386322
p 151 60 52.502487 0.030601501
p 152 59 51.818825 -0.09337807
p 153 58 51.224335 -0.18904877
p 154 57 50.627182 0.05957222
p 155 56 49.996975 -0.018537521
p 156 55 49.418625 0.039945602
p 156 54 48.930584 0.09595871
p 156 53 48.460983 0.02126503
p 157 52 48.089867 -0.03780365
p 157 51 47.707527 0.02155304
p 157 50 47.587334 0.087646484
p 156 49 47.43279 0.029912949
p 157 48 47.239132 -0.09096527
p 158 47 47.09466 -0.16056633
p 159 46 46.968403 -0.05987358
p 160 45 46.91577 -0.03714943
p 161 44 46.775658 -0.14309883
p 162 43 46.703598 -0.13891411
p 163 42 46.648407 -0.3199253
p 164 41 46.596504 -0.1129837
p 165 40 46.573647 -0.14994049
p 166 39 46.477005 -0.24283981
p 165 38 46.471706 0.035985947
p 164 37 46.428246 -0.09916115
p 164 36 46.37109 -0.08234215
p 164 35 46.37109 -0.16012383

c 53 37.172493
p 150 81 71.078316 -5.0120964
p 151 82 71.9834 2.239128
p 150 83 72.969284 0.78271484
p 151 84 73.94336 -6.2512474
p 152 85 74.842316 -8.754002
p 153 86 75.7268 -9.762894
p 154 87 76.65218 -7.5966225
p 155 88 77.59175 -5.297119
p 154 89 78.496254 -7.421509
p 153 90 79.4271 -4.670742
p 154 91 80.479454 -6.9296913
p 155 92 81.852486 -7.992935
p 156 93 82.73065 -4.630474
p 155 94 83.61801 2.887352
p 156 95 84.78305 5.513294
p 155 96 85.662315 0.9629593
p 156 97 86.66992 0.86156464
p 155 98 87.71924 -7.8881073
p 154 99 88.76291 -4.404705
p 155 100 90.25364 -6.223049
p 156 101 91.145485 -7.902031
p 157 102 92.24217 -9.359291
p 158 103 93.4885 -8.178234
p 159 104 96.116 -5.268017
p 160 105 97.45035 -5.4079056
p 161 106 98.89007 -6.3470306
p 162 107 100.0919 -2.8952599
p 161 108 100.93643 0.18259048
p 162 109 102.72846 1.2211342
p 161 110 103.76235 -1.0453491
p 162 111 105.03696 -5.7857704
p 163 112 106.43067 -2.9542503
p 164 113 108.25081 0.23514557

c 54 1.5288773
p 151 52 48.0654 -0.11081886
p 152 51 47.747204 0.015798569
p 152 50 47.64524 0.097011566
p 153 49 47.55359 0.04407692
p 153 48 47.284317 -0.043518066
p 153 47 47.188393 0.043613434
p 152 46 46.987442 -0.07716751
p 152 45 46.821205 -0.04084778
p 152 44 46.821205 -0.122369766
p 153 43 46.7301 0.044324875
p 154 42 46.63583 -0.36850357
p 155 41 46.60982 -0.018938065
p 156 40 46.56875 -0.14923668
p 157 40 46.536522 -0.029203415
p 158 40 46.536522 -0.105825424

c 55 68.31154
p 151 224 46.164036 -0.015506744
p 152 223 46.164036 -0.023937225
p 153 223 46.167305 -0.00554657
p 154 222 46.19478 -0.05632019
p 155 222 46.19478 -0.08440781
p 156 222 46.197094 -0.10033226
p 157 221 46.226337 -0.09697914
p 158 221 46.226337 -0.1510868
p 159 220 46.302273 -0.05816078
p 159 219 46.320396 -0.096847534
p 160 218 46.41244 0.026081085
p 159 217 46.450546 -0.12850189
p 158 216 46.459606 -0.107975006
p 157 215 46.513557 -0.20750046
p 156 214 46.539753 -0.055015564
p 155 214 46.539753 -0.28029442
p 156 213 46.659832 -0.037929535
p 157 212 46.659832 -0.15564919
p 156 211 46.728115 -0.06295204
p 156 210 46.88883 0.01720047
p 157 209 46.957237 -0.03394127
p 157 208 47.088512 0.14162636
p 156 207 47.18109 -0.1427784
p 155 206 47.312744 -0.04201889
p 156 205 47.62127 -0.0406456
p 155 204 47.845142 0.19566154
p 156 203 48.103226 -0.017498016
p 157 202 48.392235 0.013959885
p 158 201 48.869175 0.118759155
p 157 200 49.248936 0.044769287
p 157 199 49.776882 -0.02450943
p 158 198 50.347248 -0.027765274
p 158 197 50.83916 0.087976456
p 159 196 51.310352 0.09673309
p 160 195 51.698284 -0.26960564
p 161 194 51.950768 -0.48822975
p 162 193 52.42658 1.5639954
p 163 192 53.078175 -5.8117027
p 164 193 53.9044 5.5263443
p 165 192 54.78144 2.7151833
p 166 191 55.71769 1.8597775
p 165 190 56.65624 -3.3233242
p 166 189 57.61207 -1.1479874
p 165 188 58.661304 -3.817728
p 166 187 59.60663 -3.0462112
p 167 186 60.994904 -3.5388813
p 166 185 62.051113 -5.612114
p 165 184 63.02937 -2.9331017
p 166 183 64.00733 -1.0051041
p 165 182 65.06274 -5.6109467
p 164 181 66.23403 -5.2537766
p 165 180 67.29831 1.050354
p 164 179 68.39789 -7.093132
p 163 178 69.5155 -7.037155
p 162 177 70.6265 -2.5712585
p 163 176 71.458954 -8.020958
p 164 175 72.474365 -4.433365
p 163 174 73.51165 2.8749123
p 164 173 74.57978 0.06618881
p 163 172 75.87127 4.6353264
p 164 171 77.07699 -9.375984
p 165 170 78.32837 -9.021214
p 166 169 79.20941 -5.120533
p 165 168 80.27491 1.1282654
p 166 167 81.451385 2.7044525
p 165 166 82.7886 -4.7560234
p 164 165 83.88938 -7.502083
p 163 164 85.04263 -7.888756
p 162 163 86.391716 -3.468956
p 163 162 87.623085 -7.728882
p 164 161 88.72641 -8.671066
p 165 160 89.84879 -8.343994
p 166 159 91.44665 -2.6775055
p 165 158 92.722374 -5.8153763
p 164 157 94.09265 -6.9302025
p 163 156 95.48611 -6.073349
p 162 155 96.88358 -6.0216904
p 161 154 98.252914 -4.8146515
p 162 153 99.76241 -6.355892
p 163 152 101.19354 -4.731247
p 164 151 102.96003 -1.1319847
p 163 150 104.6693 0.68048096
p 164 149 105.96907 -1.1637421
p 165 148 107.148476 -0.9834175
p 166 147 108.33742 -0.27921677
p 165 146 109.615 -0.8906517
p 164 145 110.68028 -1.5684433
p 165 144 111.4374 -1.3335075
p 166 143 112.51578 -0.79174423
p 167 142 113.54 -1.1869392
p 168 141 114.47557 -0.7852211

c 56 24.159508
p 160 78 70.41887 -3.912037
p 161 77 69.08118 -7.374405
p 162 76 67.50878 -4.7232094
p 161 75 66.3216 0.8833542
p 162 74 65.124146 -7.778324
p 163 73 64.04921 -3.869976
p 162 72 62.858265 1.0053444
p 163 71 61.792904 -6.496765
p 164 70 60.568336 -7.561039
p 165 69 59.477722 -7.3229523
p 166 68 58.46388 -8.335884
p 167 67 57.38008 -9.717297
p 168 66 56.38278 -7.3366146
p 167 65 55.413822 5.2013245
p 168 64 54.492752 4.903187
p 167 63 53.584442 3.6971416
p 166 62 52.74771 5.64686
p 165 61 51.96115 0.12881088
p 164 60 51.406845 0.3365841
p 165 59 50.84009 0.07015991
p 166 58 50.32015 0.055467606
p 167 57 49.845573 0.12708664
p 167 56 49.49072 -0.014612198
p 167 55 49.19564 -0.14014626
p 168 54 48.844124 0.05496025
p 169 53 48.387012 -0.0058612823
p 169 52 48.01277 0.005783081
p 168 51 47.767117 -0.052591324
p 169 50 47.446243 -0.0062942505
p 168 49 47.250343 -0.23101425
p 167 48 47.11821 -0.0012683868
p 167 47 47.009285 0.02592659
p 166 46 46.911983 -0.019355774
p 167 45 46.86895 -0.09718323
p 168 44 46.785244 -0.004085541
p 168 43 46.75178 0.15647507
p 169 42 46.559006 -0.13366127
p 169 41 46.528725 -0.050994873
p 168 40 46.500565 0.030059814
p 169 39 46.48958 -0.10596657
p 170 38 46.48958 0.009168625
p 170 37 46.37402 0.040987015
p 171 36 46.292152 -0.14736748
p 172 35 46.292152 -0.012289047
p 172 34 46.27594 0.02580452
p 172 33 46.25936 -0.11417198
p 171 33 46.25936 -0.1373787

c 57 33.661205
p 168 78 80.11778 -0.285614
p 169 77 78.95064 0.5636101
p 170 76 77.528404 -0.99577713
p 170 75 74.96675 -2.9342232
p 171 74 70.50874 -6.7903786
p 172 73 66.865776 -8.654778
p 173 72 64.25372 -5.000965
p 172 71 62.251522 -10.765026
p 171 70 60.676712 -6.1702003
p 172 69 59.227642 -7.8580246
p 173 68 58.22234 -4.309326
p 172 67 57.02831 0.5805054
p 173 66 55.858414 1.0327797
p 172 65 54.911125 1.6106453
p 173 64 53.91949 7.3505
p 172 63 53.17325 5.244749
p 173 62 52.46244 -0.039941788
p 173 61 51.759747 -0.46146393
p 172 60 51.374027 0.02782631
p 171 59 50.728966 -0.015333176
p 171 58 50.25008 0.0013408661
p 171 57 49.754803 -0.05734825
p 172 56 49.327896 0.029916763
p 172 55 48.977818 -0.109708786
p 172 54 48.594185 0.041265488
p 173 53 48.317093 0.02084732
p 172 52 48.030445 0.05182457
p 173 51 47.730133 -0.03758049
p 172 50 47.538998 0.075437546
p 171 49 47.279255 -0.09596825
p 170 48 47.131977 0.03802681
p 171 47 47.03196 0.019350052
p 170 46 46.931015 0.06593323
p 171 45 46.790733 -0.030231476
p 170 44 46.714733 -0.037721634
p 171 43 46.603924 0.023881912
p 171 42 46.568382 -0.11698151
p 171 41 46.52543 -0.16590118
p 171 40 46.51516 -0.20328903
p 170 39 46.505047 0.0785141
p 171 38 46.456577 -0.08818054

c 58 30.679688
p 173 30 46.179955 0.18610954
p 174 31 46.18074 -0.15109825
p 175 32 46.236813 -0.018705368
p 175 33 46.24804 -0.1531868
p 176 34 46.303417 -0.045518875
p 176 35 46.317547 -0.03080368
p 175 36 46.3215 -0.0033073425
p 176 37 46.390747 0.025941849
p 175 38 46.43081 -0.18324661
p 175 39 46.462036 0.046251297
p 175 40 46.49911 -0.07061386
p 176 41 46.49911 0.153656
p 176 42 46.614708 0.03540802
p 176 43 46.633625 0.0057258606
p 176 44 46.703896 0.03839302
p 177 45 46.786747 -0.052345276
p 177 46 46.933117 -0.14378166
p 177 47 47.052742 -0.09444046
p 177 48 47.11841 0.035337448
p 177 49 47.308258 -0.11343002
p 176 50 47.57864 0.13031769
p 177 51 47.71365 0.02355194
p 176 52 47.923973 0.021652222
p 175 53 48.284428 -0.08576584
p 175 54 48.650284 -0.051151276
p 176 55 49.103317 -0.056676865
p 177 56 49.48729 -0.07260513
p 177 57 49.825085 -0.110565186
p 177 58 50.265625 -0.1990776
p 178 59 50.719692 0.020801544
p 179 60 51.295662 0.09278107
p 178 61 51.741684 0.039260864
p 179 62 52.13548 -0.2676525
p 179 63 52.91048 1.046648
p 180 64 53.718433 -0.99933624
p 181 65 54.590683 -4.9392033
p 180 66 55.67428 -7.455864
p 179 67 56.449295 -7.118492
p 178 68 57.72789 -5.2682
p 179 69 58.70859 -5.18211
p 180 70 60.07279 -5.0499115
p 179 71 61.219273 -6.6137543
p 178 72 62.693108 -5.2562237
p 179 73 64.18341 -8.503094
p 180 74 66.58281 -5.0949745
p 179 75 69.16999 3.993351
p 180 76 71.27921 1.2636871
p 179 77 74.21196 4.1050835
p 180 78 76.85964 -1.5378609

c 59 55.422356
p 173 103 102.02803 -1.459053
p 174 102 99.45661 -4.2042084
p 175 101 98.12037 -1.6659546
p 174 100 96.9344 0.26225662
p 175 99 95.293106 -4.5089455
p 176 98 93.19734 -6.669983
p 177 97 91.81391 -5.054863
p 178 96 90.189606 -7.63657
p 179 95 88.56775 -13.244587
p 180 94 86.90679 -4.982876
p 181 93 85.75556 -8.273582
p 182 92 84.492226 -8.080261
p 183 91 83.34269 -8.414806
p 184 90 82.13445 -8.619602
p 185 89 80.99927 -8.559006
p 186 88 79.89929 1.364109
p 187 87 78.86287 -4.934082
p 186 86 77.807594 -0.031578064
p 185 85 76.65699 -4.848152
p 186 84 75.68021 1.079567
p 185 83 74.701385 -8.532463
p 184 82 73.67174 -4.95327
p 185 81 72.61327 2.035408
p 184 80 71.56914 -0.82382965
p 185 79 70.53878 -8.951534
p 186 78 69.46977 -5.508835
p 187 77 68.39643 -4.2559624
p 186 76 67.32067 2.2136688
p 187 75 66.30432 2.8830948
p 186 74 65.40546 -0.5956154
p 187 73 64.42637 -5.222843
p 188 72 63.49621 -5.424999
p 187 71 62.53281 -3.625782
p 186 70 61.546566 -5.4086876
p 185 69 60.525597 -4.0370502
p 186 68 59.50358 -3.9467163
p 187 67 58.55399 -7.4110107
p 186 66 57.609093 2.2251434
p 187 65 56.667656 -2.2578316
p 188 64 55.728943 -1.4914131
p 189 63 54.79348 2.5265446
p 190 62 53.88209 3.4043694
p 191 61 53.050873 -0.007953644
p 192 60 52.26263 -0.104810715
p 193 59 51.502968 -0.15702248
p 194 58 50.779446 -0.1379509
p 193 57 50.222977 -0.12365532
p 194 56 49.62838 -0.17653847
p 195 55 49.038704 -0.035665512
p 196 54 48.559334 -0.11569786
p 196 53 48.262943 -0.12314415
p 197 52 47.961746 0.092754364
p 198 51 47.690174 -0.108781815
p 199 50 47.398647 -0.14276886
p 198 49 47.21079 0.027536392
p 198 48 46.94512 -0.03332138
p 198 47 46.922592 0.09865379
p 199 46 46.861416 -0.034240723
p 199 45 46.734375 -0.03219223
p 200 44 46.605675 -0.046409607
p 201 44 46.605675 -0.14311981

c 60 3.1547432
p 173 200 49.28694 -0.11474991
p 174 201 48.956104 0.16408348
p 173 202 48.550987 -0.24153137
p 173 203 48.164516 -0.08842087
p 174 204 47.829586 -0.17820168
p 175 205 47.55477 -0.056474686
p 176 206 47.424686 0.07172966
p 177 207 47.221886 -0.08376694
p 178 207 47.131817 0.005355835
p 179 208 47.131817 0.13835907
p 178 209 46.939243 -0.052204132
p 179 210 46.877842 -0.04094124
p 178 211 46.830868 2.3078918E-4
p 177 212 46.627285 -0.08880234
p 178 213 46.627285 -0.061481476
p 178 214 46.56666 -0.079063416
p 179 215 46.45124 -0.10849571
p 178 216 46.405132 -0.25749397
p 177 217 46.36583 -0.28870583
p 176 218 46.357944 0.006734848
p 177 219 46.357452 -0.046253204
p 178 220 46.30814 0.057102203
p 179 220 46.29663 -0.09468651
p 180 220 46.29663 0.041496277
p 181 221 46.228638 -0.003288269
p 180 222 46.211052 -0.20928192
p 180 223 46.205498 -0.27857018
p 181 224 46.157692 -0.014640808
p 180 225 46.144417 -0.016227722
p 179 226 46.13975 -0.048669815
p 178 225 46.1322 0.0066432953
p 177 226 46.1322 -0.034118652

c 61 59.809235
p 177 145 106.165245 -0.07752609
p 178 146 104.51075 -5.4182816
p 179 147 102.970894 -5.361782
p 180 148 101.38733 -6.1600304
p 181 149 99.65144 -7.4892387
p 182 150 98.23022 -7.60067
p 183 151 96.90966 -8.334312
p 184 152 95.527145 -8.881771
p 185 153 94.09995 -4.241478
p 186 154 93.06114 -2.4444695
p 185 155 92.03674 -6.736065
p 184 156 90.88488 -8.022545
p 183 157 89.85494 -7.803932
p 182 158 88.71222 -6.021698
p 181 159 87.65098 -3.504486
p 182 160 86.50391 -7.482952
p 183 161 85.41008 -7.8604317
p 184 162 84.301 -7.986698
p 185 163 83.23425 -3.7055817
p 184 164 82.223175 -0.25411606
p 185 165 81.14098 -7.671486
p 186 166 80.00616 -2.7312737
p 185 167 78.79513 -7.068226
p 184 168 77.75646 -9.005371
p 183 169 76.76976 -8.091648
p 182 170 75.744804 -3.0968208
p 183 171 74.6567 -7.986614
p 184 172 73.44392 -8.69804
p 185 173 72.38476 -9.081745
p 186 174 71.528625 -8.116013
p 187 175 70.61224 -4.773041
p 186 176 69.67355 -5.49292
p 185 177 68.72978 -4.3149147
p 186 178 67.77535 4.491398
p 185 179 66.820435 -1.4361229
p 186 180 65.87569 -5.4417267
p 187 181 64.93823 -5.47649
p 188 182 64.01299 -3.6052628
p 187 183 63.12374 -2.2477074
p 186 184 62.207935 -4.8113823
p 185 185 61.215763 -6.6893883
p 184 186 60.32672 -6.345373
p 185 187 59.464546 4.466831
p 184 188 58.5854 1.9833908
p 185 189 57.70422 2.1121674
p 184 190 56.819923 4.875984
p 185 191 55.93357 3.089016
p 186 192 55.049423 4.658598
p 187 193 54.182487 0.029745102
p 188 192 53.341816 0.7960148
p 189 192 52.888985 -2.5005379
p 190 193 52.713818 2.023325
p 191 194 52.28925 0.32336044
p 192 195 51.73691 -0.07149887
p 193 196 51.174664 -0.27647018
p 194 197 50.898758 0.036245346
p 194 198 50.41359 -0.23568153
p 194 199 49.902836 -0.09539795
p 193 200 49.438587 -0.039794922
p 193 201 48.995674 -0.120414734
p 192 202 48.581894 0.044706345
p 193 203 48.193455 -0.12010002
p 194 204 47.867374 0.03235817
p 195 205 47.597446 -0.005432129
p 194 206 47.427845 -0.023899078
p 195 207 47.34318 -0.039608
p 196 208 47.1498 -0.09572601
p 197 209 46.9398 0.038721085
p 198 210 46.778965 -0.0023441315
p 198 211 46.66761 -0.12833786
p 197 212 46.642372 -0.07409477
p 197 213 46.642372 -0.008968353
p 196 214 46.514877 -0.056783676
p 197 215 46.510296 -0.109972
p 197 216 46.39988 -0.107687
p 196 217 46.35601 0.032661438
p 197 218 46.35601 -0.079847336

c 62 25.039543
p 181 95 88.14775 -7.8985023
p 182 96 89.527596 -4.1395035
p 181 97 91.02669 -0.893322
p 182 98 92.354355 -7.79755
p 183 99 93.53954 -7.143097
p 184 100 94.689865 -6.9233513
p 185 101 95.93555 -6.434597
p 186 102 97.50357 -1.1191864
p 185 103 98.64188 -4.7481384
p 184 104 100.197845 -5.0526886
p 183 105 101.65995 -3.753067
p 182 106 103.11314 -1.7942276
p 183 107 104.43917 -1.9153786
p 184 108 106.00945 -0.73846054
p 183 109 107.71086 0.50725174
p 184 110 109.02618 -1.331398
p 185 111 110.62014 -0.39673233
p 184 112 111.96981 0.44319153
p 185 113 113.187294 -0.4201622

c 63 18.422363
p 186 152 95.34351 -7.523941
p 187 151 96.8247 -6.9908905
p 188 150 98.36468 -4.541374
p 189 149 99.72775 -6.0396347
p 190 148 101.15089 -5.30418
p 191 147 104.086586 0.49591827
p 190 146 105.711716 0.89491653
p 190 145 106.207695 -0.18595123
p 189 144 108.01374 -0.049987793
p 190 143 108.959625 0.89406586
p 189 142 110.68115 -0.82131577
p 188 141 111.922356 -0.12292862
p 187 140 113.76588 -0.14035034

c 64 22.832092
p 191 193 52.954803 5.02474
p 192 192 53.734394 1.4801083
p 193 191 54.59216 0.735672
p 194 190 55.559288 -5.2574368
p 193 189 56.612522 -5.8553925
p 192 188 57.37504 -4.9712143
p 193 187 58.194454 -4.015171
p 194 186 59.14386 -6.554001
p 193 185 60.146053 0.59713745
p 194 184 61.343754 -9.7808
p 195 183 62.321674 -7.1818333
p 194 182 63.633904 -10.694107
p 193 181 65.45241 -5.4373703
p 194 180 68.43608 3.6060028
p 193 179 70.886604 1.9469452
p 194 178 73.02976 2.4292984
p 193 177 75.786896 -1.3232803

c 65 20.325146
p 196 74 66.46125 -5.5664673
p 197 73 64.53975 -9.488632
p 198 72 63.523476 -9.012779
p 199 71 62.654785 -9.377026
p 200 70 61.296844 -12.873756
p 201 69 60.31677 -2.5771484
p 202 68 59.409546 -2.843193
p 203 67 58.313404 -5.7006836
p 204 66 57.41714 -4.5819244
p 203 65 56.466427 2.4730263
p 204 64 55.514294 1.7919846
p 205 63 54.69683 1.2777576
p 206 62 53.83265 0.82450676
p 207 61 53.001476 0.5266113
p 208 60 52.192787 0.20625877
p 208 59 51.432095 -0.31640244
p 208 58 50.787506 -0.16623497
p 208 57 50.115166 -0.02484703
p 207 56 49.583626 0.11407852
p 206 55 48.97468 -0.109601974
p 205 54 48.684685 0.19448853
p 206 53 48.246635 -0.12651825
p 207 52 47.874744 0.04216385
p 207 51 47.55997 -0.074625015
p 206 50 47.455315 0.051353455
p 205 49 47.19784 0.08051872
p 204 48 47.028885 0.025255203
p 204 47 46.89974 0.13592148
p 203 46 46.783146 -0.13142776
p 204 45 46.748737 0.05242157
p 203 44 46.658657 -0.11767578
p 203 43 46.55132 -0.010990143
p 202 42 46.459007 0.0060634613
p 203 41 46.3996 0.1145401
p 202 40 46.3996 0.06324768
p 203 39 46.37951 0.0038642883
p 204 38 46.29611 -0.067453384
p 203 37 46.294712 0.118751526
p 204 36 46.2312 -0.31283188
p 205 35 46.209858 -0.10184097
p 206 35 46.19009 -0.01650238
p 207 34 46.19009 0.04906082
p 206 33 46.136105 -0.030384064
p 207 32 46.136105 -0.10294342

c 66 46.79473
p 196 74 66.46125 -4.4142685
p 197 75 67.033394 -9.415924
p 198 76 67.938286 -10.884064
p 199 77 68.89965 -11.049068
p 200 78 69.87026 -8.89645
p 201 79 71.05148 -6.568283
p 200 80 71.93402 -10.282005
p 199 81 73.000565 -5.2570496
p 200 82 74.07789 -9.616596
p 201 83 75.146255 -8.731121
p 202 84 76.3548 -5.3349457
p 201 85 77.71667 2.097107
p 202 86 78.72997 -9.509327
p 203 87 79.57978 -10.950413
p 204 88 80.69647 -11.263432
p 205 89 81.97904 -2.3926315
p 204 90 83.408356 -9.753517
p 203 91 84.91647 -10.145546
p 202 92 87.03821 -4.1699486
p 203 93 88.94688 1.8431206
p 202 94 90.96399 -5.335968
p 201 95 93.12391 -2.6886559
p 202 96 95.18414 1.9974174
p 201 97 96.40203 -3.556137
p 200 98 97.89276 -1.1777
p 201 99 99.39079 -3.2665672
p 202 100 101.17372 -0.9514084
p 201 101 102.27016 0.25457
p 202 102 103.425606 -1.9538841
p 203 103 104.51092 -1.268219
p 204 104 105.47637 -0.15148163
p 203 105 106.412735 0.45420837
p 204 106 107.93218 -0.4818077
p 204 107 109.489296 0.05174637
p 203 108 110.171776 -0.5579109
p 202 109 111.18547 -1.012413
p 201 110 112.300896 -0.14478683
p 202 111 113.25598 -0.5362396

c 67 66.21289
p 202 142 112.319176 0.59946823
p 203 143 110.59289 -0.891552
p 202 144 108.21487 -1.5541649
p 203 145 106.13281 -4.599163
p 204 146 104.63259 -6.0109177
p 205 147 103.327126 -6.4024963
p 206 148 101.87361 -2.935707
p 205 149 100.682526 0.21133804
p 206 150 98.69185 -6.068264
p 207 151 97.05461 -7.5803185
p 208 152 95.44785 -3.3986168
p 207 153 94.281235 -8.049545
p 206 154 92.99805 -7.33337
p 205 155 92.0923 -7.888279
p 204 156 91.11464 -7.6089325
p 203 157 90.09592 -1.9255943
p 204 158 88.45382 0.30948257
p 203 159 87.37194 -0.29538345
p 204 160 86.32108 -7.5389557
p 205 161 85.04868 -8.179104
p 206 162 83.9511 -6.705208
p 207 163 83.01246 -5.0766525
p 206 164 81.79535 -8.210041
p 205 165 80.70598 -9.88129
p 206 166 79.60029 -13.894718
p 207 167 78.731766 -13.4129715
p 208 168 78.111275 -2.8516083
p 207 169 76.761734 -9.10162
p 206 170 75.640175 -3.761097
p 205 171 74.6703 -4.0935097
p 206 172 73.71126 1.1122284
p 205 173 72.82897 -5.9244003
p 204 174 71.99808 -1.5596542
p 205 175 70.78732 -4.670246
p 206 176 69.780556 -6.070019
p 207 177 68.841415 -5.5248337
p 208 178 67.91098 -4.8924026
p 209 179 66.94455 -7.085808
p 210 180 65.9282 -3.0688972
p 209 181 64.9873 -4.475788
p 208 182 64.0739 -4.4171333
p 207 183 63.21518 -4.2195244
p 206 184 62.43845 -4.9101715
p 205 185 61.409256 -4.5771446
p 204 186 60.586403 -2.4232159
p 205 187 59.560143 -2.9911346
p 206 188 58.67134 -7.0170593
p 207 189 57.786057 -4.7396393
p 206 190 56.90295 5.1680183
p 207 191 56.021885 1.6534061
p 208 192 55.135555 1.5067749
p 209 193 54.286163 0.028665543
p 208 194 53.472847 0.057252884
p 207 195 52.684883 -0.15659142
p 207 196 51.838165 -0.04690361
p 207 197 51.407257 0.08200455
p 206 198 50.682457 0.13742638
p 205 199 50.12823 0.12579346
p 206 200 49.563274 0.058027267
p 207 201 48.956345 -0.20056534
p 208 202 48.588066 -0.020669937
p 209 203 48.176 0.07622719
p 209 204 47.900944 -0.15511513
p 208 205 47.716503 -0.050857544
p 209 206 47.471115 -0.16690826
p 208 207 47.24599 0.024187088
p 209 208 47.12632 -0.4659214
p 210 209 47.104954 0.13353157
p 209 210 46.831184 -0.097169876
p 210 211 46.707767 -0.0017204285
p 209 212 46.66637 0.03976059
p 210 213 46.619083 -0.021501541
p 209 214 46.509827 0.004425049
p 210 215 46.435318 -0.09957504
p 211 216 46.435318 0.026615143
p 212 216 46.41081 0.06766701
p 213 217 46.391247 -0.0905056
p 214 217 46.389587 -0.23914719
p 215 218 46.353203 -0.083452225
p 215 219 46.310238 6.2561035E-4
p 215 220 46.310238 0.0651741
p 214 221 46.2553 0.04985237
p 215 222 46.233616 -0.004442215
p 216 223 46.174107 -0.021402359
p 215 224 46.174107 -0.088502884
p 216 225 46.106285 -0.03630829
p 216 226 46.106285 -0.15992165

c 68 17.711235
p 209 151 96.8805 -7.882904
p 210 150 98.86813 -7.166481
p 211 149 100.363434 -6.994728
p 212 148 102.55758 -6.4788933
p 213 147 104.11918 -6.359852
p 214 146 108.31481 0.03545761
p 213 145 109.90861 1.6807175
p 214 144 111.263466 0.7152214
p 213 143 112.54228 -0.68463516
p 212 142 113.40824 -1.4623642
p 211 141 114.591736 -0.49183273

c 69 1.2117386
p 213 49 47.41704 -0.13479996
p 214 48 47.268715 -0.12387276
p 214 47 47.125023 -0.0012817383
p 215 46 46.917942 0.04774475
p 214 45 46.848892 -0.045017242
p 215 44 46.784233 0.033906937
p 215 43 46.643616 -0.10365677
p 215 42 46.61862 0.013547897
p 216 41 46.546967 -0.13469124
p 217 40 46.536015 0.007780075
p 218 39 46.47513 0.076675415
p 217 38 46.388237 -0.046222687
p 216 37 46.322037 -0.105968475
p 216 36 46.29775 -0.026994705
p 217 35 46.27111 -0.031936646
p 218 34 46.205303 0.06654167
p 218 33 46.205303 -0.18513298

c 70 65.29968
p 214 110 112.07359 -0.23876953
p 215 109 109.20238 -2.6236115
p 216 108 107.766975 0.26179886
p 215 107 106.2672 -0.4708023
p 216 106 104.86039 0.49129486
p 215 105 103.61885 -0.48666
p 216 104 102.18732 0.12675476
p 215 103 100.6632 0.26972198
p 216 102 99.48095 -4.6280518
p 217 101 98.21297 -6.365391
p 218 100 97.04513 -2.8008423
p 219 99 95.98215 -1.449604
p 218 98 94.93281 0.48209
p 219 97 93.96559 0.24744415
p 218 96 92.70607 -5.573574
p 217 95 91.66585 -3.2666245
p 218 94 90.50952 -6.3611336
p 219 93 89.4631 -5.891056
p 220 92 88.44107 -7.0829964
p 221 91 87.3883 -8.249844
p 222 90 86.273705 -5.7303467
p 223 89 85.01915 -2.9695473
p 222 88 83.38271 -3.0797577
p 223 87 82.045586 2.352909
p 222 86 80.750175 2.7736664
p 223 85 79.734215 2.6293297
p 222 84 78.380585 -0.7386627
p 223 83 76.872246 0.78040314
p 222 82 75.740974 -7.3008804
p 221 81 74.54841 -8.735565
p 220 80 73.3656 -6.622059
p 221 79 72.11872 -9.2157135
p 222 78 70.85375 -9.491428
p 223 77 69.56636 -6.1951866
p 224 76 68.222206 -3.3954391
p 223 75 66.55485 -5.223049
p 222 74 65.39718 -9.279659
p 221 73 64.27158 -6.7805862
p 220 72 62.86925 -4.443943
p 221 71 61.812687 -4.2841682
p 222 70 60.711937 -4.0168667
p 221 69 59.617825 1.9318466
p 220 68 58.557602 -4.17614
p 221 67 57.547325 1.6585732
p 222 66 56.566647 -5.8687935
p 221 65 55.589005 4.3137436
p 222 64 54.659607 0.1059742
p 223 63 53.757465 0.2331028
p 224 63 52.90267 -1.1740341
p 225 62 52.130367 3.1220207
p 226 61 51.424805 -0.18494797
p 227 60 51.023853 -0.16811371
p 228 59 50.78624 0.064928055
p 227 58 50.442673 0.099954605
p 227 57 50.00316 -0.111364365
p 227 56 49.64891 -0.16275787
p 226 55 49.406612 0.16293716
p 225 54 48.914757 -0.17890167
p 224 53 48.686993 0.093566895
p 224 52 48.397385 -0.037397385
p 223 51 48.025597 -0.13149643
p 222 50 47.759033 0.18075752
p 221 49 47.520638 0.101148605
p 220 48 47.269516 -0.048246384
p 220 47 47.215767 0.026073456
p 219 46 46.9751 0.052841187
p 218 45 46.80566 -0.1460228
p 217 45 46.80566 -0.12938309
p 216 44 46.773914 -0.061454773

c 71 30.188217
p 216 169 76.60133 -3.9282684
p 217 170 75.611565 1.756115
p 216 171 74.60415 0.4676094
p 217 172 73.57717 -6.958374
p 218 173 72.60384 -6.8717155
p 219 174 71.703575 -3.7561722
p 218 175 70.812325 2.864605
p 219 176 69.90072 1.3075714
p 218 177 68.958984 1.5698471
p 219 178 68.00888 -4.5998077
p 220 179 67.05328 -4.4870987
p 221 180 66.07863 -2.2259865
p 220 181 65.14585 0.8818817
p 221 182 64.2368 -3.0342064
p 222 183 63.298065 -4.8363686
p 221 184 62.273636 -4.4050713
p 220 185 61.32823 -6.34317
p 219 186 60.37186 -3.8536835
p 218 187 59.42207 -2.1469421
p 219 188 58.50287 -0.6570244
p 218 189 57.60538 0.16331863
p 219 190 56.706856 1.5476952
p 219 191 55.798748 0.9076805
p 220 192 54.22898 1.1908703
p 221 192 53.42857 -1.2100258
p 222 193 52.550415 4.5142155
p 223 194 51.960014 -0.5739174
p 224 195 51.52811 -0.5469475
p 225 196 51.154808 -0.31253242
p 226 197 50.78155 -0.08379555
p 227 198 50.14637 -0.010795593
p 227 199 49.658062 -0.10013008
p 227 200 49.34395 -0.18099213
p 227 201 48.881577 -0.08923721
p 226 202 48.53715 0.120594025
p 225 203 48.17938 0.036403656
p 226 204 47.931038 -0.11468506
p 225 205 47.689716 -0.06796646
p 226 206 47.516098 -0.11625099
p 225 207 47.315956 0.05544281
p 225 208 47.189175 -0.03193283
p 226 209 47.004875 -0.018053055
p 225 210 46.914246 -0.066337585
p 225 211 46.79501 -0.09613228
p 225 212 46.70926 -0.04424095
p 224 213 46.6841 -0.037748337
p 223 214 46.502895 0.014591217
p 222 215 46.502895 0.027606964
p 221 215 46.413116 -0.18470573
p 222 216 46.413116 -0.12247658

c 72 38.370544
p 216 169 76.60133 0.55265045
p 217 168 77.59197 -6.7509575
p 218 167 78.597786 -7.0084915
p 219 166 79.60933 -4.8673058
p 218 165 80.69744 3.149784
p 219 164 81.79615 -5.717247
p 220 163 82.81672 -7.4151726
p 221 162 83.77985 -7.974373
p 222 161 84.78572 -7.645256
p 223 160 85.90814 -7.4413986
p 224 159 87.67391 -3.3918915
p 223 158 88.59165 -7.555748
p 222 157 89.55275 -3.745453
p 223 156 90.60105 1.4780693
p 222 155 91.76669 1.9411011
p 223 154 93.13535 -4.7203293
p 224 153 94.5803 -6.0643387
p 225 152 96.26472 -7.915077
p 226 151 98.16139 -7.9220963
p 227 150 100.253525 -3.1783333
p 226 149 101.76986 0.65006256
p 227 148 103.23253 -4.4132843
p 228 147 105.00738 -3.6417885
p 229 146 107.69663 -1.6541901
p 230 145 109.29804 -1.4956093
p 231 144 110.63481 -0.7483063
p 230 143 112.61428 0.95378876
p 231 142 113.900764 -0.5380173
p 232 141 114.97188 -0.39668274

c 73 0.59114075
p 226 43 46.683914 -0.13625336
p 227 42 46.657116 -0.10124588
p 227 41 46.56462 -0.15674973
p 228 40 46.516663 -0.017219543
p 229 39 46.480145 -0.03470421
p 230 38 46.37127 0.022209167
p 230 37 46.36538 -0.033618927
p 230 36 46.328728 -0.21671295
p 231 35 46.24974 0.009141922
p 231 34 46.23081 -0.09572792
p 232 33 46.149895 -0.041374207
p 233 32 46.092773 -0.095645905
p 232 31 46.092773 0.061141968

c 74 63.636787
p 226 43 46.683914 0.0013847351
p 226 44 46.803066 0.015239716
p 227 45 46.83368 -0.0368824
p 228 45 46.921658 -0.08508301
p 229 46 47.120174 -0.13990402
p 230 47 47.255943 0.055765152
p 231 48 47.415028 -0.20324135
p 231 49 47.605854 -0.014644623
p 232 50 47.81297 -0.0039463043
p 233 51 48.101017 0.096673965
p 234 52 48.28297 -0.11730385
p 235 53 48.764046 -0.01727295
p 236 54 49.28222 0.03174019
p 235 55 49.791447 -0.072416306
p 235 56 50.336414 -0.22920036
p 236 57 50.982594 -0.21531487
p 237 58 51.601345 -0.43664742
p 238 59 52.411533 -0.32424736
p 239 60 53.004757 -0.05936241
p 239 61 53.809834 -0.1870842
p 239 62 54.591133 3.1098804
p 240 63 55.275196 -0.8398876
p 240 64 56.225754 -1.1547184
p 239 65 57.054836 -2.952032
p 238 66 57.904186 -4.3349648
p 239 67 58.76035 0.8160744
p 238 68 59.61144 -1.4835777
p 237 69 60.54172 -3.6755295
p 236 70 61.38065 -6.166157
p 235 71 62.23988 -5.281151
p 234 72 63.130653 -4.431362
p 233 73 64.01869 -2.5218964
p 234 74 64.89631 3.8434715
p 233 75 65.805374 0.36722565
p 234 76 66.78156 2.6175194
p 233 77 67.64903 -4.238907
p 232 78 68.628235 -5.318409
p 231 79 69.40543 -3.536354
p 232 80 70.29739 2.5810509
p 231 81 71.205894 0.11817169
p 232 82 72.20371 -4.1004257
p 233 83 73.18986 -5.735443
p 234 84 74.2399 -7.3696556
p 235 85 75.11997 -6.318844
p 236 86 75.965645 -4.473629
p 235 87 76.94876 3.3575058
p 236 88 77.85034 -5.61784
p 237 89 78.71626 -6.6557693
p 238 90 79.61469 -4.71756
p 237 91 80.54099 -6.887249
p 236 92 81.478714 -5.483429
p 237 93 86.57548 0.049545288
p 238 94 87.131836 -2.698204
p 239 95 88.43488 -1.1105995
p 238 96 89.56471 1.3986015
p 239 97 90.66119 -0.72631073
p 238 98 91.72895 0.09579849
p 239 99 92.72347 -3.1887856
p 240 100 93.63793 -4.789997
p 241 101 94.60244 -4.3377
p 242 102 95.50167 -3.7929115
p 243 103 96.18595 -2.2655716
p 244 104 96.83109 -4.8269577
p 245 105 97.52789 -4.684929
p 246 106 98.37233 -2.5275269
p 245 107 99.2697 2.5161934
p 246 108 100.22975 1.1116905
p 245 109 101.2229 4.0650406
p 246 110 102.03561 -5.5731583
p 247 111 103.241745 -8.457489
p 248 112 104.78939 -6.43425
p 249 113 110.3207 -1.5347939

c 75 22.324497
p 227 196 51.11459 0.02850151
p 228 195 51.287304 -0.17740822
p 229 194 51.54102 -0.313282
p 230 193 51.75978 3.306713
p 231 192 52.38653 -6.515253
p 232 193 53.100056 5.8686066
p 233 192 53.924995 2.0808563
p 234 191 54.839428 2.0503597
p 233 190 55.734657 -5.2419357
p 234 189 56.953007 -4.573244
p 233 188 58.058098 -10.982864
p 232 187 59.205116 -9.050434
p 231 186 60.652973 -5.733967
p 232 185 61.94975 -10.282703
p 233 184 63.12151 -7.7416058
p 232 183 64.516914 -10.517311
p 231 182 66.288025 -9.153221
p 230 181 67.83999 -5.877453
p 231 180 69.544136 1.7253532
p 230 179 71.90074 -7.5656013
p 229 178 73.43909 -6.590931

c 76 16.496117
p 231 106 104.04123 -0.9669266
p 232 105 102.65992 -4.538704
p 233 104 101.34351 -4.8735313
p 234 103 99.84219 -2.188858
p 233 102 97.65806 -5.858227
p 232 101 96.16046 -2.3274612
p 233 100 94.55835 -6.622772
p 234 99 93.575356 -6.362446
p 235 98 92.58789 -5.843979
p 234 97 91.60832 1.8129768
p 235 96 90.43468 -6.6191635
p 236 95 88.901436 -5.6522636
p 237 94 87.54511 2.608776

c 77 67.227806
p 231 213 46.649597 -0.20065308
p 232 212 46.76397 -0.14565468
p 233 211 46.819084 -0.043735504
p 234 210 46.94228 -0.103868484
p 234 209 46.983997 0.03722
p 235 208 47.077995 0.014352798
p 236 207 47.123837 -0.23468208
p 237 206 47.460464 0.22360039
p 236 205 47.59451 -0.060207367
p 236 204 47.83668 -0.0107803345
p 235 203 48.252876 0.13846779
p 234 202 48.505554 -0.055570602
p 233 201 48.944515 0.16489029
p 234 200 49.36631 -0.005186081
p 235 199 49.777428 -0.11004639
p 235 198 50.48874 -0.15925598
p 235 197 50.928917 -0.017860413
p 236 196 51.59893 0.009267807
p 237 195 51.987804 -0.13969803
p 238 194 52.608856 -0.16584778
p 239 193 53.2269 3.9551315
p 240 193 53.958256 5.5075645
p 241 192 54.72357 2.8296947
p 242 191 55.52386 -4.6102695
p 241 190 56.3591 -7.337124
p 240 189 57.317066 -5.0797634
p 241 188 58.287693 -0.2886238
p 240 187 59.198387 -4.698303
p 239 186 60.307247 -4.291073
p 238 185 61.14059 -2.771267
p 237 184 61.947105 -2.4610424
p 238 183 62.929306 5.020912
p 237 182 63.693794 1.3760262
p 238 181 64.59899 3.6412735
p 237 180 65.66682 2.0844688
p 238 179 66.6649 1.8017082
p 237 178 67.66059 1.0343361
p 238 177 70.125595 4.974697
p 238 176 71.62983 0.9481468
p 239 175 74.630875 -1.4746475
p 240 174 76.54061 3.360897
p 241 173 77.5198 0.84884644
p 240 172 78.49619 1.3061028
p 241 171 79.28886 3.9031868
p 242 170 79.97211 0.296566
p 241 169 80.83239 -0.23430252
p 242 168 81.42826 0.7573662
p 243 167 82.024574 -1.5406952
p 242 166 82.773895 1.3300514
p 243 165 83.446655 0.5071602
p 244 164 84.34254 -1.6616058
p 243 163 85.15698 -2.980854
p 242 162 86.3209 -2.413723
p 243 161 87.4405 2.4095993
p 242 160 88.75261 2.1451645
p 243 159 89.98214 -2.4838905
p 244 158 91.09441 -4.3120956
p 245 157 92.32252 -3.3650055
p 246 156 93.19447 -2.7821274
p 247 155 94.36617 -1.8647995
p 246 154 95.504486 -2.0327454
p 245 153 96.42098 -3.137146
p 244 152 97.23092 -2.333496
p 245 151 98.1485 -6.0694695
p 246 150 99.11613 -3.4858017
p 245 149 100.08396 1.9384003
p 246 148 101.297905 0.24524689
p 245 147 102.83233 1.8223381
p 246 146 104.26051 -0.89482117
p 245 145 105.54565 2.3311386
p 246 144 106.858376 -5.1745872
p 247 143 108.31812 -0.10983658
p 246 142 110.23649 -4.6513214
p 245 141 111.64356 -4.0169487
p 244 140 113.8774 -1.972992

c 78 0.21520996
p 238 222 46.17177 0.039260864
p 239 223 46.17177 -0.10464287
p 240 224 46.13298 -0.112098694
p 240 225 46.12923 -0.1908493
p 241 226 46.124886 -0.08001709
p 242 227 46.078403 -0.10862923
p 243 228 46.068226 0.028858185
p 242 229 46.068226 -0.025426865
p 242 230 46.062057 0.06999397
p 243 231 46.01929 -0.085365295
p 244 231 45.95656 0.0040245056
p 244 232 45.95656 -0.09797478

c 79 36.037506
p 243 84 82.25811 -2.3114128
p 244 83 80.89256 -2.0174713
p 245 82 79.417435 -2.108158
p 244 81 77.50808 0.34101868
p 245 80 75.08724 -4.8582497
p 246 79 73.14108 -7.0379295
p 247 78 71.15174 -7.909973
p 248 77 69.31107 -6.3136253
p 247 76 67.747856 -8.821598
p 246 75 66.506584 -6.560829
p 245 74 65.46141 -5.225628
p 246 73 64.33239 -5.5166473
p 247 72 63.295082 -4.1793365
p 246 71 62.297146 3.6967926
p 247 70 61.247246 -0.61432266
p 246 69 60.558285 -3.167656
p 245 68 59.614647 -5.437851
p 246 67 58.329365 -5.1602325
p 247 66 57.3684 -5.6002045
p 246 65 56.44225 3.8042068
p 247 64 55.583153 1.2308712
p 247 63 54.687416 3.3300266
p 248 62 54.071037 0.20467758
p 247 61 53.373684 -0.25421524
p 248 60 52.774162 -0.23750687
p 249 59 52.064003 -0.24616814
p 248 58 51.51264 -0.08280563
p 247 57 50.996475 -0.024560928
p 246 56 50.48028 0.081926346
p 247 55 49.835915 -0.03129196
p 246 54 49.366837 0.061201096
p 245 53 48.871204 0.01915741
p 244 52 48.46674 0.045186996
p 245 51 48.158066 0.044311523
p 246 50 47.869843 0.090530396
p 246 49 47.450768 -0.034204483
p 247 48 47.255665 -0.10438728
p 248 47 47.086407 0.047540665
p 249 46 46.937237 0.066389084
p 250 45 46.757282 -0.13916779
p 251 44 46.647217 -0.14557838
p 252 43 46.61339 -0.007938385
p 252 42 46.568134 0.10912514
p 253 41 46.458763 -0.019395828
p 253 40 46.458763 -0.047851562
p 254 39 46.426228 -0.025215149
p 255 38 46.30141 0.036540985
p 255 37 46.220604 -0.023803711
p 255 36 46.220604 -0.06908035

c 80 15.602264
p 243 84 82.25811 -1.7241478
p 244 85 83.51037 -1.7253685
p 245 86 84.93657 -3.770813
p 246 87 87.32874 0.3314438
p 246 88 88.626526 -0.5096092
p 247 89 89.69491 0.32683945
p 246 90 90.65789 1.6515923
p 247 91 91.92044 1.3037148
p 248 92 93.009865 0.26028824
p 249 93 94.32353 -0.3239212
p 250 94 95.78548 -0.28157806
p 249 95 96.76256 0.7728081
p 250 96 97.860374 -0.07513809

c 81 13.1875725
p 244 187 59.450596 -8.872147
p 245 188 58.263554 -11.164867
p 246 189 57.21877 -6.128828
p 245 190 56.26422 5.2471313
p 246 191 55.378536 5.6123466
p 245 192 54.53599 4.5582523
p 246 193 53.79977 1.6366482
p 245 194 53.055847 -0.12894058
p 246 195 52.520363 0.07671356
p 247 196 51.787773 -0.20854759
p 246 197 51.15688 0.10141945
p 247 198 50.473595 0.15191269
p 247 199 49.83843 -0.008590698
p 248 200 49.333748 -0.14241982
p 249 201 49.012276 -0.014583588
p 248 202 48.536423 -0.056692123
p 247 203 48.055733 -0.004634857
p 248 204 47.750896 -0.038187027
p 248 205 47.47537 -0.05839348
p 249 206 47.293514 -0.10899925
p 250 207 47.148388 -0.10357666
p 251 208 47.048294 0.008911133
p 250 209 46.915146 0.028757095
p 251 210 46.8365 -0.026605606
p 252 211 46.73471 -0.0318985
p 253 212 46.63328 -0.023990631
p 253 213 46.492046 -0.11721611
p 254 214 46.410183 0.016468048
p 254 215 46.401043 -0.10001755
p 255 216 46.380554 0.03224945
p 254 217 46.263023 -0.17277527
p 253 217 46.263023 -0.065855026

c 82 21.17886
p 244 187 59.450596 -6.9836864
p 245 186 60.794308 -7.2021523
p 246 185 62.15702 -6.6633873
p 247 184 64.565254 -3.8796806
p 248 183 66.394455 -4.9297523
p 247 182 68.97826 3.810028
p 248 181 70.70047 -4.275631
p 249 180 72.2028 -3.9336624
p 250 179 74.73626 -2.9291954
p 251 178 75.8933 -2.6635704
p 252 177 78.70416 -0.461998
p 252 176 80.629456 -0.72733307

c 83 0.48318863
p 245 213 46.650272 -0.050689697
p 246 214 46.483047 -0.13021278
p 247 215 46.391514 0.0872097
p 248 216 46.380417 0.049129486
p 249 217 46.302597 -0.11138916
p 249 218 46.238007 -0.09151268
p 248 219 46.22588 -0.1212883
p 248 220 46.22588 -0.025671005
p 247 221 46.191765 -0.02204132
p 246 220 46.187614 -0.13607407
p 246 221 46.187614 0.05129242
p 245 222 46.18076 -0.057487488
p 245 223 46.167084 -0.0223732
p 245 224 46.167084 -0.008085251

c 84 23.532501
p 248 48 47.239845 -0.033246994
p 249 49 47.513653 0.121608734
p 248 50 47.751625 0.0123176575
p 249 51 47.965267 -0.078165054
p 250 52 48.420593 0.023471832
p 251 53 48.97999 0.17967415
p 252 54 49.228497 -0.29988098
p 253 55 49.7782 0.35179138
p 252 56 50.319824 -0.10631561
p 252 57 51.008385 0.046146393
p 253 58 51.53454 -0.21356773
p 252 59 52.146996 -0.0737896
p 252 60 52.718586 -0.06410599
p 252 61 53.369545 0.012023926
p 251 62 53.85575 4.9634247
p 252 63 54.494312 1.2254353
p 253 64 55.215042 -0.64079285
p 254 65 56.254295 0.3185234
p 253 66 57.181435 -8.871574
p 252 67 58.11009 -11.341267
p 251 68 59.72827 -12.197548
p 250 69 61.049133 -9.302538
p 251 70 63.011734 3.5675201
p 250 71 65.98559 -1.2325172
p 251 72 68.19671 -8.836475
p 252 73 70.77235 -0.07769394

avg 28.834272
end