//fileLoc: inputData/gradient13.png
//fluxMulti: 3.0 channelCutOff: 10
//wk_fmin: 0.0 wk_fmax: 0.5
//total_mass_shift: 2187.5
//colorstage1: 2 colorstage2: 3
# 89
avgCurve 0.9368839

c 0 0.9338455
p 0 52 47.938114 0.0086631775
p 1 52 47.938114 -0.03245163
p 2 51 47.81459 -0.07003784
p 2 50 47.81459 0.038122177
p 3 49 47.68736 -0.004508972
p 4 48 47.555748 -0.059114456
p 5 48 47.604 0.014331818
p 6 47 47.503994 -0.13615227
p 7 46 47.474586 -0.12831306
p 8 45 47.430874 -0.0571537
p 7 44 47.390804 0.039289474
p 7 43 47.280735 -0.07929611
p 6 42 47.259525 0.008394241
p 6 41 47.166256 -0.028337479
p 5 40 47.166256 -0.06776428
p 4 40 47.108624 -0.023870468
p 3 39 47.03965 0.11630249
p 2 38 47.00427 -0.014160156
p 2 37 47.00427 -0.023433685

c 1 8.491207
p 0 188 55.501434 0.27536392
p 1 189 54.93149 -12.185093
p 0 190 54.31775 18.494583
p 1 191 53.73136 8.639153
p 2 192 53.143105 4.5725937
p 3 193 52.55664 5.4768677
p 4 194 51.98791 -0.010961533
p 5 195 51.475624 0.26890564
p 6 196 50.97163 0.26906776
p 7 197 50.380886 -0.002483368
p 8 198 50.008827 -0.043621063
p 9 199 49.583466 -0.17297554
p 10 200 49.373272 0.04520607
p 9 201 49.08191 0.014371872
p 8 202 48.807144 -0.03291893
p 8 203 48.5627 -0.04470253
p 9 204 48.34513 -0.13153267
p 10 205 48.14972 -0.03921318
p 11 206 47.974503 -0.05970192
p 12 207 47.925545 -0.08905983
p 12 208 47.801685 0.036327362
p 13 209 47.703472 -0.049840927
p 14 210 47.64115 -0.112314224
p 15 211 47.581474 0.051128387
p 15 212 47.514217 8.831024E-4
p 16 213 47.41748 -0.04675865
p 16 214 47.371677 0.006822586
p 17 215 47.275547 -0.13107681
p 18 216 47.190773 -0.00888443
p 18 217 47.188072 -0.09700966
p 19 218 47.15095 -0.0416317
p 20 219 47.07778 -0.05991745
p 19 220 47.07187 -0.04075432
p 18 221 47.07187 -0.065309525
p 17 222 47.020077 -0.071704865
p 18 223 47.010227 -0.026063919
p 17 224 47.010227 -0.086286545

c 2 39.35456
p 0 188 55.501434 9.217747
p 1 187 56.103947 -9.909306
p 2 186 56.981823 -13.346958
p 3 185 57.626537 -7.8095245
p 4 184 58.201004 -5.723051
p 3 183 58.82283 7.948536
p 4 182 59.475967 3.3496132
p 3 181 60.12291 3.3348122
p 4 180 60.899693 -6.6586266
p 5 179 61.984955 -9.465664
p 6 178 62.489605 -7.55336
p 7 177 63.292015 -6.839054
p 6 176 64.06504 7.0872383
p 7 175 64.71779 -0.70682144
p 6 174 65.42977 11.231556
p 7 173 66.601395 -9.226746
p 8 172 67.5989 -14.176006
p 9 171 68.620155 -14.721283
p 10 170 69.66124 -14.257465
p 11 169 71.37936 -12.850296
p 12 168 72.59358 -3.5554047
p 12 167 86.51573 1.0549889
p 13 166 86.712555 -2.9482803
p 14 165 87.60244 -4.187847
p 13 164 88.542175 -10.345779
p 12 163 90.66695 -4.593254
p 13 162 92.613686 1.6890907
p 12 161 94.855995 -4.423729

c 3 9.349876
p 2 164 97.92834 0.91921616
p 3 163 98.91334 -0.851326
p 4 162 99.81395 -0.71157074
p 5 161 101.00541 -1.5142365
p 6 160 101.868385 -0.75445557
p 5 159 102.861595 -2.3726845
p 4 158 104.15004 -0.30049515
p 4 157 105.11249 -0.3559456
p 5 156 106.13514 -0.32218933
p 5 155 106.77127 -0.13183594
p 6 154 107.05065 -0.016197205
p 7 153 107.27821 -0.016635895

c 4 0.77420807
p 3 31 46.815544 0.12366295
p 4 31 46.815544 -0.04822731
p 4 30 46.828106 -0.38514137
p 5 29 46.84108 0.0017108917
p 6 30 46.866356 -0.12602234
p 7 31 46.895924 -0.06848526
p 8 32 46.963127 -0.1250782
p 8 33 47.006306 -0.14362144
p 9 34 47.03125 0.027935028
p 10 35 47.04009 -0.06624603
p 11 36 47.04009 0.019702911
p 11 37 47.063103 -0.071985245
p 12 38 47.16405 0.031585693
p 13 39 47.191708 -0.09521866
p 13 40 47.235115 -0.058307648
p 12 41 47.28204 -0.009946823
p 12 42 47.3149 0.0133571625
p 12 43 47.332375 -0.025737762
p 12 44 47.359913 0.04350853
p 13 45 47.359913 -0.10434151
p 14 45 47.410984 -0.08093643
p 15 46 47.496468 -0.022911072
p 14 47 47.589752 -0.08413887

c 5 59.525684
p 6 49 47.732838 0.030147552
p 7 50 47.828697 0.04383278
p 8 51 47.847412 0.037683487
p 9 52 47.948215 -0.040550232
p 9 53 48.06714 0.028072357
p 8 54 48.224705 0.007616043
p 7 55 48.562927 -0.13427734
p 7 56 48.789898 -0.12019348
p 8 57 48.899975 -0.023015976
p 7 58 49.18021 0.07812309
p 8 59 49.49916 0.043561935
p 9 60 49.73168 -0.04047203
p 10 61 50.136036 0.046512604
p 11 62 50.63917 7.509115
p 12 63 51.14954 4.3276234
p 13 64 51.67308 1.6912498
p 14 65 52.345467 -4.638277
p 13 66 53.222355 -6.500984
p 12 67 53.693512 -8.20639
p 11 68 54.135063 -9.617966
p 10 69 56.00594 -2.8596458
p 10 70 65.23622 0.6558075
p 9 71 66.87681 0.5428772
p 10 72 68.94702 -6.69606
p 11 73 70.1919 -6.280327
p 12 74 71.18908 -4.0297165
p 11 75 72.49025 5.1437035
p 12 76 76.344894 1.9729805
p 12 77 82.22513 0.60793686
p 11 78 83.90009 -1.4901733
p 10 79 84.90232 -2.3513222
p 9 80 85.93848 -1.3786926
p 10 81 86.55829 -4.6772766
p 11 82 87.0932 -3.7991066
p 12 83 87.82645 -1.0876312
p 11 84 88.75454 -4.869648
p 10 85 89.79027 -5.376251
p 9 86 90.78042 -1.9134178
p 10 87 91.528404 -3.951374
p 11 88 92.319565 0.007259369
p 10 89 94.28009 -3.2758331
p 9 90 95.84904 -3.8813095
p 8 91 97.42193 -2.6759033
p 7 92 100.03049 -0.3834343
p 6 93 101.679245 -0.5956192
p 7 94 102.2867 -0.67358017
p 8 95 103.86945 -0.14657974
p 8 96 104.56258 0.14838791
p 9 97 105.304794 0.19202042
p 8 98 106.37586 0.14457321
p 7 99 106.8415 -0.35415268
p 8 100 107.08704 -0.0541687
p 7 101 107.25852 -0.09379959

c 6 0.30724335
p 7 214 47.332893 -0.016345978
p 7 215 47.32693 -0.05796051
p 7 216 47.284748 0.008821487
p 8 217 47.235847 -0.03970909
p 8 218 47.158478 -0.0570755
p 7 219 47.142365 0.029397964
p 7 220 47.102276 0.0089530945
p 8 221 47.073853 -0.029935837
p 9 221 47.030186 -0.020650864
p 10 222 47.02565 -0.08035278
p 11 221 47.02565 0.025407791

c 7 3.820488
p 13 193 50.695408 -0.023143768
p 13 194 50.585594 -0.15443993
p 13 195 50.207127 -0.24461365
p 14 196 50.056572 0.17832184
p 15 197 49.7766 -0.07606125
p 16 198 49.582283 0.008497238
p 16 199 49.33646 0.058839798
p 17 200 49.115513 0.050279617
p 17 201 48.82308 -0.03433609
p 18 202 48.73519 0.021436691
p 19 203 48.528862 -0.052562714
p 20 204 48.333973 0.012166977
p 21 205 48.11526 0.011651993
p 22 206 47.937855 -0.03332138
p 23 207 47.81158 0.080841064
p 23 208 47.711422 0.04291153
p 24 209 47.65659 -0.023115158
p 25 210 47.614273 -0.12034798
p 25 211 47.56713 -0.059667587
p 25 212 47.468376 -0.015239716
p 25 213 47.411022 -0.055986404
p 24 214 47.388817 -0.0097408295
p 25 215 47.327858 -0.053144455
p 26 216 47.277878 -0.061662674
p 26 217 47.21949 0.010984421
p 27 218 47.19123 -0.015764236
p 28 219 47.158306 0.030040741
p 28 220 47.097607 -0.058410645
p 28 221 47.091484 -0.05270195
p 27 222 47.091484 -0.009502411
p 26 223 46.986145 -0.023038864
p 26 224 46.97401 0.022024155
p 25 225 46.95904 -0.096443176
p 25 226 46.95904 -0.095905304
p 24 227 46.93722 0.01533699
p 25 228 46.90287 -0.0030097961
p 26 229 46.90287 -0.027837753
p 26 230 46.87492 -0.020072937
p 27 231 46.87492 -0.0027618408

c 8 22.495651
p 16 175 70.21091 0.26581192
p 17 176 68.89233 -13.635136
p 18 177 67.349625 -8.170773
p 17 178 66.08232 2.6998367
p 18 179 64.771194 -14.202595
p 19 180 63.604218 -16.185726
p 20 181 62.206814 -17.394382
p 21 182 61.038944 -17.880146
p 22 183 60.208733 -11.508083
p 23 184 59.45272 -5.432823
p 24 185 57.872887 -6.240116
p 23 186 57.031193 5.672497
p 24 187 56.143013 1.5544243
p 23 188 55.33957 4.956547
p 24 189 54.500282 5.8238297
p 23 190 53.649387 7.5189342
p 24 191 52.922462 4.783661
p 25 192 52.257442 -0.0015296936
p 24 193 51.669113 4.1279545
p 25 194 50.9996 -0.6317444
p 26 195 50.548054 -0.21560097
p 27 196 50.114464 -0.10754967
p 28 197 49.685062 -0.033006668
p 29 198 49.265453 -0.03619957
p 29 199 49.088024 -0.130867
p 28 200 48.97708 0.06503105
p 27 201 48.755264 -0.16528893
p 26 202 48.574223 -0.13434601
p 26 203 48.451466 -0.1544056
p 27 204 48.281532 -3.376007E-4
p 27 205 48.05951 -0.066013336
p 27 206 47.940662 0.0031318665
p 26 207 47.832623 0.08016205
p 25 208 47.715256 0.11318207

c 9 17.137547
p 17 74 64.10537 0.29619598
p 18 73 62.780647 -16.192421
p 19 72 61.62514 -16.252975
p 20 71 60.63774 -14.03075
p 21 70 60.062153 -5.8793774
p 20 69 57.36659 -15.552223
p 19 68 56.430916 -7.4083595
p 18 67 55.56312 -16.251474
p 19 66 54.6062 -7.8972435
p 20 65 53.689938 0.063331604
p 21 64 53.032375 0.13120651
p 20 63 52.206333 8.6455
p 21 62 51.577778 0.13150406
p 20 61 50.892323 -0.105392456
p 19 60 50.31979 0.013317108
p 19 59 49.843582 0.0068130493
p 20 58 49.47919 -0.058151245
p 21 57 49.07958 -0.04033661
p 20 56 48.77043 -0.08496475
p 19 55 48.55087 -0.0905323
p 18 54 48.33598 -0.03034401
p 18 53 48.1164 -0.15814018
p 18 52 47.939583 -0.055286407
p 18 51 47.897648 -0.007501602
p 19 50 47.767643 -0.056581497
p 19 49 47.764103 0.076179504
p 20 48 47.599697 -0.07285881
p 21 47 47.502968 -0.18278885
p 22 46 47.411194 0.008653641
p 22 45 47.394886 0.010494232
p 23 44 47.39369 -0.13678169
p 24 43 47.363342 0.0966568
p 25 42 47.300667 -0.18196678
p 24 41 47.274014 -0.021055222
p 25 40 47.21783 -0.08417511
p 25 39 47.19845 -0.032665253
p 26 38 47.1663 -0.031621933
p 27 37 47.152706 0.011199951
p 28 36 47.118153 0.052736282
p 28 35 47.0625 -0.024301529
p 27 34 47.025387 0.0398674
p 26 33 47.013985 0.069208145
p 26 32 47.003468 0.006631851
p 25 31 46.98244 0.031316757
p 24 30 46.967823 -9.613037E-4
p 25 30 46.967823 -0.07900238

c 10 19.400826
p 17 74 64.10537 -8.237005
p 18 75 65.54359 -4.164051
p 17 76 66.977776 -0.97893524
p 18 77 68.34499 -14.178978
p 19 78 69.639755 -8.159019
p 18 79 71.44282 -14.03923
p 17 80 73.074104 -8.828182
p 18 81 75.08771 -15.47924
p 19 82 76.541855 -16.59829
p 20 83 78.00579 -15.666359
p 21 84 79.260956 -7.4156914
p 20 85 80.753334 3.5893135
p 21 86 82.135056 -10.540653
p 22 87 83.506195 -11.07811

c 11 37.64103
p 23 183 60.48046 -3.1460686
p 24 182 62.224213 -15.479683
p 25 181 64.22603 -14.678608
p 26 180 65.29913 -14.246521
p 27 179 77.17166 -2.5881958
p 28 178 77.61039 -4.160343
p 29 177 83.91756 2.9654121
p 29 176 83.97814 3.0862045
p 30 175 84.27573 -0.26140213
p 31 174 84.67243 -2.3926315
p 30 173 85.68177 1.1891289
p 31 172 87.70763 -1.0566177
p 32 171 89.69682 -2.5152626
p 31 170 91.3247 -1.3915176
p 30 169 93.06982 -1.0919456
p 31 168 93.78211 -3.7489357
p 32 167 94.585594 -3.982338
p 33 166 95.38568 1.337059
p 32 165 96.16926 -3.5769882
p 31 164 97.04286 0.016471863
p 32 163 98.12149 -5.4559517

c 12 2.839672
p 27 41 47.297794 0.08457565
p 28 42 47.329582 -0.07112694
p 29 43 47.421642 0.059757233
p 30 44 47.493805 0.007036209
p 31 45 47.499577 -0.004787445
p 32 46 47.560165 -0.045978546
p 33 47 47.641964 -0.1255722
p 34 48 47.67615 -0.09215164
p 34 49 47.67615 -0.17378998
p 33 50 47.823105 0.04805565
p 34 51 47.933537 -0.045497894
p 34 52 47.999863 0.054914474
p 33 53 48.226524 0.14650917
p 32 54 48.413246 0.007703781
p 33 55 48.620266 -0.0018005371
p 33 56 48.82714 -0.07710266
p 34 57 49.014706 0.036956787
p 34 58 49.24234 -0.00884819
p 34 59 49.457027 -0.00548172
p 34 60 49.54741 -0.075149536
p 33 61 49.822357 0.006664276
p 32 62 50.137466 3.7318935

c 13 8.142143
p 30 187 55.594475 -8.787552
p 31 188 54.706326 10.653294
p 30 189 53.810837 0.2721138
p 31 190 53.00457 -0.2788639
p 32 191 52.330338 3.403944
p 33 192 51.636005 1.4981632
p 34 193 51.040043 -0.0017585754
p 34 194 50.577515 -0.10673523
p 35 195 50.22688 0.07837868
p 36 196 49.870174 -0.08202934
p 36 197 49.589996 -0.021047592
p 36 198 49.254635 -0.0983696
p 37 199 49.060436 0.10673523
p 38 200 48.70648 0.012832642
p 38 201 48.678448 0.12488365
p 39 202 48.38298 -0.10224724
p 40 203 48.23471 0.06245804
p 41 204 48.16579 -0.027664185
p 42 205 48.121487 -0.019212723
p 41 206 47.94533 -0.21284294
p 42 207 47.914574 0.11391258
p 42 208 47.777653 -0.051382065
p 42 209 47.70715 -0.0763607
p 42 210 47.57177 -0.0782547
p 41 211 47.508175 -0.07520485
p 40 212 47.45233 -0.12670898
p 39 212 47.45233 -0.038324356
p 38 212 47.503765 0.02881813
p 37 211 47.524563 -0.022930145
p 38 210 47.592964 0.034273148
p 37 209 47.592964 -0.10767174

c 14 55.90181
p 31 95 102.96153 -1.6296425
p 32 94 98.85262 -5.669426
p 33 93 96.325676 -6.1687355
p 34 92 90.55262 -9.66613
p 35 91 87.420135 -11.346577
p 36 90 84.41054 -14.695854
p 37 89 82.42069 -15.536793
p 38 88 80.62374 -15.416359
p 39 87 79.30857 -15.347725
p 40 86 78.16787 -15.567013
p 41 85 76.81243 -15.664406
p 42 84 75.20052 -14.322105
p 43 83 73.821815 -7.554592
p 42 82 72.495674 -1.9467278
p 43 81 70.81776 -18.35532
p 44 80 69.04757 -24.345963
p 45 79 67.12171 -28.014484
p 46 78 65.24741 -23.158627
p 47 77 63.86052 1.0752258
p 46 76 63.04502 -6.932335
p 45 75 62.30545 -3.277195
p 44 74 61.690037 -9.43486
p 45 73 60.575512 8.122669
p 44 72 59.82877 -1.1808434
p 43 71 59.05015 -3.9893494
p 42 70 58.08499 -4.107126
p 43 69 57.103493 -4.9197235
p 44 68 56.26992 -6.855198
p 43 67 55.467335 6.2052727
p 44 66 54.69558 2.446785
p 43 65 53.92939 5.9489536
p 44 64 53.182716 7.5894337
p 43 63 52.46216 4.028021
p 44 62 51.737713 3.292469
p 45 61 51.003483 -0.6957016
p 46 60 50.52188 -0.4229164
p 47 59 49.998863 -0.3910389
p 48 58 49.566418 0.1525917
p 48 57 49.19036 0.15945053
p 47 56 48.881294 -0.075302124
p 47 55 48.674168 -0.14057922
p 48 54 48.488945 0.08001709
p 47 53 48.297516 -0.011518478
p 47 52 48.15246 -0.08456421
p 46 51 48.05037 0.010532379
p 45 50 47.939056 0.10996628
p 44 49 47.83086 -0.022232056
p 43 48 47.733494 -0.08870697
p 43 47 47.71858 -0.067876816
p 42 46 47.671215 -0.08193016
p 41 45 47.600376 0.030557632
p 40 44 47.463413 -0.06426811
p 39 43 47.3957 0.023382187
p 39 42 47.388733 -0.11125374
p 38 41 47.37517 -0.05393982
p 39 40 47.310974 0.017536163
p 39 39 47.23845 -0.060476303
p 38 38 47.23845 0.006883621
p 39 37 47.168396 0.010944366
p 39 36 47.117565 -0.044244766
p 39 35 47.110474 0.0025253296
p 40 34 47.091248 0.004392624
p 41 35 47.059723 -0.07618141
p 42 34 47.059723 0.009496689
p 43 33 47.059723 -0.07448578

c 15 51.5956
p 41 161 99.103775 -1.6232262
p 42 162 97.48938 -1.8340836
p 43 163 96.275986 -3.0433006
p 44 164 94.775734 -4.014141
p 45 165 93.244774 -1.6797714
p 46 166 91.7073 -3.0979195
p 45 167 90.262596 0.92516327
p 46 168 88.44667 -4.9852524
p 47 169 86.67078 -5.488571
p 48 170 84.952156 -8.146896
p 49 171 83.12728 -10.640827
p 50 172 81.080894 -8.272522
p 49 173 79.02877 -1.3384972
p 50 174 77.31674 -14.700218
p 51 175 75.683266 -12.050938
p 52 176 74.36386 5.739788
p 52 177 74.10125 -4.8174477
p 51 178 72.65516 7.47451
p 51 179 68.60444 11.402771
p 50 180 66.80816 6.377945
p 49 181 65.82438 11.367531
p 48 182 64.482605 2.4046402
p 48 183 60.785606 -4.060482
p 47 184 57.059532 -9.629353
p 46 185 56.460262 -9.739094
p 45 186 55.941452 -2.9166603
p 44 187 55.564915 -6.022299
p 45 188 53.867897 -0.32479858
p 44 189 53.210625 3.7675323
p 45 190 52.539555 8.331263
p 44 191 51.958157 4.006052
p 43 192 51.386963 1.5791721
p 42 193 50.95125 3.2525425
p 41 194 50.521267 -0.1800785
p 42 195 50.212097 -0.21010208
p 41 196 49.91088 0.053546906
p 42 197 49.55419 -0.030050278
p 42 198 49.280285 0.049575806
p 43 199 48.962498 -0.06937218
p 44 200 48.769085 -0.1109066
p 45 201 48.694622 0.07616997
p 46 202 48.459763 0.030153275
p 47 203 48.284218 0.0042972565
p 47 204 48.17948 0.0065574646
p 48 205 48.04998 0.014469147
p 47 206 47.90534 -0.09940529
p 46 207 47.840206 -0.08267212
p 46 208 47.76297 0.04689026
p 45 209 47.693493 -0.015989304
p 44 210 47.64152 0.016740799
p 43 211 47.552094 0.073949814
p 42 211 47.508175 -0.0019111633

c 16 38.224564
p 48 78 64.91357 -8.670338
p 49 79 66.03667 -11.022461
p 50 80 69.6938 -1.8780365
p 49 81 71.329834 -15.278
p 48 82 72.68526 -8.8798065
p 49 83 75.72057 -15.351555
p 50 84 79.22247 -6.396431
p 49 85 81.9231 4.134514
p 50 86 84.21283 -7.9052887
p 51 87 87.115944 -9.603203
p 52 88 89.020966 -2.4874535
p 51 89 90.62502 2.4000702
p 52 90 91.96857 3.2373848
p 51 91 94.95558 -6.685444
p 50 92 96.47374 -6.6026
p 49 93 98.68857 -1.2385216
p 49 94 101.61594 -0.039447784
p 50 95 102.11746 -0.46021652
p 49 96 103.13813 0.024810791

c 17 0.8268776
p 51 51 48.07502 -0.009843826
p 52 50 47.898376 -0.08190346
p 53 49 47.879646 0.0015678406
p 53 48 47.721184 -0.14279366
p 53 47 47.65135 -0.13502884
p 52 46 47.577774 -0.07312775
p 53 45 47.503082 0.004436493
p 52 44 47.478592 -0.02711296
p 52 43 47.471867 0.029693604
p 53 42 47.33454 -0.072912216
p 54 41 47.378006 0.07578087
p 53 40 47.28284 0.03403473
p 52 40 47.248142 -0.071870804
p 53 39 47.248142 -0.13358307

c 18 25.261581
p 51 158 100.620544 -0.5979004
p 52 159 97.889496 -4.3299446
p 53 160 97.07669 -2.7671661
p 54 161 95.96966 -2.5470963
p 55 162 94.31437 -2.027008
p 54 163 93.184326 -0.9895477
p 55 164 91.96802 -4.828186
p 56 165 90.72422 -3.7705574
p 55 166 89.175354 -7.2663193
p 54 167 87.83289 -7.8585777
p 53 168 86.5914 -3.3032951
p 54 169 85.35583 -7.3302994
p 55 170 83.711266 -10.127533
p 56 171 82.36696 0.30470276
p 55 172 80.5748 -1.1899796
p 56 173 79.082695 -0.9516411
p 55 174 77.75941 -7.8065796
p 54 175 76.52441 -6.1166153
p 53 176 75.35896 -4.5964203

c 19 0.8959007
p 52 206 47.924526 0.005039215
p 53 207 47.856995 0.042215347
p 52 208 47.748817 -0.041044235
p 53 209 47.742092 0.0165596
p 54 210 47.67213 -0.09103203
p 54 211 47.55247 0.039627075
p 55 212 47.51088 -0.038999557
p 56 212 47.417652 -0.09370804
p 57 213 47.39884 0.09136009
p 56 214 47.318737 -0.07305145
p 56 215 47.29626 -0.011299133
p 57 216 47.240364 -0.09728432
p 57 217 47.219154 -0.096982956
p 57 218 47.16839 -0.09822655
p 56 219 47.16839 -0.17967796
p 55 220 47.141235 -0.015415192
p 54 221 47.141235 -0.08718872
p 55 222 47.07922 0.08669853
p 55 223 47.042183 -0.06856537
p 56 224 47.028625 -0.063007355
p 57 224 47.028625 0.06696129

c 20 9.115791
p 55 42 47.3897 -0.16021156
p 56 43 47.3897 -0.11116791
p 57 43 47.426353 -0.08628273
p 58 44 47.472 -0.075754166
p 58 45 47.563198 -0.02681923
p 58 46 47.636364 -0.09726715
p 59 47 47.73689 0.0650959
p 58 48 47.782158 -0.039718628
p 58 49 47.95786 0.052560806
p 57 50 48.033466 -0.0053043365
p 58 51 48.145767 -0.11415672
p 58 52 48.215054 -0.03580284
p 58 53 48.351692 0.00957489
p 58 54 48.562435 -3.490448E-4
p 57 55 48.698425 -0.06318474
p 57 56 48.853798 -0.13468933
p 58 57 49.154423 -0.14674568
p 59 58 49.411446 -0.0553627
p 59 59 49.768253 -0.1934681
p 60 60 50.170174 -0.0026683807
p 60 61 50.521667 -0.09805679
p 59 62 50.953903 6.562147
p 60 63 51.506218 4.184223
p 61 64 52.09573 4.63472
p 60 65 52.680866 -0.04505539
p 59 66 53.41927 -5.6004276
p 58 67 54.118298 -9.043812
p 57 68 54.81793 -10.165745
p 56 69 55.505505 2.2558193
p 57 70 56.505493 -11.536316

c 21 12.142277
p 57 211 47.56174 0.15979195
p 58 210 47.634064 -0.032691956
p 59 209 47.69362 -0.09463501
p 59 208 47.792675 -0.12674522
p 60 207 47.85016 -0.09989357
p 60 206 48.12771 0.034658432
p 61 205 48.27287 -0.06489563
p 61 204 48.334427 -0.06287384
p 62 203 48.55362 -0.020240784
p 62 202 48.55362 -0.14269257
p 63 201 48.81179 0.06003189
p 64 200 48.895405 -0.10752869
p 64 199 48.999603 -0.079366684
p 65 198 49.397846 0.14636803
p 64 197 49.749184 -0.08127022
p 63 196 50.02505 -0.12477684
p 62 195 50.40521 0.077329636
p 63 194 50.81549 0.048641205
p 62 193 51.25093 4.970955
p 61 192 51.872246 4.0121193
p 60 191 52.471615 3.0186062
p 59 190 53.01159 -2.8637962
p 60 189 53.721863 -4.9966564
p 61 188 54.56536 -8.997349
p 60 187 55.053402 -8.411419
p 59 186 56.06525 -6.28331
p 60 185 56.529255 -4.8705482
p 61 184 57.1672 -5.2140007
p 62 183 57.90343 -3.909174
p 61 182 58.80474 7.870571
p 62 181 59.704018 -1.8740711

c 22 1.0647964
p 59 39 47.25674 -0.047008514
p 60 39 47.25674 0.021749496
p 60 40 47.29397 -0.09768295
p 60 41 47.319473 -0.18681717
p 61 42 47.422123 0.03334236
p 61 43 47.429596 -0.1383667
p 60 44 47.57163 0.073740005
p 61 45 47.574657 -0.12190819
p 62 46 47.659176 -0.02233696
p 63 47 47.69324 -0.011671066
p 64 48 47.7614 -0.05910492
p 64 49 47.93413 0.094257355
p 65 50 48.049393 0.013336182
p 64 51 48.132442 -0.17920494
p 63 52 48.216778 -0.111284256
p 62 53 48.321537 -0.0073833466

c 23 55.33064
p 59 158 102.492424 -2.31493
p 60 159 99.23142 -3.5636215
p 61 160 95.61664 -5.9477463
p 62 161 92.242256 -8.169754
p 63 162 88.84159 -11.630226
p 64 163 85.800186 -13.91964
p 65 164 80.63408 -17.820652
p 66 165 74.6227 -18.447407
p 67 166 73.47951 -12.4456215
p 68 167 71.37084 -14.570347
p 69 168 70.42263 -15.007336
p 70 169 69.44694 -12.863022
p 71 170 68.60765 -8.278652
p 72 171 67.88715 -6.8400993
p 73 172 67.25127 -8.879856
p 74 173 66.81094 -8.475487
p 75 174 65.80612 -1.6094055
p 76 175 65.24634 -3.8059654
p 77 176 64.45293 -6.1784325
p 76 177 63.801884 6.050991
p 77 178 63.07222 -2.5729523
p 78 179 62.35788 -5.053013
p 79 180 61.6146 -5.9000587
p 80 181 60.86709 -5.336506
p 81 182 60.127083 -8.656765
p 80 183 59.428303 6.7929497
p 81 184 58.75601 -6.8632507
p 82 185 58.043545 -11.53125
p 83 186 57.223137 -8.454594
p 84 187 56.238586 -6.0228386
p 85 188 55.32057 -11.766762
p 84 189 54.697628 -6.2136917
p 83 190 54.098816 -2.4863815
p 82 191 53.535473 -1.1820793
p 81 192 52.882824 1.3521118
p 80 193 52.293232 2.8226318
p 79 194 51.734432 0.036577225
p 78 195 51.25845 0.102062225
p 78 196 50.80195 -0.044561386
p 79 197 50.464634 -0.092905045
p 78 198 49.96606 -0.043476105
p 78 199 49.69132 0.074539185
p 77 200 49.24854 0.033475876
p 77 201 48.960464 0.008457184
p 78 202 48.71879 0.064668655
p 79 203 48.500374 -0.025928497
p 78 204 48.313087 0.063755035
p 77 205 48.1776 -0.009187698
p 77 206 48.07297 -0.010030746
p 77 207 47.89807 -0.18029976
p 78 208 47.792343 -0.04140091
p 77 209 47.74799 -0.014225006
p 78 210 47.644577 -0.01949501
p 78 211 47.606594 -0.05016136
p 78 212 47.512543 -0.049858093
p 77 213 47.498 0.052000046
p 76 214 47.373775 -0.15028
p 77 215 47.36128 -0.14309311
p 78 216 47.310997 -0.0030288696
p 77 217 47.22474 -0.14856339
p 77 218 47.161785 -0.08994675
p 78 219 47.161785 -0.020118713

c 24 5.8729973
p 64 216 47.15641 -0.013864517
p 64 217 47.15641 -0.03579521
p 65 216 47.158207 -0.038734436
p 66 215 47.251217 -0.10491371
p 65 214 47.335114 -0.06265831
p 66 213 47.444378 -0.14329529
p 66 212 47.498238 0.012462616
p 66 211 47.54095 -0.07403183
p 66 210 47.664482 -0.004930496
p 67 209 47.664482 0.02712059
p 67 208 47.775078 -0.019296646
p 66 207 47.920177 -0.16379929
p 66 206 48.064335 -0.17126274
p 67 205 48.093586 -0.14409256
p 68 204 48.36608 0.0593071
p 67 203 48.572514 0.1283493
p 66 202 48.666145 -0.17529488
p 67 201 48.90418 0.036714554
p 68 200 49.065144 -0.08906174
p 69 199 49.242737 -0.13321877
p 70 198 49.578472 -0.05514908
p 71 197 49.82575 -0.077983856
p 72 196 50.163677 0.024614334
p 73 195 50.341652 -0.19109917
p 72 194 50.68194 0.045228958
p 73 193 50.988518 0.3168335
p 72 192 51.218185 1.3325901
p 71 191 52.363083 -0.5765171
p 71 190 53.029408 2.08012

c 25 16.844555
p 66 78 63.916058 -8.5397
p 67 77 62.790447 -12.050495
p 68 76 61.879223 -12.98785
p 69 75 61.136536 -8.418533
p 70 74 60.156143 -7.685854
p 69 73 59.383404 3.7836075
p 70 72 58.714157 -10.859524
p 71 71 58.26573 -14.333324
p 72 70 57.101646 -15.351917
p 73 69 56.27072 -12.93383
p 74 68 55.5451 -10.33614
p 73 67 54.778336 7.796139
p 74 66 54.18818 2.458912
p 73 65 53.427063 8.021379
p 74 64 52.69476 9.213125
p 73 63 52.024307 6.65584
p 74 62 51.573025 2.9803371
p 73 61 51.072674 0.08739281
p 74 60 50.51517 -0.06493378
p 73 59 50.128975 0.110507965
p 74 58 49.745014 -0.039403915
p 75 57 49.51996 -0.029123306
p 75 56 49.1598 -0.17967224
p 74 55 48.970776 0.050807953
p 75 54 48.6818 0.054166794
p 75 53 48.477608 -0.10247803
p 75 52 48.3575 -0.01391983
p 76 51 48.203552 -0.15468979
p 77 50 48.1205 -0.06852341
p 76 49 47.97188 -0.058843613
p 77 48 47.91867 -0.14155197
p 78 47 47.83294 -0.05977249
p 77 46 47.78327 -0.03970337
p 76 45 47.627987 -0.10042
p 77 44 47.627987 0.08545685
p 76 43 47.536766 -0.08445549
p 75 42 47.535786 -0.020778656
p 76 41 47.517605 0.02596283
p 75 40 47.376827 -0.1462574
p 74 39 47.31272 -0.0059223175
p 73 38 47.24384 0.0025367737
p 72 37 47.1903 0.012001038
p 72 36 47.16626 0.05445862
p 71 35 47.109978 -0.013723373
p 71 34 47.071503 -0.013191223
p 70 34 47.071503 -0.051290512

c 26 37.888233
p 66 78 63.916058 -9.712896
p 67 79 65.04605 -13.361137
p 68 80 67.08711 -8.664288
p 67 81 68.56995 -11.061733
p 66 82 74.497086 -4.625992
p 67 83 76.940704 -9.606323
p 68 84 85.829185 4.40361
p 68 85 85.975555 0.07664871
p 69 86 86.13613 -2.813015
p 68 87 86.416595 -2.4070282
p 69 88 86.860405 -7.6432533
p 70 89 88.17289 -6.3360634
p 71 90 89.782394 -0.05860138
p 70 91 93.2199 -6.3023834
p 69 92 94.839836 -5.404888
p 68 93 99.22283 -1.5111923
p 67 94 100.849945 0.52228546
p 66 95 101.80429 -0.09309769

c 27 37.8006
p 69 152 104.157486 -1.678669
p 70 153 103.12469 -1.9348106
p 71 154 102.20418 -1.4974365
p 72 155 101.2219 -0.6760788
p 73 156 100.23759 -1.4725914
p 74 157 99.53582 -7.8582764E-4
p 74 158 97.79581 -2.6036758
p 75 159 95.23683 -3.4230232
p 76 160 93.57693 0.37699127
p 75 161 92.62422 -0.31447983
p 76 162 91.1306 -1.8519783
p 77 163 89.48855 -4.2654305
p 78 164 87.765945 -4.9260674
p 79 165 85.699394 -6.297817
p 80 166 84.2828 6.9450455
p 80 167 83.760284 -4.263157
p 79 168 79.83405 -5.6706886
p 80 169 78.37527 -2.6021004
p 80 170 76.63941 10.668564
p 79 171 74.566574 -2.7082443
p 78 172 73.17685 -0.6411514
p 77 172 72.98226 -7.1698303
p 76 173 66.35689 -6.9281616

c 28 0.74513245
p 70 36 47.109978 0.01922226
p 71 37 47.182693 -0.04894638
p 71 38 47.243294 -0.026498795
p 72 39 47.300842 0.041137695
p 71 40 47.339813 -0.013492584
p 71 41 47.48715 -0.021966934
p 71 42 47.48715 -0.15016937
p 70 43 47.565273 -0.008636475
p 71 44 47.640156 -0.07230759
p 72 45 47.676548 -0.008337021
p 71 46 47.764412 -0.09445
p 71 47 47.85511 -0.017913818

c 29 0.6240158
p 70 210 47.656895 -0.07846069
p 71 211 47.604206 -7.8964233E-4
p 71 212 47.53529 -0.103523254
p 72 213 47.50934 0.015153885
p 71 214 47.43934 -0.08506775
p 71 215 47.292633 0.0068092346
p 71 216 47.25912 -0.041030884
p 71 217 47.25883 0.02009964
p 70 218 47.18079 -0.002084732
p 70 219 47.164402 0.03894615
p 71 220 47.083176 -0.12094498
p 72 221 47.07895 0.033626556
p 72 222 47.03288 -0.13690186
p 71 223 47.03288 -0.1967144

c 30 9.400326
p 75 25 46.85522 -0.1214962
p 76 26 46.85522 -0.09869194
p 77 27 46.929703 -0.015558243
p 78 27 46.94705 -0.35860062
p 79 28 46.969982 -0.031843185
p 80 29 47.011417 0.017658234
p 80 30 47.030663 -0.043725967
p 80 31 47.052864 -0.09562302
p 81 32 47.0921 -0.018798828
p 82 33 47.121754 -0.0673008
p 83 34 47.12189 -0.04555893
p 82 35 47.17722 -0.0332222
p 82 36 47.198605 -0.06369209
p 83 37 47.221233 -0.044755936
p 84 37 47.263226 -0.068525314
p 85 38 47.29128 -0.034231186
p 85 39 47.366302 0.10859108
p 84 40 47.366302 -0.045621872
p 84 41 47.492687 -0.112350464
p 84 42 47.560207 0.022724152
p 84 43 47.56963 -0.059526443
p 85 44 47.647438 -0.15825844
p 85 45 47.723484 -0.09790611
p 86 46 47.817474 -0.0655117
p 86 47 47.88591 -0.1606636
p 87 48 48.025753 -0.0076503754
p 88 49 48.03085 -0.082359314
p 89 50 48.27449 -0.07300186
p 90 51 48.480724 -0.05576706
p 91 52 48.69485 -0.179245
p 92 53 48.86017 0.10996246
p 91 54 49.018993 -0.056051254
p 92 55 49.32245 0.065719604
p 93 56 49.502075 -0.02870369
p 94 57 49.709774 0.08890343
p 95 58 49.835926 0.0423584
p 96 59 49.970097 -0.12699127
p 95 60 50.18523 0.17341423
p 96 61 50.341385 -0.0056037903
p 95 62 50.439194 2.3761845
p 94 63 50.76105 0.38097954
p 93 63 51.224026 1.8700218
p 92 64 51.75422 1.9917278
p 91 65 52.315742 -0.5678425
p 92 66 52.95037 -1.634798
p 91 67 53.690403 0.29123306
p 92 68 54.272514 1.3982277
p 91 69 55.06975 3.8344574
p 92 70 56.255547 -5.9781246

c 31 3.8830948
p 77 62 51.455227 0.1404953
p 78 61 50.940865 -0.13507271
p 78 60 50.521088 -0.03299141
p 79 59 50.136543 0.075489044
p 80 58 49.617012 -0.23763847
p 81 57 49.435238 0.074344635
p 81 56 49.137688 -0.14044952
p 81 55 48.849937 -0.011022568
p 82 54 48.713802 0.014268875
p 82 53 48.49689 -0.13438416
p 82 52 48.436367 -0.08156395
p 82 51 48.29739 -0.036720276
p 83 50 48.150536 0.012968063
p 82 49 48.070576 -0.0070762634
p 81 48 48.006733 0.016471863
p 80 47 47.877083 -0.018072128
p 80 46 47.753956 -0.090545654
p 80 45 47.703465 -0.033254623
p 80 44 47.572132 -0.06160164
p 79 44 47.572132 -0.044000626

c 32 40.800358
p 77 62 51.455227 2.2071266
p 78 63 52.084232 1.1123104
p 79 64 52.814342 3.712719
p 80 65 53.564274 1.4131012
p 81 66 54.351204 -5.2234173
p 80 67 55.198452 1.427288
p 81 68 56.31121 -6.810375
p 80 69 58.594162 -12.438465
p 79 70 60.40678 -13.738956
p 78 71 62.253593 -14.454861
p 77 72 64.413826 -7.9728622
p 78 73 66.21556 4.297043
p 77 74 68.20656 2.1866722
p 78 75 70.7333 -11.410576
p 79 76 75.076355 -9.747536
p 80 77 81.0578 -4.3199196
p 81 78 84.03671 -1.2751389
p 80 79 87.19531 -0.9185562
p 79 80 90.52119 -1.276474
p 78 81 92.255585 -0.35708237

c 33 54.07116
p 80 96 101.102036 -2.9063988
p 81 95 96.119225 -5.085228
p 82 94 92.92411 -8.104965
p 83 93 89.813995 -10.293541
p 84 92 86.76445 -11.914803
p 85 91 83.75716 -13.816353
p 86 90 81.0616 -8.597969
p 85 89 78.089165 -2.8724403
p 86 88 75.778366 -20.295597
p 87 87 74.710915 -18.799847
p 88 86 73.35598 -18.02119
p 89 85 72.34477 -17.009464
p 90 84 71.48522 -15.876354
p 91 83 70.69165 -15.531532
p 92 82 69.627144 -16.262314
p 93 81 68.740105 -15.576225
p 94 80 68.01647 -11.557816
p 95 79 67.1133 -5.9744873
p 96 80 66.2078 9.077671
p 97 79 65.49832 -4.4416237
p 98 78 64.63556 -7.524296
p 99 77 63.795643 -7.3674393
p 100 76 62.99994 -8.590809
p 101 75 62.330883 -7.634407
p 102 74 61.58151 -5.662981
p 103 73 60.936935 -9.255497
p 104 72 60.24859 -10.462864
p 105 71 59.568657 -8.234442
p 106 70 58.907726 -12.185825
p 107 69 58.237835 -11.4417
p 108 68 57.549694 -7.5025826
p 109 67 56.84705 -5.6865044
p 110 66 56.16262 -7.6612225
p 109 65 55.515186 7.3157654
p 110 64 54.873363 6.9449596
p 109 63 54.209354 5.3162956
p 110 62 53.562256 2.9975338
p 111 61 52.94562 -0.13061523
p 111 60 52.3631 0.03306961
p 110 59 51.731346 -0.03233719
p 109 58 51.09487 0.13288498
p 108 57 50.701466 -0.069143295
p 108 56 50.396713 -0.10052872
p 109 55 50.05483 0.07235336
p 108 54 49.536144 0.014978409
p 109 53 49.080154 0.0164814
p 108 52 48.78526 0.05089569
p 107 51 48.565403 0.04742813
p 106 50 48.266304 -0.14074326
p 107 49 48.12076 0.048009872
p 106 48 48.098564 -0.15291977
p 105 47 47.977406 0.012292862
p 105 46 47.834877 -0.16978836
p 106 45 47.744606 0.009315491
p 105 44 47.64476 -0.124824524
p 104 43 47.627316 0.13858223
p 103 42 47.513496 0.020654678
p 103 41 47.501987 -0.05978012
p 103 40 47.37583 -0.1264782
p 102 39 47.280304 -0.06607056
p 101 38 47.272003 0.04399681
p 102 37 47.241512 -0.005125046
p 103 36 47.16155 -4.3296814E-4
p 104 35 47.129135 -0.058467865
p 104 34 47.12185 -0.042352676
p 105 33 47.030876 0.006105423
p 105 32 47.030876 -0.025642395

c 34 0.41870117
p 90 40 47.431473 -0.1270237
p 91 39 47.4234 -0.03886032
p 92 38 47.277428 -0.011686325
p 93 38 47.25559 0.019311905
p 94 37 47.208767 -0.09902763
p 94 36 47.181942 -0.0042972565
p 95 35 47.163177 0.025648117
p 96 34 47.09412 -0.061904907
p 97 33 47.071823 -0.033521652
p 96 32 47.071823 0.022771835
p 96 31 47.06624 0.029390335
p 95 30 47.01277 0.041246414
p 94 29 47.01277 -0.12286949

c 35 0.9230728
p 93 224 47.105602 0.055109024
p 94 223 47.154312 -0.115377426
p 95 222 47.154312 -0.055009842
p 95 221 47.195744 -0.047266006
p 96 220 47.25787 0.020944595
p 97 219 47.274532 -0.03816414
p 98 218 47.290066 -0.10638237
p 99 217 47.30528 -0.07550812
p 98 216 47.347816 -0.08708191
p 97 215 47.357613 -0.1183033
p 96 214 47.385265 0.07106209
p 97 213 47.4221 -0.06414032
p 97 212 47.520897 -0.0030784607
p 97 211 47.595135 -0.07949829
p 98 210 47.698322 -0.079179764
p 98 209 47.718655 -0.14984512
p 98 208 47.80931 -0.13765907
p 99 207 47.94703 0.05608368
p 100 206 48.023506 -0.19975281
p 101 206 48.028675 -0.24406052
p 102 207 48.007862 0.1324215
p 101 208 47.81309 0.017747879
p 102 209 47.72024 -0.12569618
p 103 210 47.66007 -0.062337875
p 103 211 47.573288 -0.028821945
p 103 212 47.573288 -0.037050247
p 103 213 47.484398 -0.1596489
p 102 214 47.46741 0.032611847
p 102 215 47.320763 -0.08550453
p 102 216 47.320763 -0.007713318
p 101 217 47.286095 2.8419495E-4
p 102 218 47.248276 -0.13970947
p 103 219 47.22905 0.030773163
p 104 220 47.19808 0.05022812
p 105 221 47.152657 -0.13542747
p 106 222 47.112614 -0.06417656
p 107 222 47.112614 -0.15064049
p 106 221 47.12263 0.12469292
p 107 220 47.160053 -0.09697914
p 107 219 47.160053 -0.054992676
p 107 218 47.20526 -0.040136337
p 108 217 47.20526 -0.15640068

c 36 34.636787
p 97 97 96.8019 -5.2728157
p 98 96 95.079926 -5.1319885
p 99 95 93.37649 -6.082386
p 100 94 92.23919 -0.79481506
p 101 93 91.850746 1.2016411
p 101 92 91.6855 -2.407547
p 102 91 86.15803 -5.7687187
p 103 90 84.93146 -9.11441
p 104 89 81.99228 -10.6041565
p 105 88 81.15488 3.5762901
p 104 87 80.63832 -1.628788
p 103 86 80.11683 -5.003521
p 102 85 79.54043 4.592697
p 103 84 79.00132 4.736923
p 103 83 78.797195 -0.53088
p 104 82 67.26628 -11.954746
p 105 81 66.55625 -9.849373
p 106 80 65.86903 -1.6774368
p 107 79 65.13984 -12.437805
p 106 78 64.35041 -13.245186
p 105 77 63.53181 -16.547092
p 104 76 62.81352 -16.936905
p 103 75 62.165115 -10.824768

c 37 52.838726
p 100 197 50.176365 -0.38907433
p 101 196 50.665577 0.012691498
p 101 195 51.281525 -0.5189266
p 102 194 51.8787 -0.639925
p 103 193 52.47439 0.35264015
p 104 192 53.11656 3.3611946
p 103 191 53.80993 6.4199734
p 102 190 54.47488 1.393547
p 103 189 55.166313 -1.3960991
p 102 188 55.90106 -4.00383
p 101 187 56.664207 -9.068649
p 102 186 57.43529 -0.65247726
p 101 185 58.322945 -3.4472198
p 102 184 59.116444 -3.5795784
p 103 183 59.918232 -17.233456
p 104 184 60.817543 1.2361794
p 105 183 61.649677 -10.013855
p 106 182 62.56246 -7.0442123
p 105 181 63.32867 1.5800247
p 106 180 64.12563 -11.18655
p 107 179 65.00928 -7.164852
p 108 178 66.04796 -8.0477295
p 109 177 67.11872 -12.588932
p 110 176 67.85158 -12.260414
p 111 175 68.8068 -9.28886
p 112 174 69.5399 -13.315392
p 113 173 70.6362 -12.450466
p 114 172 72.67329 -4.8575974
p 113 171 73.09384 -15.246464
p 112 170 74.19618 -2.0951347
p 113 169 75.07227 -16.28236
p 114 168 76.111176 -8.169121
p 113 167 77.1137 9.968788
p 114 166 78.3627 -12.570423
p 115 165 79.705765 -14.102955
p 116 164 80.85369 -14.031158
p 117 163 82.06263 -13.195675
p 118 162 83.200096 -8.961773
p 119 161 85.38913 -14.938114
p 120 160 87.014145 -7.419258
p 119 159 88.90039 1.2195816
p 120 158 90.44958 -9.611557
p 121 157 93.874756 -3.5101852
p 120 156 98.0248 1.4183998
p 121 155 100.60236 -3.9904442
p 122 154 103.01509 -2.21418

c 38 11.941269
p 101 95 95.41395 -3.9185638
p 102 96 97.32063 -1.5620918
p 103 97 98.90884 0.09644699
p 103 98 99.83961 0.41287613
p 102 99 101.10061 -0.11590958
p 101 100 101.65971 0.67785263
p 101 101 102.40047 -2.0451431
p 102 102 104.90371 -0.16353607
p 103 103 105.752655 -0.07270813
p 103 104 106.389915 -0.24262619
p 102 105 106.709076 0.008441925
p 102 106 107.108406 -0.035068512
p 102 107 107.27646 -0.092556
p 102 108 107.35522 -0.04346466

c 39 21.305542
p 103 156 102.90708 -1.3549385
p 104 157 101.213295 -1.2305908
p 105 158 99.63635 -0.01777649
p 106 159 98.09814 -3.2152863
p 105 160 96.96113 0.12270355
p 106 161 95.58493 -3.5909882
p 107 162 94.10428 -1.9859352
p 108 162 93.33496 -2.9059143
p 109 163 86.804855 -9.139389
p 110 164 85.213165 -10.244415
p 111 165 83.72415 -12.564045
p 112 166 81.60154 -15.951035

c 40 18.793488
p 106 89 81.64914 -8.937244
p 107 90 82.1287 -12.244835
p 108 91 82.66763 -10.738243
p 109 92 83.44488 -9.614056
p 110 93 84.59211 -8.079777
p 111 94 85.795235 -9.247097
p 112 95 87.28856 -8.999874
p 113 96 90.07344 -6.524086
p 114 97 91.17873 -5.205448
p 113 98 92.356895 3.8443375
p 114 99 93.74318 -8.705894
p 115 100 95.19701 -8.142738
p 116 101 96.571915 -1.1692047
p 115 102 98.14292 3.5319977
p 116 103 100.44263 -0.3753662

c 41 5.344818
p 108 226 46.96886 -0.18023491
p 109 226 46.96886 -0.05032921
p 110 226 46.99462 -0.11933327
p 111 225 47.023857 -0.05466652
p 112 224 47.062077 -0.044858932
p 113 223 47.06238 -0.13958931
p 114 223 47.066036 -0.01855278
p 115 222 47.089695 -0.0045394897
p 115 221 47.089695 -0.047201157
p 116 221 47.0944 -0.07046318
p 117 220 47.129074 0.0063228607
p 117 219 47.177765 0.0038833618
p 117 218 47.205795 -0.07541275
p 118 217 47.23429 -0.09852028
p 119 217 47.276554 0.012989044
p 120 216 47.300396 -0.15184975
p 120 215 47.30505 -0.19222641
p 120 214 47.4424 -0.12946701
p 121 213 47.503365 0.056171417
p 120 212 47.5316 -0.028490067
p 121 211 47.617577 0.036706924
p 122 210 47.634228 -0.03387451
p 122 209 47.696594 -0.0096035
p 123 208 47.83952 -0.09859276
p 123 207 47.938118 -0.091501236
p 122 206 48.11059 -0.08722496
p 122 205 48.17124 -0.1491108
p 121 204 48.262955 -0.11445427
p 120 203 48.449177 0.108831406
p 121 202 48.63824 -0.056138992
p 121 201 48.842453 0.06406021
p 122 200 49.13539 -0.01820755
p 123 199 49.398342 -0.058933258
p 124 198 49.57564 -0.15191841
p 124 197 49.700447 0.026805878
p 124 196 49.88764 0.13783073
p 125 195 50.161625 0.16385269
p 126 194 50.517166 0.0064525604
p 127 193 50.782093 -0.14415169
p 127 192 51.246735 7.0552444
p 126 191 51.777073 1.9566422
p 127 190 52.31368 11.149445

c 42 1.0487747
p 113 205 48.16623 -0.037755966
p 114 206 48.015064 -0.06959152
p 115 207 47.871265 -0.048225403
p 116 206 48.079914 0.059778214
p 117 207 47.855556 -0.121557236
p 117 208 47.835613 -0.0391922
p 117 209 47.719315 -0.027770996
p 116 210 47.599323 -0.06113243
p 116 211 47.596745 0.027191162
p 115 212 47.47569 0.013496399
p 115 213 47.42156 -0.007045746
p 116 214 47.367115 -0.06979561
p 115 215 47.335175 -0.043180466
p 114 216 47.323708 -0.08698654
p 114 217 47.277428 -0.023218155
p 113 218 47.230263 -0.014974594
p 113 219 47.167744 -0.01703453
p 113 220 47.167744 0.032852173
p 114 221 47.117455 -0.052228928

c 43 0.599926
p 114 43 47.54301 0.042015076
p 115 42 47.462234 0.020141602
p 116 41 47.426647 -0.09148979
p 117 40 47.426647 -0.0061187744
p 116 39 47.33311 -0.054973602
p 117 38 47.22382 -0.08801651
p 118 37 47.20871 -0.014663696
p 119 37 47.20871 -0.07465744
p 120 36 47.10637 -9.365082E-4
p 121 35 47.10334 0.058158875
p 122 34 47.097015 -0.12953186
p 122 33 47.063465 -0.101615906
p 121 32 47.063465 -0.029058456
p 121 31 46.985428 -0.021059036
p 121 30 46.985428 0.032979965
p 122 29 46.97933 -0.041996002
p 123 29 46.957466 -0.110752106
p 124 28 46.943085 -0.058202744
p 125 29 46.943085 -0.08850098

c 44 5.553627
p 114 64 52.658726 9.258699
p 115 63 52.133316 7.237314
p 116 62 51.78656 6.385002
p 117 61 51.379242 0.16839218
p 118 60 50.997723 0.20754051
p 119 59 50.69209 0.17404175
p 120 58 50.45858 0.07249069
p 121 57 50.180252 0.05537033
p 122 56 49.92631 0.038524628
p 122 55 49.63212 -0.07030487
p 123 54 49.360607 -0.045671463
p 123 53 49.114178 -0.0052318573
p 124 52 48.777603 0.09323692
p 123 51 48.495094 -0.0763855
p 123 50 48.41194 0.055898666
p 124 49 48.14309 -0.10335922
p 123 48 48.10277 -0.036411285
p 122 47 48.02996 -0.02336502
p 123 46 47.88461 -0.13768578
p 122 45 47.80963 0.11325455
p 122 44 47.644264 0.054288864
p 121 43 47.514317 0.029346466
p 122 42 47.44094 0.036266327
p 123 41 47.33016 -0.06515312
p 122 40 47.28972 -0.015834808
p 122 39 47.25683 -0.08337402
p 123 38 47.208946 0.031000137
p 122 37 47.15336 0.011705399
p 123 36 47.1051 -0.017419815
p 123 35 47.1051 -0.1330452

c 45 28.780064
p 122 81 75.64426 3.822689
p 123 80 75.36662 4.568653
p 123 79 74.589966 2.2413406
p 124 78 62.174435 -9.716339
p 125 77 61.235153 -9.736118
p 126 76 60.683582 -4.1464767
p 127 75 59.893204 -4.25848
p 128 74 59.01438 -1.4488564
p 129 73 58.310863 -3.277378
p 128 72 57.55426 4.897381
p 129 71 56.7737 -4.362484
p 130 70 56.203823 -6.5645638
p 131 69 55.530155 -3.603962
p 132 68 54.846714 -4.269926
p 131 67 54.194347 4.25132
p 132 66 53.570377 3.1957436
p 131 65 52.94708 8.94035
p 132 64 52.362427 2.543417
p 133 63 51.88896 2.7281055
p 134 62 51.39417 4.3054523
p 135 62 50.90868 5.384075
p 136 61 50.67064 -0.17255402
p 136 60 50.489204 -0.2369194
p 136 59 50.285885 -0.26791763
p 137 58 50.006573 -0.056100845
p 136 57 49.828964 0.055200577
p 137 56 49.526917 -0.1439228
p 137 55 49.15443 -0.019651413
p 137 54 49.04198 0.054473877
p 138 53 48.818916 0.056108475
p 139 52 48.53239 -0.054027557
p 138 51 48.39706 0.03499794
p 139 50 48.230556 -0.06863785
p 139 49 47.959583 -0.19755745
p 140 48 47.931496 -0.055130005
p 141 47 47.89748 0.046855927
p 142 46 47.74863 -0.004350662
p 143 45 47.65076 -0.030797958
p 142 44 47.589806 -0.14500427
p 142 43 47.51526 -0.13988304
p 143 42 47.44219 -0.07545471
p 142 41 47.42198 0.0025577545
p 141 40 47.3526 -0.020578384
p 140 39 47.34193 0.0065193176
p 140 38 47.30785 -0.110832214
p 140 37 47.25966 -0.07670784
p 141 36 47.206223 -0.08027077
p 140 35 47.189766 -0.076005936
p 141 34 47.13586 -0.0041103363
p 141 33 47.115788 -0.0882225
p 140 32 47.09421 0.023324966
p 139 31 47.064156 -0.019281387
p 139 30 47.038803 0.0010528564
p 138 29 46.968094 -0.052625656
p 137 28 46.942547 0.052841187
p 138 27 46.870632 -0.06987381
p 138 26 46.864193 -0.00843811
p 137 25 46.864193 -0.03752899

c 46 28.22895
p 127 169 75.28907 -10.745384
p 128 170 73.4515 -15.461674
p 129 171 72.05841 -11.562527
p 128 172 70.96876 -14.054657
p 127 173 70.29729 -10.379734
p 128 174 68.98514 -13.157604
p 129 175 68.10196 -6.8832245
p 128 176 67.05713 11.825321
p 129 177 66.2262 1.512703
p 128 178 65.12302 2.635765
p 129 179 64.33693 -11.473778
p 130 180 63.628613 -13.790794
p 131 181 63.002934 -13.584816
p 132 182 62.207996 -11.068653
p 133 183 61.61075 -4.9416428
p 134 184 61.022995 -9.754669
p 135 185 60.395275 -12.8271675
p 136 186 59.656467 -12.09594
p 137 187 58.8118 -10.814968
p 138 188 57.76722 6.7602425
p 138 189 56.637707 -4.5695114
p 139 190 55.43874 2.0768967
p 138 191 54.67464 6.288328
p 139 192 53.90704 5.9321823
p 140 193 53.171406 5.269367
p 141 194 52.489784 0.040245056
p 140 195 51.820927 -0.12737656
p 139 196 51.3103 0.17708588
p 140 197 50.613216 -0.16921616
p 141 198 50.035812 -0.042484283
p 141 199 49.623455 0.038244247
p 140 200 49.108997 -0.071876526
p 141 201 49.001213 0.114025116
p 140 202 48.6809 -0.03530121
p 139 203 48.44563 -0.10573959
p 138 204 48.34499 -0.07618904
p 138 205 48.2204 0.074617386
p 137 206 48.084953 -0.07587814
p 136 207 47.98003 0.013879776
p 136 208 47.855324 -0.07754707
p 137 209 47.81124 0.005306244
p 136 210 47.706795 -0.031345367
p 137 211 47.55153 -0.0800972
p 138 212 47.494156 0.010858536
p 137 213 47.494156 -0.29072762
p 136 213 47.469223 0.05524254
p 135 214 47.461273 0.13791656
p 136 215 47.41212 0.060913086
p 136 216 47.367874 -0.14700699
p 135 217 47.32459 -0.07135773
p 135 218 47.300343 -0.015550613
p 136 219 47.206104 -0.1418724
p 137 220 47.206104 -0.008378983
p 138 221 47.137634 1.8119812E-4
p 139 222 47.12404 -0.044895172
p 139 223 47.12404 2.3651123E-4
p 140 224 47.06012 -0.06608963
p 139 224 47.06012 -0.19240189

c 47 0.89492035
p 128 47 47.864704 -0.065395355
p 129 46 47.79712 -0.0634079
p 130 45 47.71671 0.055721283
p 131 44 47.62073 -0.07787132
p 132 43 47.51598 -0.025867462
p 131 42 47.51598 -0.067726135
p 130 41 47.396896 -0.17469788
p 131 40 47.367607 0.038391113
p 130 39 47.238106 -0.08070564
p 130 38 47.238106 -0.119125366
p 130 37 47.22487 -0.016992569
p 129 36 47.16474 0.043727875
p 130 35 47.11243 -0.012191772
p 130 34 47.07985 -0.011133194
p 131 33 47.06105 0.03036499
p 132 32 46.99591 -0.018018723
p 132 31 46.969784 -0.06393051
p 132 30 46.969784 -0.04720688

c 48 0.24509811
p 128 219 47.192535 -0.014915466
p 128 220 47.192535 -0.007663727
p 129 221 47.136196 -0.04650879
p 130 222 47.11238 -0.12551689
p 131 221 47.11238 0.089544296
p 132 222 47.10429 -0.09962845
p 133 223 47.05913 -0.03876877
p 133 224 47.05913 -0.068912506
p 134 225 47.031948 0.06154442
p 133 226 46.947437 -0.039463043
p 134 227 46.947437 0.027103424

c 49 50.985607
p 130 99 99.75276 -0.7443619
p 131 98 97.38764 -3.1293335
p 132 97 95.8214 -3.2064285
p 132 96 93.34711 -5.410904
p 133 95 86.942406 -3.3742218
p 134 94 85.931984 -6.318054
p 133 93 84.665344 -0.8834915
p 134 92 83.34204 -10.925858
p 135 91 81.94023 -7.7782784
p 136 90 80.26745 -4.9313545
p 135 89 77.22527 -0.94892883
p 136 88 76.31452 -1.5536232
p 135 87 75.350845 0.82697296
p 136 86 74.35066 -7.801079
p 137 85 73.18394 -0.9435234
p 136 84 69.23769 -5.731846
p 137 83 68.270966 -10.010117
p 138 82 67.413635 -7.408539
p 137 81 66.5031 3.8976097
p 138 80 65.8767 -9.391209
p 139 79 64.9261 -13.560848
p 140 78 64.230995 -10.060764
p 141 77 63.471516 -9.02615
p 142 76 62.413776 -11.007687
p 143 75 61.445442 -8.724106
p 144 74 60.40213 -8.321896
p 145 73 59.64796 -11.850338
p 146 72 58.893005 -11.102776
p 147 71 58.198956 -1.8614788
p 146 70 57.507057 -8.662552
p 145 69 56.82164 -6.60256
p 146 68 56.14156 6.69746
p 145 67 55.46826 3.615162
p 146 66 54.779793 5.0442696
p 145 65 54.072815 6.0466156
p 146 64 53.4188 7.1658154
p 145 63 52.770885 5.5391693
p 144 62 52.141544 -0.02160263
p 144 61 51.48726 -0.3618965
p 143 60 51.0048 -0.15234947
p 142 59 50.52519 -0.08026886
p 141 58 50.25566 -0.107688904
p 140 57 49.77166 -0.023704529
p 140 56 49.41841 -0.11119652
p 139 55 49.164047 -0.0040302277
p 140 54 48.957508 0.08951378
p 139 53 48.767155 -0.13929367

c 50 1.249321
p 132 50 48.257412 0.028053284
p 133 49 48.120754 -0.01493454
p 134 48 48.020138 -0.05307007
p 133 47 47.895405 -0.034433365
p 133 46 47.79932 -0.06196022
p 134 45 47.641132 -0.10954666
p 134 44 47.61847 -0.13524628
p 134 43 47.591053 -0.10041046
p 135 42 47.4967 -0.014326096
p 135 41 47.42618 -0.08085251
p 136 40 47.42618 0.037843704
p 136 39 47.264996 -0.13378716
p 136 38 47.218956 -0.046663284
p 135 37 47.19687 0.023675919
p 136 36 47.137535 0.0093307495
p 137 35 47.088356 -0.0744133
p 137 34 47.056 -0.143816
p 136 33 47.055534 -0.03252983
p 135 33 47.045948 0.015510559
p 134 33 47.010857 -0.057332993
p 133 32 47.00809 -0.0105724335

c 51 46.23472
p 139 188 57.43846 -3.2777138
p 140 187 58.34812 -8.954819
p 141 186 59.404743 -9.860031
p 142 185 60.4972 -8.833256
p 143 184 61.933075 -5.3077316
p 144 183 62.598053 -4.0407715
p 145 182 63.297867 -3.3825073
p 146 181 64.09939 -6.1531525
p 147 180 64.854126 -7.378536
p 148 179 65.5921 -8.842461
p 149 178 66.2947 -8.017162
p 150 177 66.96459 -7.162758
p 149 176 67.66852 7.6992035
p 150 175 68.461525 -6.7817764
p 151 174 69.2952 -12.87397
p 152 173 70.16228 -15.859707
p 153 172 71.07832 -16.873047
p 154 171 72.019684 -9.20681
p 155 170 72.966034 -17.585129
p 156 169 74.09363 -16.563843
p 157 168 75.08341 -18.25415
p 158 167 76.160095 -19.049824
p 159 166 77.34548 -4.02396
p 158 165 81.479576 -17.47926
p 157 164 85.34794 -14.936752
p 156 163 88.0972 -11.320099
p 155 162 90.30652 -7.432125
p 154 161 96.23589 -6.7134056
p 153 160 98.74292 -5.324459
p 152 159 101.28972 -0.8826065
p 153 158 103.67318 -0.99980545

c 52 0.71095276
p 149 209 47.689713 -0.012945175
p 149 210 47.643833 -0.06712532
p 149 211 47.555504 -0.06527138
p 150 212 47.555504 -0.09967804
p 151 212 47.497684 -0.10203552
p 152 213 47.491653 0.038970947
p 153 214 47.371548 -0.056928635
p 152 215 47.326527 0.06459427
p 153 216 47.29907 0.006866455
p 153 217 47.286385 -0.03319359
p 154 218 47.260277 -0.02486229
p 154 219 47.225403 -0.07170677
p 154 220 47.14056 -0.019521713
p 154 221 47.14056 0.025785446
p 153 222 47.095173 -0.01618576
p 154 223 47.050312 0.021183014
p 153 224 47.025406 -0.062021255
p 153 225 47.017426 -0.064517975
p 154 226 46.984276 -0.075273514
p 155 226 46.984276 -0.0017242432
p 156 226 46.97876 0.005613327
p 157 226 46.97876 -0.14098549

c 53 8.493862
p 149 209 47.689713 -0.064014435
p 150 208 47.778133 0.07953262
p 151 207 47.86718 -0.033348083
p 152 206 48.008045 -0.057733536
p 152 205 48.158268 0.016433716
p 153 204 48.36211 -0.019519806
p 153 203 48.519745 -0.062913895
p 154 202 48.717678 -0.053943634
p 154 201 48.89608 -0.013519287
p 154 200 49.017166 0.04794693
p 153 199 49.19855 -0.07114792
p 153 198 49.494305 0.023880005
p 152 197 49.685642 0.034944534
p 152 196 49.934097 -0.22111511
p 153 195 50.32843 -0.02867508
p 153 194 50.742558 -0.22607422
p 154 193 51.155746 -0.1405983
p 154 192 51.691162 3.1626835
p 155 191 52.316704 3.1395817
p 156 190 52.880722 2.0203552
p 155 189 53.52226 -5.062586
p 156 188 54.2634 -1.6141548
p 155 187 55.083836 -9.37664
p 154 186 56.183575 -10.984886

c 54 0.60515213
p 150 46 47.64896 -0.13085556
p 151 45 47.61933 -0.028839111
p 152 44 47.523216 -0.060100555
p 152 43 47.497772 -0.101026535
p 151 42 47.44493 -0.0272789
p 152 41 47.41195 -0.04499817
p 153 40 47.32335 -0.04386711
p 153 39 47.32335 -0.04660225
p 152 38 47.279488 -0.0997448
p 152 37 47.279488 -0.037704468
p 151 36 47.191246 -0.03307724
p 151 35 47.124077 -0.08952904
p 152 34 47.09914 0.10820198
p 153 33 47.09914 0.027414322
p 154 32 47.06208 -0.022777557
p 155 31 47.043808 -0.02623558
p 156 32 47.043808 -0.05311966

c 55 2.1588554
p 150 46 47.64896 -0.056640625
p 151 47 47.77381 0.011526108
p 152 48 47.79393 0.002998352
p 153 49 47.950573 -0.107658386
p 153 50 48.017002 0.009918213
p 153 51 48.18407 -0.15982819
p 152 52 48.4874 -0.02123642
p 152 53 48.60214 -0.1574955
p 153 54 48.767998 -0.146101
p 154 55 49.085587 0.104019165
p 153 56 49.401287 0.03217697
p 154 57 49.807816 0.06251335

c 56 44.44613
p 156 91 91.679565 -3.4679031
p 157 90 89.390274 -7.032688
p 158 89 87.41862 -3.1891518
p 157 88 84.70148 -0.8151169
p 158 87 82.59537 -1.6907501
p 157 86 81.206955 -0.49864197
p 158 85 78.77719 -14.929836
p 159 84 76.90164 -14.497776
p 160 83 74.30119 -8.9007225
p 159 82 72.72944 -15.58128
p 158 81 71.31208 -7.7924423
p 159 80 69.79333 -15.133144
p 160 79 68.56783 -17.123829
p 161 78 67.49464 -16.545815
p 162 77 66.41196 -10.24527
p 161 76 65.21538 1.4566536
p 162 75 64.03044 -17.58781
p 163 74 63.00113 -16.82695
p 164 73 61.81845 -12.699554
p 165 72 60.82444 -13.4762535
p 166 71 59.400337 -13.28471
p 167 70 58.484573 -9.00317
p 168 69 57.60793 0.20005798
p 167 68 56.877563 -7.8547516
p 166 67 56.176037 -5.249201
p 167 66 55.491253 10.364227
p 166 65 54.81082 5.991068
p 167 64 54.123547 2.8659039
p 168 63 53.40768 2.0824203
p 169 62 52.67659 5.407337
p 170 61 52.020115 -0.104854584
p 171 60 51.387234 0.081890106
p 172 59 50.783123 0.0030612946
p 173 58 50.206367 -0.024765015
p 174 57 49.73187 0.03856659
p 175 56 49.414272 0.072496414
p 176 55 49.09957 -0.0892334
p 176 54 48.779587 -0.18928528
p 177 53 48.534626 0.005384445
p 176 52 48.351982 -0.041360855
p 176 51 48.1775 0.022434235
p 177 50 47.946846 -0.11787224
p 178 49 47.90309 0.0968132
p 179 48 47.86105 0.034975052
p 179 47 47.761127 0.10230255
p 180 46 47.614803 -0.037427902
p 179 45 47.610172 -0.037425995
p 179 44 47.532948 -0.016765594
p 179 43 47.460766 -0.068834305
p 178 42 47.434097 -0.03721237
p 178 41 47.353344 0.01854515
p 179 40 47.233437 0.012332916
p 178 39 47.233437 0.009346008

c 57 16.926228
p 160 184 64.07074 -2.5307999
p 161 185 60.775963 -20.464622
p 162 186 58.461628 -20.015682
p 163 187 56.65603 -11.676247
p 162 188 55.3525 6.7228966
p 163 189 54.144123 5.855053
p 162 190 53.192276 7.6991577
p 163 191 52.47108 11.402687
p 162 192 51.906803 4.766163
p 161 193 51.366932 0.04389763
p 162 194 50.792984 -0.05752182
p 163 195 50.304756 -0.048597336
p 162 196 49.86096 -0.0011329651
p 161 197 49.609684 0.07847977
p 162 198 49.328224 0.09420586
p 163 199 49.031437 -0.004301071
p 164 200 48.791885 -0.00922966
p 165 201 48.62746 -0.043783188
p 164 202 48.5207 -0.054540634
p 163 203 48.32329 0.016145706
p 164 204 48.187515 -0.01651764
p 164 205 48.031994 -0.08551979
p 165 206 48.031994 0.11128807
p 164 207 47.890087 -0.06896973
p 163 208 47.805943 -0.062482834
p 163 209 47.785896 -0.107580185
p 162 210 47.756004 -0.018060684
p 162 211 47.63347 -0.18532944
p 163 212 47.595505 -0.027521133
p 163 213 47.48926 -0.010421753
p 163 214 47.44047 -0.05136299
p 164 215 47.35152 -0.011343002
p 164 216 47.28219 -0.06971359
p 163 217 47.28219 0.10667229
p 162 218 47.22664 -0.039239883
p 162 219 47.178543 0.014160156
p 161 220 47.16086 -0.11683655
p 160 221 47.144512 0.00797081
p 161 221 47.144512 -0.12343025

c 58 43.407505
p 165 98 101.84526 -0.6921234
p 166 97 98.483246 -5.407387
p 167 96 95.977005 -7.9361877
p 168 95 93.11767 -10.909927
p 169 94 90.0421 -11.648949
p 170 93 88.413315 -12.446136
p 171 92 87.20772 -10.341209
p 172 91 86.141754 -7.5304184
p 173 90 82.066574 -11.862892
p 174 89 80.49769 -12.743565
p 175 88 78.97881 -14.297665
p 176 87 77.61318 -12.667103
p 177 86 76.43526 -7.1537476
p 176 85 75.03538 -13.864635
p 175 84 73.55526 -13.127773
p 174 83 72.77458 -3.5440025
p 175 82 70.363106 -13.428207
p 176 81 69.28018 -14.485596
p 177 80 68.26068 -13.326904
p 178 79 67.22085 -3.4887886
p 177 78 66.42295 -7.46986
p 176 77 65.68548 -7.5967407
p 175 76 64.89698 -6.829754
p 174 75 64.069664 -6.129238
p 173 74 63.23883 -9.543774
p 172 73 62.48692 -8.759396
p 173 72 61.59005 4.413666
p 172 71 60.814102 -10.757381
p 171 70 60.017864 -12.172462
p 170 69 59.193798 -8.510094
p 169 70 58.437756 -6.9349823

c 59 0.40008545
p 168 219 47.18501 0.007724762
p 168 220 47.164055 -0.028865814
p 168 221 47.105553 0.020723343
p 169 222 47.069427 -0.17819214
p 170 223 47.06755 -0.042308807
p 171 224 47.06755 -0.028266907
p 172 225 47.058907 -0.051965714
p 172 226 47.030727 -0.03576088
p 172 227 47.022972 -0.094192505
p 173 228 47.021496 -0.054307938
p 174 229 46.928097 -0.14749718
p 173 230 46.91548 0.032886505
p 174 231 46.866734 -0.099845886
p 175 232 46.84534 -0.0044174194
p 176 233 46.813507 0.02999115
p 176 234 46.784924 0.015195847
p 176 235 46.784924 8.049011E-4

c 60 6.516838
p 168 219 47.18501 0.051834106
p 169 218 47.23478 -0.00935936
p 170 217 47.315407 -0.03499031
p 170 216 47.34376 0.009935379
p 170 215 47.38995 0.004058838
p 171 214 47.397713 0.004299164
p 170 213 47.50695 -0.0809021
p 170 212 47.577614 0.04073906
p 171 211 47.601162 0.023532867
p 170 210 47.691673 -0.050933838
p 169 209 47.723724 0.0073108673
p 170 208 47.846767 -0.08747101
p 171 207 47.92352 0.029184341
p 170 206 48.010574 -0.05603981
p 169 205 48.162727 0.114068985
p 170 204 48.232952 -0.030485153
p 171 203 48.37592 -0.04136467
p 172 202 48.42822 0.04768753
p 172 201 48.603504 -0.011613846
p 173 200 48.745663 -0.060930252
p 174 199 48.98413 -0.10763359
p 174 198 49.181736 0.021059036
p 174 197 49.47486 0.0647316
p 173 196 49.801575 -0.058958054
p 172 195 50.2252 -0.19830132
p 171 194 50.59849 -0.11573982
p 170 193 51.147877 4.873358
p 169 192 51.68119 6.870344
p 170 191 52.215 2.3120174
p 169 190 52.8231 -1.8256474
p 170 189 53.701847 -6.2592506

c 61 15.286568
p 172 92 88.04934 -4.822979
p 173 93 90.11466 -7.330986
p 174 94 92.43345 -3.9246178
p 173 95 98.73623 6.726898
p 174 96 99.28429 -1.4026222
p 175 97 100.585724 -0.91205215
p 175 98 101.20844 0.8395119
p 176 98 101.25375 -1.6963081
p 177 99 102.117165 -0.42697906
p 176 99 101.926025 -0.17082977
p 175 100 103.33591 -0.8745842

c 62 29.90828
p 173 172 76.80712 -12.636898
p 174 173 75.580826 -11.253056
p 175 174 74.35884 -7.857033
p 176 175 73.6343 -7.2279396
p 177 176 73.21732 -6.7664795
p 178 177 72.50501 -5.181877
p 179 178 71.681755 -6.7651978
p 180 179 70.69625 -2.527069
p 181 180 69.51387 6.952839
p 180 181 68.15731 -3.1794128
p 179 182 66.62257 -3.5250435
p 180 183 65.263596 3.4341087
p 181 184 64.83083 -6.7680283
p 181 185 64.83083 -1.0258064
p 182 186 55.357746 -3.3786354
p 183 187 54.692383 -2.1611671
p 182 188 53.64729 0.6236305
p 183 189 52.84008 2.9943962
p 182 190 52.072247 5.1370697
p 183 191 51.575317 2.4509315
p 184 192 51.07775 2.7537117
p 185 193 50.615368 -0.09960365
p 184 194 50.327534 0.0016441345
p 184 195 49.970352 -0.14780045
p 185 196 49.70683 -0.02545929
p 184 197 49.442528 0.07720375
p 185 198 49.167892 -0.10250473
p 185 199 49.005157 -0.020051956
p 184 200 48.712776 -0.35515022
p 183 201 48.4937 -0.1529274
p 182 202 48.364445 -0.028470993
p 182 203 48.284714 0.041168213
p 181 204 48.166275 -0.092596054
p 180 205 48.104935 -0.037290573
p 181 206 48.021534 -0.035842896
p 180 207 47.868423 -0.25792503
p 179 208 47.80356 0.0739727
p 180 209 47.648838 -0.061985016
p 179 210 47.648838 0.1209774
p 180 211 47.573944 -0.042554855
p 181 212 47.517365 -0.02346611
p 181 213 47.517365 -0.042360306
p 181 214 47.41073 0.018846512
p 181 215 47.338665 -0.061592102
p 181 216 47.309334 -0.076286316
p 180 217 47.250565 -0.003540039
p 180 218 47.21483 0.040044785
p 180 219 47.19784 0.0059432983
p 181 220 47.18447 -0.2173729
p 181 221 47.15207 0.037073135
p 181 222 47.089436 0.022539139
p 181 223 47.080463 -6.275177E-4
p 182 224 47.042484 -0.047920227
p 181 225 46.99879 -0.03198433
p 181 226 46.99879 -0.1023159
p 182 227 46.947685 -0.04241562
p 181 228 46.89884 -0.007974625
p 182 229 46.89884 -0.11909294

c 63 17.844986
p 177 87 84.2679 1.2481575
p 178 88 88.58933 -1.7804832
p 179 89 91.59514 -0.27619934
p 180 90 92.385345 -0.797699
p 181 91 92.999954 0.066669464
p 182 92 93.768875 -0.69161224
p 181 93 94.3873 1.00383
p 182 94 94.96233 -1.4307137
p 183 95 96.02587 -3.4409218
p 184 96 96.78688 -3.4917526
p 185 97 98.49207 -1.2963219
p 185 98 100.55209 -1.5712929
p 186 99 102.112885 -0.35945892

c 64 31.40345
p 177 156 105.19047 -1.1833725
p 178 157 103.54373 -1.8737259
p 179 158 101.58761 -3.428154
p 180 159 99.555855 -4.209381
p 181 160 96.72758 -5.9264297
p 182 161 95.08656 -6.9897995
p 183 162 92.55548 -7.85627
p 184 163 90.99005 -10.329964
p 185 164 89.4278 -8.884933
p 186 165 87.38645 -4.5557556
p 185 166 83.82438 -11.304649
p 184 167 82.36841 -4.576954
p 185 168 80.83763 0.05677414
p 184 169 79.85224 -10.642979
p 183 170 78.45899 -12.692833
p 182 171 76.95253 -11.069935
p 181 172 75.373276 -3.3950005
p 180 173 74.90255 -9.351879
p 179 174 74.29691 -7.1287537
p 178 175 73.78702 -1.5717163

c 65 32.03911
p 181 39 47.238754 0.09270668
p 182 40 47.26693 -0.0045337677
p 183 41 47.333923 0.002910614
p 183 42 47.413338 -0.008544922
p 182 43 47.5373 -0.01628685
p 183 44 47.5373 -0.072488785
p 184 44 47.537796 -0.07791138
p 185 45 47.631535 -0.09570885
p 186 46 47.66633 -0.15804863
p 187 47 47.789833 0.036474228
p 186 48 47.90764 -0.069561005
p 186 49 47.999474 0.013988495
p 187 50 48.10904 -0.0251503
p 188 51 48.15881 -0.07216263
p 187 52 48.281776 0.1133461
p 188 53 48.383587 -0.06461334
p 189 54 48.504677 0.018154144
p 190 55 48.599728 -0.111177444
p 189 56 48.823997 -0.13175583
p 189 57 48.980892 -0.09771347
p 189 58 49.088345 0.004623413
p 188 59 49.22798 0.027460098
p 189 60 49.516872 0.25300026
p 188 61 49.872704 -0.10955429
p 188 62 50.334152 5.89209
p 187 63 50.870834 5.407446
p 186 64 51.45978 3.8998718
p 185 65 53.86379 1.2564583
p 186 66 56.004047 -1.9859581
p 185 67 57.18841 -0.6010666
p 186 68 58.810284 0.6253853
p 187 69 59.96477 1.1521072
p 188 70 61.495453 -1.2117119
p 189 71 63.119144 -5.754303
p 190 72 64.343864 -7.103668
p 191 73 65.60207 -7.51952
p 190 74 66.57398 -15.547264
p 189 75 67.840546 -15.171421
p 188 76 69.091484 -9.56966
p 189 77 73.56316 8.508488
p 188 78 75.59039 -11.451214
p 187 79 77.14169 -11.510319
p 186 80 79.27786 -6.3518867

c 66 22.178005
p 186 22 46.82284 -0.12673378
p 187 23 46.82284 -0.13474846
p 187 24 46.845264 -0.041851044
p 186 25 46.89084 0.061260223
p 187 26 46.907516 -0.08009148
p 187 27 46.907516 -0.0036735535
p 187 28 46.91019 -0.26795578
p 187 29 46.946785 -0.1732006
p 188 30 46.98793 0.058782578
p 189 31 46.98794 -0.09594917
p 190 32 47.00094 -0.1408863
p 191 33 47.040657 0.026081085
p 192 34 47.07804 -0.08282089
p 192 35 47.16128 -0.03855896
p 193 36 47.16676 -0.2858219
p 193 37 47.16676 -0.08638382
p 193 38 47.209454 -0.052064896
p 193 39 47.25008 -0.07240677
p 193 40 47.341045 0.10643387
p 194 41 47.41807 0.01981163
p 195 42 47.41807 -0.082365036
p 196 43 47.483917 0.012277603
p 196 44 47.541824 0.03199768
p 196 45 47.602135 0.05848694
p 197 46 47.728077 -0.18706322
p 197 47 47.75581 -0.09492493
p 198 48 47.868435 -0.08841705
p 198 49 47.90331 0.033460617
p 198 50 48.01219 0.02991867
p 199 51 48.158 -0.045331955
p 199 52 48.334743 -0.02324295
p 198 53 48.467815 -0.00967598
p 199 54 48.56026 -0.060853958
p 200 55 48.6841 -0.16165733
p 201 56 48.92666 -0.06532097
p 201 57 49.049454 0.08132744
p 202 58 49.125954 0.0105724335
p 202 59 49.39714 0.1961708
p 203 60 49.81431 0.037908554
p 204 61 50.017605 -0.32727814
p 203 62 50.454945 4.1097984
p 202 63 50.832085 5.734869
p 203 64 51.36631 3.8713722
p 202 65 51.984177 -0.4186268
p 203 66 52.75867 -0.69397545
p 202 67 53.36085 -1.2494106
p 203 68 54.139668 2.876419
p 202 69 58.24569 7.741356
p 202 70 58.64951 1.0531464
p 203 71 64.65046 -6.896946
p 204 72 69.00085 -8.294022

c 67 57.199192
p 188 156 104.55746 -0.8548012
p 189 157 102.99741 -1.656662
p 190 158 101.81114 -1.6170082
p 191 159 100.94915 -2.3880577
p 192 160 100.55108 -0.6759796
p 193 161 98.39508 -1.4441948
p 194 162 97.54329 0.5556526
p 195 163 96.60134 1.3914948
p 196 164 95.55401 0.19359589
p 197 165 93.16152 -2.4216042
p 197 166 91.228516 -2.2965584
p 198 167 85.67866 -5.063278
p 197 168 84.1024 -0.07475662
p 198 169 81.65046 -9.278587
p 199 170 79.555695 -11.412563
p 200 171 77.49993 -11.239178
p 201 172 74.69586 -7.1896935
p 202 173 73.164955 -12.634998
p 203 174 72.17375 -12.892086
p 204 175 71.19924 -14.880119
p 205 176 70.49161 -11.747665
p 206 177 69.85076 -3.142784
p 207 178 69.229294 -11.839771
p 208 179 68.58471 -10.6030655
p 209 180 67.91082 -6.764206
p 210 181 67.21604 -6.673813
p 211 182 66.41267 -5.0442924
p 210 183 65.64906 6.1985703
p 211 184 64.72965 2.7355232
p 210 185 63.794075 11.138454
p 211 186 61.435658 2.920864
p 212 187 59.98305 -3.0410805
p 211 188 57.852337 -8.776276
p 210 189 55.305843 -8.065748
p 211 190 53.191093 10.561815
p 210 191 52.437965 3.5621815
p 209 192 51.722027 4.1542816
p 208 193 51.065235 0.03952217
p 209 194 50.52867 -0.46203613
p 208 195 50.065166 -0.08052254
p 208 196 49.662 -0.29275322
p 207 197 49.28115 0.009513855
p 208 198 49.120884 -0.043333054
p 208 199 48.81032 -0.028440475
p 209 200 48.715576 0.027381897
p 209 201 48.57135 0.011245728
p 209 202 48.515984 -0.013492584
p 208 203 48.29358 0.018917084
p 209 204 48.129177 -0.14284897
p 210 205 48.05594 -0.06650925
p 210 206 47.945705 -0.11699867
p 209 207 47.89412 0.07797241
p 210 208 47.82501 0.038995743
p 209 209 47.719006 0.008398056
p 209 210 47.606564 0.054998398
p 210 211 47.531982 -0.2333355
p 210 212 47.51535 -0.29562378
p 211 213 47.51535 0.06841278
p 210 214 47.43816 -0.04127693
p 209 215 47.358265 -0.08551788
p 210 215 47.358265 -0.024686813

c 68 1.7657509
p 193 197 49.23331 -0.15839577
p 194 198 49.155575 -0.009569168
p 194 199 48.874397 0.014108658
p 195 200 48.646027 -0.01717949
p 194 201 48.51322 0.06659126
p 195 202 48.31787 0.044534683
p 194 203 48.20703 -0.07139778
p 194 204 48.13104 -0.07582283
p 194 205 48.13104 0.056171417
p 193 206 47.98053 -0.066446304
p 194 207 47.92036 0.01812172
p 195 208 47.809757 0.038877487
p 195 209 47.737152 0.068222046
p 196 210 47.639683 -0.09762573
p 197 211 47.517673 -0.037656784
p 198 212 47.483543 -0.009000778
p 197 213 47.46756 -0.059833527
p 198 213 47.46756 0.0074768066

c 69 53.12035
p 199 31 46.994335 0.08311272
p 200 31 46.994335 -0.1499424
p 199 32 47.05914 0.006471634
p 200 33 47.08096 -0.09976959
p 201 33 47.08529 -0.04781723
p 202 34 47.14119 0.010051727
p 203 35 47.223095 -0.028434753
p 204 36 47.245926 -0.063524246
p 203 37 47.245926 0.026992798
p 204 38 47.25458 0.017242432
p 205 38 47.260357 0.07341957
p 206 39 47.327343 -0.06156349
p 207 40 47.39993 -0.010961533
p 208 41 47.40057 -0.12912369
p 208 42 47.50328 -0.18600655
p 209 43 47.520527 -0.07436371
p 210 44 47.63832 -0.14287567
p 210 45 47.75365 0.03466034
p 211 46 47.802197 -0.02715683
p 212 46 47.82383 -0.011457443
p 213 47 47.832867 -0.15900993
p 214 48 47.965805 -0.012571335
p 213 49 48.20748 -0.015258789
p 214 50 48.38349 0.001291275
p 215 51 48.481457 0.0961895
p 216 52 48.564667 -0.11847496
p 216 53 48.89005 0.01573944
p 216 54 49.230972 0.023004532
p 217 55 49.580353 -0.22645569
p 218 56 49.847145 -0.077386856
p 217 57 50.334053 0.09329796
p 218 58 50.740944 -0.19973373
p 219 59 51.23819 -0.23296165
p 219 60 51.820812 0.12020111
p 220 61 52.386036 0.10214615
p 221 62 52.955894 5.5782146
p 222 63 53.546844 7.2108364
p 223 64 54.16274 5.779228
p 222 65 54.777092 -0.96240616
p 223 66 55.37837 -0.39349556
p 222 67 55.96824 -8.767519
p 223 68 56.575447 2.3160782
p 222 69 57.215656 4.153137
p 221 70 57.868458 1.3920593
p 222 71 58.72073 -5.5262413
p 221 72 59.57435 -12.775482
p 220 73 60.32444 -8.217581
p 221 74 60.987602 4.840336
p 220 75 61.65941 -10.59639
p 219 76 62.554573 -6.7415695
p 220 77 63.316734 -8.690487
p 221 78 64.03813 -11.124084
p 222 79 64.75271 -7.9503937
p 221 80 65.50621 -13.110268
p 220 81 66.33842 -19.227127
p 219 82 67.20335 -20.309559
p 218 83 68.08774 -17.036987
p 217 84 68.95664 -9.511616
p 218 85 69.975365 4.7015076
p 217 86 70.86292 -12.542442
p 216 87 71.79722 -15.142536
p 215 88 72.89997 -14.548908
p 214 89 73.93071 -16.747375
p 213 90 88.40673 1.5861359
p 213 91 88.990005 -0.78378296
p 212 92 91.8714 -5.4237404
p 211 93 94.044334 -4.02816
p 210 94 95.73895 -2.6102982
p 209 95 97.13473 -1.6971893
p 208 96 98.2859 -1.1089859
p 207 97 100.114685 0.7257576

c 70 0.86774445
p 200 205 48.016617 -0.05532837
p 201 206 47.90064 -0.09497833
p 202 207 47.852207 -0.03536415
p 202 208 47.771282 -0.1462326
p 203 209 47.71182 -0.098501205
p 204 210 47.646683 -0.0028247833
p 203 211 47.549194 -0.07351494
p 203 212 47.512276 -0.014621735
p 203 213 47.428738 -0.07916641
p 203 214 47.425365 0.047815323
p 204 215 47.331955 -0.04531288
p 203 216 47.331955 0.032035828
p 203 217 47.21519 -0.032606125
p 204 218 47.21519 -0.018556595
p 205 219 47.148872 -0.025848389
p 206 218 47.148872 -0.038244247

c 71 0.85338974
p 201 50 48.14171 0.1225338
p 202 49 47.955715 -0.095394135
p 202 48 47.92376 0.041570663
p 202 47 47.777077 -0.10157585
p 202 46 47.70582 0.0033493042
p 203 45 47.646477 0.02819252
p 203 44 47.536552 -0.0941906
p 203 43 47.51613 -0.03852272
p 204 42 47.450806 -0.098846436
p 204 41 47.41426 -0.069345474
p 204 40 47.366592 -0.067588806
p 205 39 47.28832 -0.025316238
p 206 40 47.368053 -0.14220428
p 207 41 47.416172 -0.05073929
p 206 42 47.439938 -0.09872818
p 206 43 47.531025 -0.10312843
p 206 44 47.606224 -0.068935394
p 207 45 47.71092 -0.13647461
p 207 46 47.81611 -0.09552002
p 206 47 47.926308 -0.017335892
p 207 48 48.033207 0.0341568
p 206 49 48.103806 0.003835678

c 72 16.816864
p 203 86 75.28699 -7.08617
p 204 85 72.926865 -18.154613
p 205 84 71.466606 -19.013199
p 206 83 70.38505 -17.741875
p 207 82 69.51103 -15.810078
p 208 81 68.74147 -16.035835
p 209 80 67.92483 -14.629677
p 210 79 67.22145 -14.259098
p 211 78 66.51054 -14.916805
p 212 77 65.76536 -13.645443
p 213 76 65.03291 -12.97929
p 214 75 64.43763 -13.192871
p 215 74 63.613354 -11.793419
p 216 73 62.751755 -11.062119
p 215 72 62.042973 6.9720345
p 216 71 61.400078 -11.461739
p 217 70 60.74636 -15.335457
p 218 69 59.94454 -9.768902
p 219 70 59.168427 3.6477928
p 220 69 58.470123 -4.919485

c 73 55.651207
p 212 109 102.89166 -0.8665428
p 213 108 101.76159 -0.8144493
p 214 107 100.7056 0.27136993
p 214 106 98.926506 -2.3197174
p 215 105 95.377464 -1.7990189
p 216 104 91.69294 4.5778008
p 217 104 87.99778 -0.045902252
p 218 103 84.88726 -9.749893
p 219 102 84.14772 -9.810501
p 220 101 83.52348 -7.833374
p 221 100 82.30531 -7.673359
p 222 99 81.53335 -8.870125
p 223 98 80.86373 -10.508343
p 224 97 80.15854 -5.144573
p 225 96 79.45984 -5.00148
p 226 95 78.813576 -3.7273598
p 227 94 78.15889 -2.4321365
p 228 95 77.55024 -1.5745392
p 229 94 76.98905 -7.4048996
p 230 93 76.33632 -8.317463
p 231 92 75.60164 -8.310677
p 232 91 74.84108 -5.1212044
p 233 90 74.18929 -4.1226807
p 234 89 73.31927 -5.2684746
p 235 88 72.65611 -4.998459
p 236 87 71.96692 -5.0497627
p 237 86 71.27385 -9.083782
p 238 85 70.63733 -8.609543
p 239 84 69.9852 -1.4088097
p 240 85 69.31516 2.662239
p 241 84 68.693016 1.9557152
p 242 83 68.083084 -0.5236664
p 243 82 67.47826 -2.2636223
p 244 81 66.88834 -0.3088913
p 245 80 66.27556 -2.6632652
p 246 79 65.635345 -2.7072296
p 247 78 64.99092 -0.6364174
p 248 77 64.36507 -2.1451302
p 247 76 63.73371 5.8923798
p 248 75 63.11486 0.8783531
p 249 74 62.62294 1.2661781
p 250 73 61.87518 4.9032784
p 251 72 61.23379 3.165905
p 252 71 60.619213 3.927269
p 253 70 60.01592 5.95751
p 252 69 59.425446 4.110718
p 253 68 58.83754 3.0578308
p 254 67 58.25178 0.0021476746
p 253 66 57.66731 10.59264
p 252 65 57.08682 -0.095357895
p 253 64 56.519215 6.450157
p 254 63 55.92453 -0.12081909
p 255 62 55.20941 -0.12043381
p 254 61 54.701256 -0.07183838
p 255 60 54.05617 0.06469345
p 254 59 53.711803 0.028888702
p 255 58 53.20871 0.03437805
p 254 57 52.699825 0.26673508
p 254 56 52.154274 0.2270279
p 253 55 51.644943 0.1915474
p 252 54 51.134193 -0.084882736
p 252 53 50.63225 -0.060150146
p 253 52 50.191048 -0.055833817
p 254 51 49.86613 0.015209198
p 255 50 49.402874 -0.06697464
p 255 49 49.259666 -0.06959534
p 255 48 48.832714 -0.21616745
p 254 47 48.549732 -0.0053901672
p 253 46 48.320396 0.009944916
p 252 45 48.047672 -0.021028519
p 253 44 47.87286 -0.0503006
p 253 43 47.76624 0.01726532
p 252 42 47.674923 -0.07476425
p 252 41 47.59461 -0.072574615
p 252 40 47.494804 -0.016302109
p 252 39 47.44245 -0.018785477
p 253 38 47.431 0.12221718
p 254 37 47.33236 0.054813385
p 255 36 47.240456 -0.15680695
p 254 36 47.240456 0.023368835

c 74 48.592625
p 215 157 95.73651 -4.289654
p 216 158 92.07889 -7.7459183
p 217 159 90.784 -8.228001
p 218 160 89.39894 -8.002731
p 219 161 88.384544 -7.399685
p 220 162 87.09412 -8.328552
p 221 163 85.95214 -9.473671
p 222 164 84.69552 -9.536125
p 223 165 83.5469 -9.316563
p 224 166 82.12511 -9.116974
p 225 167 81.17758 -8.519394
p 226 168 80.27335 -7.0905037
p 227 169 79.41904 -6.915592
p 228 170 78.60632 -6.555912
p 229 171 77.73725 -4.607689
p 228 172 77.05121 4.3273697
p 229 173 76.47577 -4.8612633
p 230 174 75.49874 -7.717537
p 231 175 74.64142 -8.668705
p 232 176 73.88505 -8.869728
p 233 177 73.18215 -9.390499
p 234 178 72.48405 -7.7827034
p 235 179 71.77079 -4.9852295
p 236 178 71.038055 -7.7707176
p 237 177 70.33262 5.7320366
p 238 178 69.61238 -4.9913177
p 239 179 68.855736 -6.267994
p 240 180 68.181046 -5.603119
p 241 181 67.468704 -3.7979012
p 242 182 66.75614 -0.24349976
p 243 183 66.07719 0.5976906
p 244 184 65.50848 -0.39307785
p 245 185 64.882416 0.62924194
p 246 186 64.3559 0.18486786
p 247 185 63.820747 -3.276291
p 248 184 63.224087 -6.844368
p 249 183 62.439945 -2.6356316
p 250 183 60.88205 -2.5735798
p 251 184 59.477135 -6.3453026
p 252 185 58.767685 -2.4253235
p 253 186 58.10432 -2.1778984
p 254 187 57.451965 -4.9797974
p 255 188 56.800972 0.0013618469
p 254 189 56.149845 -1.2211571
p 253 190 55.498856 -8.687065
p 252 191 54.84872 1.3011322
p 251 192 54.20598 3.4404583
p 250 193 53.58249 7.43866E-5
p 249 192 52.94828 1.0818443
p 248 193 52.337143 4.558922
p 247 192 51.750534 9.33947
p 246 193 51.298183 0.13069344
p 245 193 50.887604 0.9060917
p 244 193 50.473763 1.8348904
p 243 193 50.287502 6.4895153
p 242 194 50.12281 0.12833977
p 241 195 49.884052 0.06276512
p 240 196 49.801983 -0.1273613
p 239 197 49.681152 -0.017326355
p 238 198 49.421055 -0.045980453
p 237 199 49.277214 0.08645439
p 236 200 49.01941 0.071495056
p 236 201 48.948895 -0.09514809
p 236 202 48.684036 -0.1432972
p 235 203 48.549606 -0.07589722
p 234 204 48.40641 0.027212143
p 234 205 48.273033 -0.014255524
p 234 206 48.225777 -0.16441536
p 234 207 47.947273 -0.07771492
p 234 208 47.927975 0.09836006
p 233 209 47.833885 -0.08158493
p 233 210 47.81724 -0.07157135
p 234 211 47.77078 0.012935638
p 234 212 47.641685 -0.10695839
p 233 213 47.611042 0.040740967
p 232 214 47.50841 -0.06313324
p 232 215 47.484383 -0.08299446
p 233 216 47.463757 -0.015169144
p 232 217 47.360146 -0.13174248
p 231 218 47.360146 0.12117195
p 231 219 47.26116 -0.039541245
p 230 220 47.196053 -0.012901306
p 229 221 47.194626 0.049150467
p 228 221 47.143887 -0.109947205
p 228 220 47.143887 -0.14933205
p 227 219 47.246037 -0.10205269
p 227 218 47.254677 -0.17783737
p 228 217 47.31392 0.044633865
p 227 216 47.41193 0.0058078766
p 227 215 47.43624 0.0025520325
p 227 214 47.47847 -0.04601288
p 228 213 47.489815 0.040819168

c 75 1.150322
p 215 203 48.231464 -0.06544304
p 216 204 48.13003 -0.12431908
p 217 205 48.101482 -0.041706085
p 217 206 48.016033 -0.05793953
p 218 207 47.88358 -0.14518547
p 219 208 47.830112 0.0041618347
p 220 209 47.713398 0.021377563
p 220 210 47.644325 -0.07833481
p 220 211 47.563988 -0.09223366
p 219 212 47.518715 -0.15597153
p 219 213 47.44578 -0.011610031
p 219 214 47.404087 -0.14983177
p 220 215 47.389133 -0.020828247
p 219 216 47.323853 -0.1532116
p 218 217 47.30019 -0.01640129
p 217 218 47.29003 -0.038583755
p 217 219 47.282475 -0.047664642
p 216 220 47.187313 -0.07055855
p 216 221 47.097244 -0.043268204
p 217 222 47.097244 0.020090103
p 218 221 47.081142 -0.055721283
p 218 222 47.081142 0.06573677

c 76 0.6143379
p 216 40 47.44341 -0.017753601
p 217 39 47.392773 -0.057180405
p 218 39 47.37701 -0.058267593
p 219 38 47.37701 0.033334732
p 220 37 47.247284 -0.060663223
p 221 36 47.21543 -0.021442413
p 221 35 47.21543 0.091207504
p 222 34 47.184383 -0.03414917
p 222 33 47.17069 -0.06439209
p 222 32 47.138958 -0.09065437
p 221 31 47.138958 -0.047187805
p 222 30 47.07679 -0.031370163
p 223 29 47.034546 -0.098810196
p 224 28 47.01548 -0.02362442
p 225 27 47.00196 -0.0035514832
p 226 26 46.962902 0.026245117
p 227 25 46.854538 0.09568405
p 227 24 46.854538 -0.042819977
p 227 23 46.84835 0.014780045
p 227 22 46.82907 0.03919983
p 228 21 46.82907 -0.19180489

c 77 2.8773499
p 216 40 47.44341 0.147089
p 217 41 47.50165 -0.15231323
p 217 42 47.59282 -0.14038849
p 218 43 47.708813 -0.09591484
p 219 44 47.827023 -0.016002655
p 220 45 47.94363 -0.08058739
p 221 46 48.087322 -0.038469315
p 221 47 48.2717 -0.028835297
p 222 48 48.371624 -0.088098526
p 223 49 48.49953 -0.07145691
p 224 50 48.617195 -0.028251648
p 225 51 48.788895 -0.0043296814
p 226 52 49.095707 0.18922424
p 227 53 49.25914 0.06988907
p 228 54 49.453938 -0.034132004
p 229 55 49.804714 0.24543
p 230 56 50.098923 0.07414436
p 231 57 50.32076 -0.023166656

c 78 26.725487
p 218 113 96.00459 -0.7084465
p 219 112 95.382614 -0.9769058
p 220 111 90.29399 -5.1847916
p 221 110 89.11824 -4.992138
p 222 109 88.43579 -5.8717117
p 223 108 87.61352 -6.751938
p 224 107 86.929276 -9.923882
p 225 106 86.446625 -8.835007
p 226 105 86.05649 -8.164261
p 227 104 85.60644 -0.7120476
p 228 104 85.528915 1.3855171
p 229 103 85.08527 1.7732544
p 230 102 84.58799 3.452324
p 231 101 84.10236 2.5317917
p 231 100 83.22569 2.0681381
p 232 99 82.14979 1.1343613
p 233 98 80.3239 -1.3238144
p 234 97 77.071075 -5.319168
p 235 96 76.4094 -3.9036713
p 236 95 75.73703 -4.142048
p 237 94 75.084404 -5.564747
p 238 93 74.431984 -4.2028236
p 239 92 73.78456 -1.4789047
p 240 91 73.133125 -3.1791878
p 241 90 72.472755 -7.2992973
p 240 89 71.81447 -0.048015594
p 241 88 71.17454 -5.1053963
p 242 87 70.5523 -5.503277
p 243 86 69.920784 -9.299118
p 242 85 69.279106 -4.1592674

c 79 38.921124
p 218 147 101.04911 -5.248272
p 219 148 98.74976 -7.90184
p 220 149 96.74034 -9.879658
p 221 150 94.81808 -10.511696
p 222 151 92.65526 -7.397957
p 223 152 91.38802 -2.640049
p 224 151 89.95051 -6.46249
p 225 150 88.78802 -4.4160614
p 226 151 87.87179 -7.619831
p 227 152 86.983025 -8.27877
p 228 153 86.14381 -7.5383224
p 229 154 85.34583 -1.9725151
p 230 155 84.61715 -3.3370018
p 229 156 83.8687 1.0630646
p 230 157 83.12736 -6.4547653
p 231 158 82.40153 -8.646164
p 232 159 81.6653 -10.0144005
p 233 160 80.78219 -8.936241
p 234 161 79.99052 -6.536545
p 235 162 79.191605 -6.3593445
p 236 163 78.43132 -7.092346
p 237 164 77.77968 -5.4864464
p 238 165 77.11831 -3.877472
p 239 164 76.42203 3.9493408
p 240 165 75.688225 -3.040989
p 241 166 74.94505 -3.876152
p 242 167 74.16836 -4.069786
p 243 168 73.389305 -4.231201
p 244 169 72.63406 -5.598625
p 245 170 71.843025 -9.090424
p 246 171 71.02226 -10.152306
p 247 172 70.24154 -10.744156
p 248 173 69.48421 -8.319984
p 249 174 68.77487 -5.5921135
p 250 175 68.15291 -5.9533424
p 251 174 67.59645 3.1219063
p 252 175 67.025894 -1.2408142
p 253 176 66.450485 3.6653519
p 254 177 65.91009 0.03501129
p 253 178 65.33538 9.6970825
p 254 179 64.695724 13.323067
p 253 180 63.96629 0.4305191
p 252 181 63.12499 -1.5391922
p 251 182 62.127987 -3.2059326

c 80 8.380856
p 223 206 48.06175 -0.023777008
p 224 205 48.11415 -0.100055695
p 225 204 48.21225 -0.13851547
p 226 203 48.421276 0.08200073
p 227 202 48.52167 0.020986557
p 228 201 48.695923 -0.09129906
p 229 200 48.88099 0.105724335
p 228 199 48.940872 -0.07334709
p 229 198 49.242558 -0.059495926
p 229 197 49.361893 -0.11826706
p 230 196 49.598133 0.03152466
p 230 195 49.948833 0.05551529
p 231 194 50.32058 0.039319992
p 230 193 50.683445 6.3745174
p 229 192 51.16066 8.593052
p 228 191 51.68666 3.8518162
p 229 190 52.245964 0.6398163
p 228 189 52.806797 -2.4806767
p 229 188 53.384396 -0.5688019
p 228 187 54.314606 0.43051147
p 229 186 55.55234 3.4876404
p 228 185 56.442604 -8.722332

c 81 2.7108002
p 225 33 47.215847 0.0729084
p 226 34 47.215847 -0.082201004
p 227 35 47.31063 -0.031547546
p 227 36 47.310833 -0.09995079
p 227 37 47.422234 -0.05718422
p 227 38 47.446247 -0.0073127747
p 228 39 47.454334 0.0034484863
p 229 40 47.566692 -0.0039520264
p 230 41 47.615154 -1.3923645E-4
p 230 42 47.615154 -0.064115524
p 230 43 47.767498 -0.036075592
p 230 44 47.890392 0.043733597
p 230 45 48.03544 -0.038915634
p 229 46 48.16275 -0.018770218
p 230 47 48.36653 -0.029180527
p 229 48 48.62905 -0.041971207
p 229 49 48.83739 -0.061079025
p 230 50 48.933178 -0.04314804
p 229 51 49.153805 -0.11312485
p 229 52 49.245224 -0.035455704
p 230 53 49.440998 0.10007858
p 231 54 49.55642 -0.18470383
p 232 55 49.926647 0.057662964

c 82 11.353912
p 226 143 97.55591 -3.7995148
p 227 144 96.30778 -5.4938087
p 228 145 95.021454 -4.8288
p 229 146 93.75256 -4.597275
p 230 147 92.572754 -5.365467
p 231 148 91.32489 -3.3127975
p 230 149 90.216515 -1.6450386
p 231 150 89.18721 -6.8586082
p 232 151 88.284744 -1.2994499
p 231 152 87.1802 -6.87426
p 230 153 86.201996 -8.4248085

c 83 14.088882
p 231 107 86.978004 -3.7989006
p 232 108 87.35229 -4.212734
p 233 109 87.94708 -4.4106216
p 234 110 88.66219 -4.687233
p 235 111 89.67284 -1.0318947
p 234 112 90.51173 -5.4207535
p 233 113 91.43588 -5.3800545
p 232 114 93.343124 -0.42765045
p 233 115 94.03562 -4.6115
p 234 116 94.82508 -6.374592
p 235 117 98.12558 -0.5285721
p 235 118 101.06689 0.5113449

c 84 0.5776863
p 235 28 47.015354 -0.120277405
p 236 28 47.015354 -0.03304863
p 236 29 47.06467 0.0291996
p 237 30 47.084194 -0.12015343
p 238 31 47.163578 -0.05260086
p 238 32 47.211456 -0.028409958
p 238 33 47.248886 -0.088394165
p 238 34 47.281338 -0.05857277
p 238 35 47.30645 -0.02240944
p 238 36 47.326103 -0.11838341
p 237 37 47.374622 0.022789001
p 238 38 47.401054 0.20652771
p 237 39 47.450443 -0.01720047
p 236 40 47.529137 0.007575989
p 237 41 47.59304 0.010087967

c 85 33.63691
p 235 139 101.97416 -2.6997757
p 236 140 101.15435 -3.4121933
p 237 141 99.84921 -3.3921509
p 238 142 99.01981 -4.394512
p 239 143 97.64669 -5.13295
p 240 144 96.44576 -0.8898239
p 241 144 96.17842 -0.33335114
p 242 145 95.10559 -2.9198227
p 243 146 94.392296 -1.2621994
p 244 147 93.84365 0.53756714
p 245 148 93.29292 -0.31349945
p 246 149 92.72625 -0.5596657
p 247 150 91.06846 -2.6234703
p 248 151 90.538376 -4.566639
p 249 152 89.99827 -4.219612
p 250 153 89.39058 2.7017136
p 249 154 88.78335 1.9373131
p 248 155 87.98726 1.8500633
p 249 156 87.384476 2.6797295
p 248 157 87.06204 0.658226
p 249 158 86.44321 1.7187958
p 249 159 85.88029 1.465229
p 249 160 85.48985 3.2195091
p 248 161 84.67639 2.6231232
p 249 162 84.08193 2.959137
p 248 163 83.52235 1.6916084
p 249 164 82.79876 4.5244102
p 250 165 82.07802 0.025226593
p 249 166 81.11571 1.7193832
p 250 167 79.84857 4.7946243
p 251 168 78.50125 3.120243
p 252 169 77.29631 1.0372047
p 253 170 75.94543 -2.3994827
p 254 171 74.859276 0.26473236
p 253 172 73.83764 7.8642807
p 253 173 73.49625 1.9367752
p 252 174 68.33725 -2.2714043

c 86 14.193016
p 236 75 78.50562 0.42112732
p 237 76 77.21723 0.48731613
p 238 77 75.225494 0.10080719
p 239 76 70.954895 6.907181
p 240 76 69.08109 -4.051052
p 241 75 67.773445 -5.2653465
p 242 74 67.16162 -3.9203148
p 243 73 66.26181 -2.632183
p 244 74 65.39274 -4.86586
p 245 75 64.86979 -7.0955505
p 246 76 64.31261 -4.554222

c 87 19.100204
p 236 97 77.11466 -3.598236
p 237 98 77.960464 -6.4455414
p 238 99 78.943794 -6.3318977
p 239 100 79.539764 -6.2827377
p 240 101 80.35206 -2.4432068
p 241 102 81.34378 -7.134701
p 242 103 81.93993 -7.0502663
p 243 104 83.026505 -6.1731644
p 244 105 83.8905 -4.270645
p 245 106 85.080605 -10.541222
p 246 107 86.50708 -11.827229
p 247 108 88.25324 -10.477135
p 248 109 89.93027 -8.87146
p 249 110 91.85731 -7.843498
p 250 111 94.02025 -5.525551
p 251 112 96.21487 -2.5847168

c 88 0.54668045
p 250 211 47.69511 -0.047821045
p 251 212 47.66366 -0.04522705
p 250 213 47.614876 0.0062656403
p 251 214 47.497776 -0.034448624
p 251 215 47.492664 -0.026334763
p 250 216 47.40853 0.020259857
p 251 217 47.348686 -0.08015251
p 252 217 47.348686 -0.027191162
p 253 218 47.309475 -0.009971619
p 254 219 47.204197 -0.16612244
p 255 220 47.14843 0.036830902
p 254 220 47.14843 -0.0262146

avg 18.88313
end