//fileLoc: inputData/gradient13.png
//fluxMulti: 3.0 channelCutOff: 10
//wk_fmin: 0.0 wk_fmax: 0.5
//total_mass_shift: 2195.5
//colorstage1: 2 colorstage2: 3
# 93
avgCurve 1.4921168

c 0 1.1363678
p 0 41 48.998047 -0.12786865
p 1 41 48.998047 -0.10157776
p 2 42 49.00417 0.069732666
p 1 43 49.055115 0.083286285
p 2 44 49.19101 0.018182755
p 2 45 49.22031 0.08352089
p 2 46 49.226574 -0.007499695
p 3 47 49.423603 -0.10490036
p 3 48 49.534203 0.032629013
p 2 49 49.69818 0.031707764
p 1 50 49.90975 -0.16505432
p 0 51 49.90975 -0.21157074
p 1 52 50.134415 -0.26353073

c 1 9.203526
p 0 188 57.770443 -0.11701965
p 1 189 57.165173 -7.9183083
p 0 190 56.485134 12.605358
p 1 191 55.88632 0.02520752
p 0 192 55.2836 5.0689163
p 1 193 54.73001 0.047718048
p 0 194 54.1876 0.025108337
p 1 195 53.71646 0.06939316
p 2 196 53.11879 -0.05750847
p 3 197 52.694874 0.0053043365
p 2 198 52.276493 0.021526337
p 1 199 51.81111 -0.0642128
p 0 200 51.418015 0.0722847
p 1 201 51.063683 -0.0014686584
p 0 202 50.74349 0.06505585
p 1 203 50.67425 0.31843185
p 0 204 50.17426 -0.37073517
p 1 205 50.083374 0.18535995
p 2 206 49.81524 -0.17429543
p 1 207 49.73145 0.18503189
p 2 208 49.551563 -0.08558464
p 2 209 49.48292 -0.06111908
p 3 210 49.426224 -0.034132004
p 3 211 49.312714 -0.007944107
p 3 212 49.28325 -0.010692596
p 3 213 49.10895 -0.1131382
p 2 214 48.987385 -0.18170738
p 1 215 48.896523 -0.07880783
p 1 216 48.896523 -0.013187408
p 0 217 48.886936 0.12102127
p 1 218 48.84266 -0.15127182
p 1 219 48.825745 0.0054397583
p 0 220 48.73652 -0.0207901
p 0 221 48.73652 -0.031215668
p 0 222 48.712784 -0.008232117
p 1 223 48.62647 -0.11906052
p 1 224 48.589165 0.11721039
p 0 225 48.566917 0.0129776
p 0 226 48.566917 0.005302429

c 2 47.18514
p 0 188 57.770443 4.9980507
p 1 187 58.50618 -5.5307846
p 2 186 59.124897 -7.252735
p 3 185 59.707653 -3.0283241
p 4 184 60.29205 -2.560175
p 3 183 61.00731 7.581932
p 4 182 61.637447 4.21706
p 3 181 62.289455 2.6669922
p 4 180 62.9182 0.82086945
p 5 179 63.616688 -0.6678505
p 6 178 64.308044 -1.4960365
p 7 177 64.98063 -3.064022
p 6 176 67.937355 4.7673683
p 6 175 70.90251 7.324318
p 7 174 71.475845 1.9522514
p 6 173 72.23341 1.6523857
p 7 172 72.96591 -4.610672
p 8 171 73.67509 -3.2635117
p 9 170 74.49702 -2.8689613
p 10 169 75.20576 -0.31440735
p 11 168 76.39364 -1.0212479
p 12 167 78.087425 -4.4395485
p 13 166 79.78031 -5.0628586
p 14 165 81.117775 -0.13894653
p 14 164 86.13524 -2.182518
p 13 163 89.7086 -0.36695862
p 13 162 92.52881 1.1966171
p 12 161 93.61847 2.2231178
p 13 160 94.34877 0.17650223
p 12 159 95.20127 0.041404724
p 13 158 96.55316 -3.0486221
p 14 157 97.813736 -1.0753403
p 15 156 100.30508 -2.0149803
p 16 155 103.59229 0.5239601
p 16 154 104.2672 -0.93808746
p 15 153 104.95558 -0.7052345

c 3 21.368439
p 2 164 92.86153 -1.1131744
p 3 165 90.9128 2.130394
p 2 166 88.47927 -1.2967415
p 3 167 84.11777 -5.0356903
p 4 168 80.49237 -5.2299385
p 3 169 76.12501 1.4147263
p 4 170 74.0822 -2.797512
p 3 171 73.38298 3.33741
p 4 172 72.77074 -8.173706
p 5 173 72.18828 -5.292595
p 6 174 71.49309 0.47019577

c 4 56.128986
p 4 41 49.012653 -0.013998032
p 5 42 49.06747 -0.024394989
p 5 43 49.091972 -0.18720055
p 6 44 49.23733 0.14307594
p 5 45 49.27488 -0.27345085
p 5 46 49.33348 -0.2558136
p 6 47 49.38493 -0.015823364
p 5 48 49.469673 0.03307724
p 6 49 49.59986 -0.035440445
p 6 50 49.854767 -0.014795303
p 6 51 50.01259 0.046764374
p 6 52 50.126118 -0.0307827
p 6 53 50.352154 0.056282043
p 7 54 50.616066 -0.06920624
p 7 55 50.935505 -0.09461212
p 8 56 51.2455 -0.3168831
p 9 57 51.743343 -0.0656929
p 10 58 52.032585 -0.30203247
p 11 59 52.448483 0.03173828
p 10 60 52.799988 -0.3132534
p 10 61 53.43138 0.08062935
p 11 62 53.988018 5.049452
p 12 63 54.558628 6.541622
p 13 64 55.169075 2.6291866
p 14 65 55.81639 -3.6144733
p 13 66 56.586987 -2.7671661
p 12 67 57.153908 -1.9680328
p 11 68 57.869846 -2.5781212
p 10 69 58.45172 -4.5729218
p 9 70 59.159904 -5.8768578
p 8 71 59.87909 0.0076618195
p 9 72 60.86596 -8.004574
p 10 73 61.59571 -9.879192
p 11 74 62.39539 -9.196854
p 12 75 63.323196 -6.077965
p 11 76 64.37177 3.7357445
p 12 77 65.50166 -1.2752991
p 11 78 67.16697 -12.187038
p 10 79 74.4588 -6.5595207
p 9 80 77.312096 -4.0945168
p 10 81 82.34333 -2.2783318
p 10 82 85.57191 -1.2115784
p 11 83 87.40487 2.0839996
p 12 84 88.298225 -1.2237892
p 11 85 88.8542 -0.78931427
p 10 86 89.36914 0.74342346
p 9 87 89.87136 -1.768959
p 10 88 90.30821 1.1256104
p 9 89 90.81784 -1.7946587
p 8 90 91.728325 -0.7610893
p 7 91 92.84934 -1.7921181
p 8 92 94.95933 1.3014107
p 8 93 95.972534 0.14402008
p 7 94 96.603004 -0.94179916
p 6 95 97.31587 -1.6858063
p 7 96 98.00243 -4.9261246
p 8 97 98.932076 -4.0459366
p 9 98 100.7845 -1.1761093
p 10 99 102.18383 -1.1021576
p 11 100 103.72717 -0.55093
p 12 101 105.14164 -0.48603058

c 5 3.574749
p 4 211 49.34206 -0.103027344
p 5 210 49.417694 -0.07271767
p 5 209 49.576046 -0.016965866
p 6 208 49.710167 0.02828598
p 7 207 49.712666 -0.060367584
p 8 206 49.839558 -0.26399803
p 9 205 50.012802 7.324219E-4
p 10 204 50.22911 0.04293251
p 9 203 50.394382 -0.057991028
p 10 202 50.78182 -0.044538498
p 10 201 51.003315 -0.10345459
p 11 200 51.410572 0.16572762
p 10 199 51.788742 -0.06422424
p 10 198 52.06155 -0.18882942
p 11 197 52.39252 0.1413536
p 10 196 52.705036 0.0111141205
p 9 195 52.91681 0.036611557

c 6 0.29650497
p 4 219 48.782238 -0.009187698
p 5 220 48.739063 0.03155327
p 4 221 48.739063 0.025239944
p 5 222 48.69751 -0.03209877
p 4 223 48.69751 0.04805374
p 5 224 48.61269 -0.098926544
p 6 225 48.546967 -0.035362244
p 5 226 48.546967 0.012889862
p 5 227 48.532776 0.011335373
p 4 228 48.51856 0.06950188
p 5 229 48.485733 -0.039733887
p 4 230 48.485733 -0.014026642

c 7 0.48578644
p 4 219 48.782238 -0.026102066
p 5 218 48.791218 -0.09101105
p 6 218 48.843216 -0.03178215
p 7 218 48.843216 -0.061498642
p 8 217 48.915276 -0.07763672
p 9 216 48.95619 -0.11508751
p 10 216 48.988785 -0.015563965
p 11 215 49.09719 -0.09282112
p 11 214 49.09719 -0.0908947
p 12 213 49.258377 -0.07927704
p 12 212 49.268024 -0.036474228

c 8 0.5892067
p 10 32 48.574944 -0.091430664
p 11 32 48.574944 -0.1294117
p 12 33 48.611458 -0.07010841
p 13 33 48.611458 -0.1756897
p 14 34 48.647575 -0.14112854
p 15 35 48.69808 -0.016923904
p 14 36 48.71722 -0.034620285
p 13 37 48.734077 -0.10793114
p 12 38 48.86237 0.07384491
p 13 39 48.93384 0.0012073517
p 14 40 48.993477 -0.19592667
p 14 41 48.993477 -0.1268177
p 15 42 49.13985 -0.17425156
p 15 43 49.16415 -0.10992241

c 9 21.365662
p 15 164 82.498886 -8.537884
p 16 163 83.93119 -12.381107
p 17 162 85.32146 -11.979103
p 18 161 87.084404 -10.151234
p 19 160 89.428894 -8.943958
p 20 159 92.54001 -6.40403
p 21 158 94.97725 -5.206127
p 22 157 97.13426 -5.206913
p 23 156 99.30556 -4.1015167
p 24 155 102.43277 -0.13450623
p 24 154 103.86455 0.56077576

c 10 14.555485
p 17 74 62.99093 -0.58787537
p 18 73 62.23959 -7.910507
p 19 72 61.437973 -8.2967
p 20 71 60.950165 -5.648407
p 21 70 60.495354 -1.3958054
p 20 69 58.974022 -7.2010384
p 19 68 58.259716 -3.536152
p 18 67 57.578213 -10.688728
p 19 66 56.822266 -1.1503716
p 20 65 56.10431 1.1959591
p 21 64 55.440224 1.5871677
p 22 63 54.817287 4.0471115
p 23 62 54.227997 0.037813187
p 24 63 53.656113 6.2475414
p 25 62 53.397743 3.3521404
p 26 61 53.05998 -0.26909256
p 27 60 52.701225 -0.26156616
p 28 59 52.444965 0.04948044
p 29 58 52.135075 -0.008054733
p 30 57 51.70232 -0.16729927
p 29 56 51.49057 0.11368179
p 28 55 51.25699 0.12791824
p 27 54 50.833836 -0.081731796
p 26 53 50.58129 0.04478264
p 27 52 50.33993 -0.05038452
p 27 51 50.23205 -0.050676346
p 27 50 49.904583 -0.04898262
p 27 49 49.80241 0.041208267
p 26 48 49.634476 0.05561447
p 27 47 49.51203 0.06877899
p 28 46 49.398727 -0.021753311
p 28 45 49.32881 0.01876831
p 28 44 49.212822 -0.13812256
p 29 43 49.134285 -0.12326431
p 28 42 49.047672 0.0052986145
p 28 41 49.03455 -0.03298378
p 29 40 48.90468 -0.07212639
p 29 39 48.886917 0.06772995
p 28 38 48.836136 0.0044784546
p 27 38 48.836136 -0.046052933
p 26 37 48.833927 -0.082611084
p 27 36 48.825527 0.06725311
p 26 35 48.711132 -0.10501671
p 27 34 48.704163 -0.12096596
p 27 33 48.69479 -0.014759064
p 28 32 48.638702 -0.11292267
p 27 31 48.605995 0.04147148
p 27 30 48.546722 -0.02153778
p 27 29 48.540504 0.014881134
p 28 28 48.513096 0.018678665
p 28 27 48.513096 0.008584976
p 29 26 48.46616 -0.0019626617
p 30 25 48.441406 -0.015861511
p 31 25 48.440384 0.025323868
p 32 25 48.435444 -0.0043563843
p 33 25 48.435444 -0.09145737

c 11 7.681244
p 17 74 62.99093 -4.4385757
p 18 75 63.751892 0.02507019
p 17 76 64.4061 0.25988388
p 18 77 65.09264 -3.65551
p 19 78 65.744316 -4.5098763
p 18 79 66.57706 -7.511593
p 17 80 67.44617 -8.632034
p 18 81 68.38751 -13.188332
p 19 82 69.08873 -16.284355
p 20 83 69.841095 -14.480698
p 21 84 70.67217 -2.0651398

c 12 15.609322
p 17 178 64.67876 3.602211
p 18 179 63.773006 -6.5705223
p 19 180 63.180794 -8.668343
p 20 181 62.369385 -8.614925
p 21 182 61.464046 -8.398052
p 22 183 61.112743 -3.53891
p 23 184 60.37852 0.1519165
p 24 185 59.65813 -3.6896725
p 23 186 58.987125 4.2089043
p 24 187 58.341106 2.1911812
p 23 188 57.688305 5.5612526
p 24 189 56.97212 6.6648293
p 23 190 56.303272 7.894186
p 24 191 55.66029 7.061796
p 25 192 55.10239 5.1758556
p 26 193 54.54434 4.434963
p 27 194 53.989594 -0.0018863678
p 26 195 53.415894 -0.028617859
p 25 196 52.89493 -0.054786682
p 25 197 52.35813 -0.075941086
p 26 198 51.95243 0.052106857
p 25 199 51.553764 -0.042360306
p 25 200 51.27934 -0.19055367
p 25 201 50.930347 -0.11111069
p 24 202 50.7292 0.18003845
p 25 203 50.454792 -0.038482666
p 24 204 50.33064 0.043727875
p 23 205 50.1245 0.09038925
p 22 206 49.932915 0.05203247
p 22 207 49.80143 -0.0073947906
p 21 208 49.675323 -0.025791168
p 22 209 49.553986 0.011871338
p 21 210 49.423885 -0.17101479
p 20 211 49.414276 -0.03254509
p 21 212 49.414276 -0.094732285
p 22 213 49.24461 -0.11909485
p 21 214 49.208 -0.06581688
p 21 215 49.069435 -0.1277771
p 20 215 49.069435 -0.05327797

c 13 31.144684
p 24 183 60.98951 -2.4979935
p 25 182 61.954453 -7.0379066
p 26 181 62.778152 -6.3547935
p 27 180 63.307053 -6.8193207
p 26 179 64.08949 3.4975548
p 27 178 64.92006 -4.109707
p 28 177 65.96427 -11.190781
p 29 176 66.97293 -11.198433
p 30 175 67.772156 -11.189827
p 31 174 69.41497 -7.737297
p 30 173 70.85122 2.3190842
p 31 172 72.62711 -12.606045
p 32 171 74.874756 -7.540844
p 31 170 77.14128 -10.824287
p 30 169 83.205765 -0.16289902
p 31 168 85.12863 -6.590309
p 32 167 92.13419 -1.8932037

c 14 5.656437
p 29 192 54.0744 0.34713173
p 30 193 53.670006 0.24329185
p 31 194 53.27548 -0.15083504
p 30 195 52.98545 0.10429001
p 30 196 52.584694 -0.26363373
p 31 197 52.341583 0.10632515
p 32 198 52.02572 0.06285095
p 33 199 51.59481 -0.049755096
p 34 200 51.249004 0.05151558
p 34 201 50.906654 0.03909874
p 35 202 50.620506 0.07550812
p 36 203 50.390476 -0.02062416
p 37 204 50.215267 -0.023641586
p 36 205 50.120476 0.11261177
p 37 206 49.932636 -0.06807518
p 36 207 49.897522 0.11606598
p 37 208 49.72831 -0.019210815
p 37 209 49.626617 0.02691269
p 36 210 49.554264 -0.07068443
p 35 210 49.485073 -0.10380745
p 34 211 49.484108 -0.004180908
p 34 212 49.376675 0.046628952
p 33 213 49.28058 -0.045827866
p 34 214 49.28058 -0.030639648
p 35 215 49.14465 -0.08098602
p 35 216 49.09551 -0.054382324
p 36 217 49.003925 0.013183594
p 37 218 48.952034 -0.071084976
p 36 219 48.949535 -0.010032654
p 36 220 48.91176 0.017389297
p 35 221 48.87119 -0.1204586
p 35 222 48.83919 -0.16653252
p 35 223 48.781563 -0.13412094
p 36 224 48.76995 0.07434273
p 35 225 48.70923 -0.010187149
p 36 226 48.66061 0.03801155
p 35 227 48.638 -0.029071808
p 34 228 48.576336 -0.0025024414
p 35 229 48.56643 -0.016633987
p 36 229 48.559914 -0.038557053
p 37 230 48.559914 0.045675278
p 36 231 48.532444 -0.05670929
p 35 232 48.496876 -0.11199951
p 34 233 48.455406 -0.03401184
p 34 234 48.443634 -0.10609245
p 34 235 48.443634 -0.1529007
p 34 236 48.417965 -0.06739426
p 33 237 48.417965 -0.047603607

c 15 49.405113
p 30 96 98.27656 -1.958004
p 31 95 96.177536 -2.9886856
p 32 94 91.48319 -5.255451
p 33 93 79.78387 -9.846951
p 34 92 77.17624 -12.177551
p 35 91 76.12217 -12.022236
p 36 90 75.31566 -13.041721
p 37 89 74.653534 -12.397854
p 38 88 73.83039 -11.437786
p 39 87 73.15084 -11.854523
p 40 86 72.44452 -11.597729
p 41 85 71.58046 -10.74865
p 42 84 70.82991 -8.5933075
p 43 83 70.09259 -4.9262543
p 42 82 69.36684 1.3350868
p 43 81 68.69477 -9.607407
p 44 80 68.06014 -15.661003
p 45 79 67.29084 -17.389603
p 46 78 66.58237 -11.4963455
p 47 77 65.878586 3.7522583
p 46 76 65.16504 1.3265266
p 45 75 64.45189 3.2703972
p 44 74 63.75253 -5.2585373
p 45 73 63.03394 4.568268
p 44 72 62.32633 4.6157722
p 43 71 61.618423 1.312252
p 42 70 60.91248 -2.1810398
p 43 69 60.20894 -1.1934052
p 44 68 59.503155 -3.5449924
p 43 67 58.79193 5.020458
p 44 66 58.079124 2.6065311
p 43 65 57.361336 6.0497265
p 44 64 56.661533 5.6569653
p 45 63 55.985855 1.6314392
p 46 63 55.34366 2.9016
p 47 63 54.694572 2.3184872
p 48 62 54.176453 2.3090076
p 49 62 53.42742 -0.15104294
p 50 61 53.10158 -0.14679909
p 51 60 52.625664 -0.18752098
p 52 59 52.47475 -0.066776276
p 53 58 52.19663 -0.01897049
p 54 57 51.956326 -0.05948448
p 55 56 51.657158 -0.046936035
p 56 55 51.286396 -0.038370132
p 56 54 51.028736 0.020706177
p 56 53 50.769474 0.053331375
p 55 52 50.542942 0.062862396
p 56 51 50.253265 -0.016050339
p 55 50 50.07541 0.003965378
p 54 49 49.858585 -0.04143524
p 53 48 49.71927 0.067201614
p 54 47 49.612553 -0.10764694
p 55 46 49.54855 0.05527687
p 54 45 49.395023 -0.12056923
p 53 44 49.303608 -0.014383316
p 53 43 49.252766 0.014324188
p 52 42 49.19933 -0.08475685
p 53 41 49.193565 0.02425003
p 53 40 49.073902 -0.13431168
p 52 39 48.99808 -0.065439224
p 51 38 48.881893 -0.10008049
p 50 37 48.871445 -0.030294418
p 51 37 48.871445 0.019256592

c 16 46.829727
p 39 159 95.204834 -0.7090759
p 40 160 89.60902 -7.2778816
p 41 161 86.05863 -9.308338
p 42 162 84.56244 -8.875599
p 43 163 83.06781 -10.454407
p 44 164 81.298386 -10.295692
p 45 165 80.09474 -8.449062
p 46 166 78.85053 -5.3604164
p 45 167 77.71718 1.2275658
p 46 168 76.39621 -9.830776
p 47 169 75.43259 -10.985458
p 48 170 74.55957 -12.087643
p 49 171 73.631714 -11.534206
p 50 172 72.82777 -8.293232
p 49 173 71.83567 -0.16427994
p 50 174 70.9829 -13.7337265
p 51 175 70.395 -11.989777
p 52 176 69.61959 8.034203
p 52 177 69.31093 -2.0323906
p 51 178 68.47691 2.4704475
p 50 179 67.65495 7.1508827
p 49 180 63.76716 5.267025
p 48 181 62.571133 -2.3322754
p 49 182 61.843845 3.2789078
p 48 183 61.110664 -1.0273018
p 47 184 60.369633 -3.1417847
p 46 185 59.64333 -3.5170975
p 45 186 58.9564 -0.23692703
p 44 187 58.371983 -3.34025
p 45 188 57.502155 0.04582596
p 44 189 56.81275 1.9101753
p 45 190 56.180798 7.107889
p 44 191 55.432285 4.5404015
p 43 192 54.769886 3.969942
p 42 193 54.27281 2.9587364
p 41 194 53.71812 0.22083473
p 40 195 53.173435 0.0497818
p 39 196 52.677753 0.052537918
p 40 197 52.201515 -0.13346481
p 39 198 51.73124 0.07101059
p 40 199 51.40722 -0.056028366
p 41 200 51.091003 -0.061164856
p 41 201 50.80129 -0.13962555
p 42 202 50.527626 0.09474373
p 41 203 50.336143 0.11528587
p 42 204 50.193398 -0.086847305
p 42 205 50.066566 0.09831619
p 43 206 49.845757 -0.020036697
p 43 207 49.788563 0.08278465
p 44 208 49.624737 -0.031143188
p 44 209 49.47527 -0.09725571
p 45 210 49.463562 0.09424019
p 46 211 49.35658 -0.06992531
p 46 212 49.349346 -0.02158165
p 45 213 49.267967 -0.04712677
p 44 214 49.2208 0.015089035
p 45 215 49.099045 -0.0728817
p 46 216 49.00406 -0.04910469
p 46 217 48.925396 -0.0020942688
p 46 218 48.899014 0.033517838
p 45 219 48.890076 -0.1028862
p 44 220 48.833652 -0.059654236
p 43 221 48.82372 -0.024944305
p 44 222 48.790268 0.009178162
p 43 223 48.790268 -0.0026073456
p 44 224 48.710304 -0.081020355
p 45 225 48.710304 -0.033906937
p 46 226 48.677326 -0.024427414
p 47 225 48.64287 -0.01150322
p 48 225 48.64287 -0.079278946
p 49 226 48.615223 0.029197693
p 48 227 48.612114 -0.03129959
p 48 228 48.61176 0.058216095
p 49 228 48.61176 0.0047855377
p 50 229 48.585037 -0.02719307
p 50 230 48.547962 -0.052375793
p 51 231 48.50893 -0.033639908
p 52 231 48.482296 -0.00938797
p 53 232 48.482296 0.06615448
p 54 233 48.38933 -0.007133484
p 55 233 48.375107 -0.079216
p 56 233 48.375107 0.015556335

c 17 0.5699234
p 46 222 48.757866 -0.08786774
p 47 221 48.777824 -0.052452087
p 47 220 48.870476 0.03955078
p 48 219 48.88757 0.008132935
p 47 218 48.910995 0.087623596
p 48 217 49.01147 -0.041225433
p 49 216 49.029053 -0.010759354
p 50 215 49.085255 -0.038974762
p 50 214 49.123528 -0.032974243
p 50 213 49.229614 -0.038879395
p 50 212 49.229614 -0.043115616
p 51 211 49.32779 0.033029556

c 18 33.785233
p 47 99 100.38828 -2.494564
p 48 98 98.437004 -3.8592758
p 49 97 96.548805 0.037799835
p 48 96 92.85567 -3.4193497
p 49 95 89.9139 -8.419079
p 50 94 86.917656 -8.491459
p 49 93 82.636116 -4.955742
p 50 92 79.63601 -20.526741
p 51 91 78.29937 -17.281315
p 52 90 77.2103 -5.332638
p 51 89 76.35953 -10.22858
p 52 88 75.42938 -0.45764542
p 51 87 74.41061 -11.101685
p 50 86 73.38133 -5.6689262
p 49 85 72.51331 -3.6133347
p 50 84 71.67959 -5.177559
p 49 83 70.90589 -10.292934
p 48 82 70.18864 -13.129555
p 49 81 69.38532 -9.279949
p 50 80 68.50079 0.60728836
p 49 79 67.31222 -2.5352364
p 48 78 66.60305 -2.3155136

c 19 32.916283
p 47 153 102.642136 -0.17232895
p 48 154 100.67899 -0.3055725
p 49 155 97.37441 0.37145615
p 50 156 96.10103 -0.4620781
p 51 157 94.59539 -0.7350426
p 51 158 91.57306 -6.01548
p 52 159 87.601036 -8.04895
p 53 160 86.60225 -7.7605247
p 54 161 85.264175 -6.3566933
p 55 162 84.35646 -4.2678413
p 54 163 82.865364 -0.77270126
p 55 164 81.2815 -9.031555
p 56 165 79.989334 -7.3509865
p 55 166 78.821754 -12.310513
p 54 167 77.571465 -11.832855
p 53 168 76.59112 -7.0118103
p 54 169 75.76192 -11.514538
p 55 170 74.89424 -10.110046
p 56 171 74.02716 -0.98143005
p 55 172 72.73739 -0.0976944
p 56 173 71.89222 0.6337166
p 55 174 71.142685 -7.658638
p 54 175 70.59512 -8.169163
p 53 176 69.72585 -5.744072

c 20 8.870403
p 49 25 48.417248 -0.063539505
p 50 25 48.417248 -0.02712059
p 51 24 48.42353 0.051662445
p 52 25 48.426594 -0.03891182
p 52 26 48.4603 0.13095474
p 53 27 48.468445 0.0721817
p 54 28 48.510967 0.01748085
p 55 29 48.514935 -0.13246918
p 56 30 48.612206 0.009088516
p 57 31 48.62601 -0.12884331
p 56 32 48.68509 0.010425568
p 56 33 48.68564 0.08048439
p 57 34 48.710213 -0.0698452
p 56 35 48.721634 -0.036808014
p 56 36 48.84772 -0.020879745
p 56 37 48.93278 0.07929039
p 57 38 48.987274 -0.22946358
p 58 39 48.987274 0.027385712
p 58 40 49.031208 -0.09466934
p 57 41 49.09885 -0.015520096
p 57 42 49.18108 -0.17188644
p 56 43 49.235584 -0.046554565
p 57 44 49.39873 -0.10963249
p 57 45 49.4158 -0.007293701
p 56 46 49.507927 -0.03064537
p 56 47 49.549828 -0.05568695
p 56 48 49.704456 0.0036182404
p 57 49 49.841328 -0.0032367706
p 58 50 50.083233 -0.073228836
p 59 51 50.232002 -0.15106392
p 60 52 50.506817 -0.058361053
p 60 53 50.761353 0.0024204254
p 59 54 50.935646 -0.035240173
p 58 55 51.235767 -0.06591606
p 59 56 51.5849 -0.045885086
p 60 57 51.8299 -0.063591
p 61 58 52.0397 -0.0136528015
p 62 59 52.237877 -0.015254974
p 63 60 52.49336 0.0053806305
p 62 61 52.73965 -0.302063
p 61 62 53.153816 0.042417526
p 60 63 53.62672 2.5790482
p 59 64 54.05022 1.2473373
p 60 65 54.731583 4.805975
p 59 66 55.28603 -0.088890076
p 58 67 55.90601 -4.8423576
p 57 68 56.521202 -6.1039963
p 56 69 57.28765 -5.7358894

c 21 1.6336136
p 55 203 50.37769 0.07025528
p 56 204 50.239902 -0.03454399
p 55 205 50.038357 0.014167786
p 56 206 49.818672 -0.17967606
p 57 207 49.818672 -0.01807785
p 58 207 49.789696 0.026742935
p 59 208 49.610268 -0.014919281
p 59 209 49.610268 0.022001266
p 60 210 49.511246 0.027500153
p 61 211 49.431793 0.06549263
p 60 212 49.32608 -0.011154175
p 60 213 49.264366 -0.033758163
p 59 214 49.170284 0.047439575
p 60 215 49.0854 -0.010030746
p 59 216 49.00238 -0.009141922
p 60 217 48.96611 0.0434494
p 61 218 48.881897 -0.033626556
p 62 219 48.823376 -0.0042037964
p 61 220 48.781998 -0.062250137
p 60 220 48.773125 -0.022563934
p 59 220 48.744076 -0.18063545
p 58 221 48.744076 -0.054193497

c 22 3.0510597
p 58 194 52.954945 0.07317543
p 58 195 52.605602 0.044244766
p 59 196 52.1973 0.09939766
p 60 197 51.85492 -0.08155632
p 60 198 51.577896 -0.08543587
p 61 199 51.296917 -0.051748276
p 60 200 51.053272 0.07513428
p 60 201 50.79886 -0.062294006
p 60 202 50.5526 -0.1761303
p 61 203 50.36653 0.07160759
p 60 204 50.24723 -0.08938789
p 59 205 50.08749 -0.0070858
p 59 206 49.903885 -0.030975342

c 23 8.079361
p 58 194 52.954945 -0.14165306
p 59 193 53.286 -0.08594704
p 59 192 53.9877 7.2960434
p 60 191 54.515606 4.5256653
p 59 190 55.091244 0.18433762
p 60 189 55.682476 -1.6416855
p 61 188 56.319336 -6.043478
p 60 187 56.964046 -4.3930626
p 59 186 57.71598 -3.5730705
p 60 185 58.375217 1.9614601
p 61 184 59.03782 0.218647
p 62 183 59.646503 -1.5609035
p 61 182 60.381905 7.3529663
p 62 181 61.034306 0.2912674

c 24 48.196747
p 62 100 96.99442 -2.7463112
p 63 99 90.16151 -9.343864
p 64 98 88.80753 -12.597012
p 65 97 86.76709 -13.2913475
p 66 96 84.666084 -13.72797
p 67 95 83.49768 -12.458771
p 68 94 82.07194 -7.421139
p 67 93 80.47548 -1.1610565
p 68 92 79.344635 -15.635414
p 69 91 78.28659 -16.244743
p 70 90 77.43768 -11.832474
p 71 89 76.54365 -6.519493
p 70 88 74.942154 -12.561516
p 69 87 73.97636 -10.196346
p 68 86 72.98608 -8.492695
p 69 85 72.01881 2.2145615
p 68 84 71.180405 -10.819767
p 67 83 70.342926 -8.474815
p 66 82 69.41568 -4.7601357
p 67 81 68.49187 -4.0761147
p 68 80 67.76202 -6.6177063
p 67 79 66.889404 -5.439213
p 66 78 66.0088 -5.882332
p 67 77 65.18046 -3.1774483
p 68 76 64.484406 -3.5464706
p 69 75 63.709427 1.9718285
p 70 74 62.944473 -3.537651
p 69 73 62.13731 4.0674477
p 70 72 61.276237 -3.1236038
p 71 71 60.667255 -6.2758255
p 72 70 59.91818 -7.311352
p 73 69 59.22223 -7.6827164
p 74 68 58.584995 -6.9379673
p 73 67 57.94293 8.128296
p 74 66 57.354313 3.826397
p 73 65 56.768085 2.12924
p 72 64 56.015537 0.5081043
p 71 63 55.27062 1.9560413
p 70 62 54.647556 0.02371788
p 69 61 54.06864 -0.058774948
p 68 60 53.52471 0.036863327
p 67 59 53.072723 0.0029945374
p 66 58 52.597088 -0.0061397552
p 65 57 52.15415 -0.15233994
p 64 56 51.79436 -0.014947891
p 63 55 51.379543 -0.051612854
p 63 54 51.030323 -0.07242012
p 63 53 50.737537 0.020608902
p 64 52 50.492332 0.096717834
p 65 51 50.280247 -0.027568817
p 66 50 50.07995 -0.020183563
p 67 49 49.86485 -0.060516357
p 67 48 49.76667 -0.08516121
p 67 47 49.6808 0.03760338
p 66 46 49.548782 0.09123421
p 65 45 49.40444 -0.042301178
p 66 44 49.345997 -0.11441803
p 67 43 49.27883 -0.28860855
p 68 42 49.252945 -0.027841568
p 67 41 49.176323 0.077228546
p 67 40 49.05902 0.060310364
p 66 39 49.010418 0.008228302
p 67 38 48.998837 -0.0046195984
p 68 37 48.912525 0.0020370483
p 67 36 48.857044 -0.029802322
p 67 35 48.845615 0.047042847
p 66 34 48.797676 -0.018196106
p 65 34 48.797676 -0.044633865

c 25 1.1121216
p 62 209 49.509563 -0.09272766
p 63 210 49.47978 -0.043434143
p 64 211 49.35042 0.034482956
p 65 212 49.312336 -0.08896446
p 66 213 49.23338 0.0199337
p 67 214 49.174477 0.04332161
p 67 215 49.070477 -0.07227898
p 67 216 49.05737 -0.09839058
p 68 217 49.05737 0.001996994
p 67 218 48.950176 -0.0041885376
p 66 219 48.869003 -0.0525074
p 66 220 48.869003 -0.088401794
p 65 221 48.814754 -0.009754181
p 66 222 48.78121 -0.043254852
p 66 223 48.78121 0.012731552
p 65 224 48.70901 -0.19635773
p 64 224 48.69472 -0.0716362
p 63 225 48.691345 0.0636158
p 64 226 48.67394 0.039258957
p 65 227 48.612225 -0.0100746155
p 65 228 48.577328 -0.039114
p 65 229 48.559452 0.019554138
p 66 230 48.559452 -0.10291481
p 67 230 48.509842 -0.07373428
p 68 231 48.509842 -0.021886826
p 69 232 48.428772 -0.08361435
p 68 233 48.428772 -0.0023441315
p 67 234 48.39744 -0.11581612
p 67 233 48.39744 0.0104961395

c 26 2.0422707
p 62 209 49.509563 -0.08722687
p 63 208 49.683075 0.021520615
p 64 207 49.76104 -0.08168411
p 63 206 50.031654 0.105342865
p 64 205 50.160637 -0.11395073
p 65 204 50.314667 -0.15180016
p 66 203 50.513798 0.00786972
p 67 202 50.71923 0.08810234
p 66 201 50.835564 0.023763657
p 66 200 51.149765 0.16580582
p 67 199 51.34117 0.052581787
p 68 198 51.551834 -0.017385483

c 27 54.671803
p 67 149 103.27427 -0.40477753
p 68 150 102.386024 -0.05674362
p 68 151 101.56107 -1.28582
p 69 152 95.744576 -5.3115616
p 70 153 94.22528 -6.7615547
p 71 154 92.31365 -7.108322
p 72 155 90.66856 -6.526249
p 73 156 87.24106 -10.166546
p 74 157 85.959854 -10.69976
p 75 158 84.71615 -11.939701
p 76 159 83.65377 -12.377613
p 77 160 82.95552 -5.99749
p 76 161 81.763504 -8.11602
p 75 162 80.822495 -4.3254967
p 76 163 80.05042 -7.747387
p 77 164 79.25176 -7.8136673
p 78 165 78.30212 -7.3188896
p 79 166 77.296936 -3.490673
p 80 167 76.188545 -8.163845
p 79 168 74.6167 -0.91222763
p 80 169 73.61298 8.2926445
p 79 170 72.71553 2.2540398
p 78 171 72.02321 -1.3189392
p 77 172 71.16615 -2.5427437
p 76 173 70.19683 2.9608116
p 76 174 69.89001 4.592758
p 76 175 69.68017 2.138916
p 77 176 66.69802 -6.0606613
p 76 177 65.98054 6.0018272
p 77 178 65.285194 3.3079796
p 78 179 64.59788 4.20961
p 79 180 63.91056 -0.013286591
p 80 181 63.113476 0.27836227
p 81 182 62.565384 -7.009346
p 80 183 61.829685 7.754925
p 81 184 61.146004 -2.766159
p 82 185 60.567226 -5.7871017
p 83 186 59.92596 -3.8201904
p 84 187 59.189175 -2.0960884
p 85 188 58.461876 -8.111113
p 84 189 57.825996 -0.17529869
p 83 190 57.02682 0.5412445
p 82 191 56.34432 1.1857185
p 81 192 55.70454 3.1624546
p 80 193 55.06105 0.013057709
p 81 194 54.378166 -0.07214165
p 82 195 53.898514 -0.04657173
p 83 196 53.379158 0.031230927
p 82 197 52.81351 -0.06977844
p 81 198 52.285904 -0.04147148
p 82 199 51.885414 0.11346626
p 81 200 51.426178 -0.05529213
p 81 201 51.123043 0.054246902
p 80 202 50.79331 0.04501915
p 81 203 50.513515 -0.09693909
p 82 204 50.192726 -0.04844284
p 83 205 50.03888 -0.0012760162
p 84 206 49.91834 0.0020618439
p 84 207 49.763756 0.049627304
p 85 208 49.66052 -0.0266819
p 85 209 49.585773 0.01963234
p 86 210 49.457523 -0.13053322
p 87 211 49.40851 -0.13958359
p 88 212 49.29953 -0.03684616
p 88 213 49.280537 -0.06522751
p 87 214 49.222004 -0.13255882
p 86 215 49.191914 -0.068172455
p 87 216 49.12201 -4.2533875E-4
p 88 217 49.02987 -0.010150909
p 89 218 48.967377 -0.11040115
p 89 219 48.890266 0.02614975
p 88 220 48.802708 -0.03243065
p 87 221 48.802708 -0.0295372
p 86 222 48.737183 -0.137743
p 85 223 48.64149 -0.10510063
p 84 224 48.64149 0.0014228821
p 84 225 48.6374 -0.06924629
p 83 226 48.602467 -0.13951874
p 84 226 48.602467 -0.0105781555

c 28 17.919296
p 67 159 87.85455 -10.615288
p 68 160 86.49915 -8.341824
p 69 161 85.28053 -3.2466965
p 68 162 84.381134 -0.29704285
p 69 163 83.84094 1.3924904
p 68 164 83.31829 -4.169506
p 67 165 82.83165 5.041298
p 68 166 82.39846 4.451023
p 69 167 81.550125 -0.9499779
p 69 168 73.26947 -5.5431023
p 70 169 71.70185 -4.3076935
p 71 170 71.17503 -1.478035
p 72 171 71.08653 0.7870102
p 73 172 70.818054 -0.42931366
p 74 173 69.966736 -1.9497375
p 75 174 69.93526 0.75808716

c 29 17.266903
p 76 41 49.09569 -0.070661545
p 77 41 49.09832 -0.029565811
p 78 42 49.146408 -0.023406982
p 79 42 49.18215 -0.032613754
p 80 43 49.285366 -0.088983536
p 80 44 49.445328 0.10992813
p 81 45 49.516685 0.019857407
p 82 46 49.57214 -0.060216904
p 83 47 49.646675 -0.028606415
p 83 48 49.809208 0.053627014
p 84 49 49.916664 0.027252197
p 83 50 50.15824 0.12202263
p 84 51 50.33144 -0.010246277
p 85 52 50.602676 -0.14870644
p 85 53 50.8364 -0.05153656
p 85 54 51.17408 -0.051610947
p 84 55 51.519238 -0.04255867
p 85 56 51.802856 -0.14085007
p 86 57 52.048107 -0.103910446
p 85 58 52.471428 -0.20367241
p 84 59 52.850464 -0.27996254
p 83 60 53.288643 -0.44208908
p 82 61 53.74446 -0.33723068
p 81 62 54.2443 2.8243275
p 80 63 54.755665 -0.17319489
p 80 64 55.330116 4.271162
p 79 65 55.879272 -1.8528137
p 80 66 56.73329 6.767273
p 80 67 57.399784 -0.32266426
p 81 68 58.011753 -3.2545242
p 80 69 58.741837 -5.8898773
p 79 70 59.442814 -8.197536
p 78 71 60.250084 -9.192528
p 77 72 60.919445 -6.2324657
p 78 73 61.77125 6.8204803
p 77 74 62.64116 2.3399696
p 78 75 63.541286 -8.781643
p 79 76 64.34148 -13.058804
p 80 77 65.345184 -12.803005
p 81 78 66.362595 -5.847336

c 30 53.975594
p 77 100 102.49917 -1.9083862
p 78 99 98.88329 -3.8001823
p 79 98 92.71921 -4.8160706
p 80 97 91.083466 -6.0548325
p 81 96 89.33073 -5.828045
p 82 95 87.65869 -5.6092987
p 83 94 85.70179 -6.175316
p 84 93 84.978775 -5.257637
p 85 92 84.45895 -5.2878876
p 86 91 84.06883 -2.1574173
p 85 90 83.52687 6.11652
p 86 89 83.2604 5.411194
p 86 88 82.95163 -0.5246048
p 87 87 75.239876 -8.053375
p 88 86 74.59622 -7.3202744
p 89 85 73.75858 -6.6371117
p 90 84 73.03007 -6.589405
p 91 83 72.01947 -7.3218994
p 92 82 70.97906 -8.658855
p 93 81 70.06377 -7.5372887
p 94 80 69.11077 -1.2097778
p 95 79 68.309975 -4.136223
p 96 80 67.57607 9.147949
p 97 79 66.96108 0.43619156
p 98 78 66.33631 -0.666729
p 99 77 65.64694 -1.9176369
p 100 76 64.9739 -1.9010391
p 101 75 64.334724 -1.5381088
p 102 74 63.728554 -2.187931
p 103 73 63.0523 -4.2003746
p 104 72 62.364857 -4.922966
p 105 71 61.667805 -3.154705
p 106 70 60.962234 -7.3686028
p 107 69 60.25237 -6.5417747
p 108 68 59.5489 -0.26024246
p 109 67 58.854088 -1.9641457
p 110 66 58.158184 -5.513899
p 109 65 57.453716 6.7833786
p 110 64 56.75522 0.77586937
p 111 63 56.0863 -0.009485245
p 110 62 55.478252 0.7628231
p 109 61 54.82923 -0.6131115
p 108 60 54.19686 -0.5491314
p 107 59 53.560604 -0.5929165
p 106 58 53.08055 -0.48566246
p 105 57 52.601337 -0.32764244
p 104 56 52.146694 -0.27457428
p 103 55 51.716053 -0.08755875
p 104 54 51.32533 0.09934044
p 103 53 50.91836 0.034498215
p 104 52 50.631535 0.053649902
p 103 51 50.478294 0.054388046
p 102 50 50.21766 0.053836823
p 102 49 50.168365 0.02457428
p 101 48 49.971134 -0.044906616
p 101 47 49.875324 -0.06166458
p 101 46 49.75378 -0.09369469
p 101 45 49.615 -0.123817444
p 101 44 49.439636 -0.12317085
p 102 43 49.335266 -0.026575089
p 102 42 49.32104 -0.10792923
p 102 41 49.19235 -0.08246803
p 102 40 49.10715 -0.087184906
p 102 39 49.063515 -0.025266647
p 102 38 49.03708 -0.024810791
p 102 37 49.03708 0.012151718
p 101 36 48.89488 -0.12363052
p 100 35 48.867012 0.003643036
p 100 34 48.825172 -0.054058075
p 100 33 48.825172 -0.11512184
p 99 32 48.822243 -0.21040344
p 98 31 48.822243 -0.05979538
p 99 30 48.66183 -0.12469292
p 98 29 48.604004 -0.17407608
p 97 28 48.552242 -0.02991867
p 97 27 48.523575 -0.074827194
p 98 26 48.523575 -0.008806229

c 31 8.531616
p 77 173 70.26747 -1.4426155
p 78 172 71.25585 -2.0902252
p 79 171 72.06384 0.5242653
p 80 170 72.81126 -0.33128357
p 81 171 73.513596 -3.5856361
p 82 170 74.51077 -9.127827
p 83 169 75.49144 -13.108635
p 84 168 76.35777 -12.687096
p 85 167 77.176506 -11.068962
p 86 166 77.997314 -10.812046
p 87 165 78.79909 -9.891029

c 32 5.7461777
p 84 37 48.96451 -0.021823883
p 85 38 49.034763 -0.110090256
p 86 39 49.076626 0.019750595
p 87 40 49.160164 -0.050193787
p 88 41 49.160164 -0.11797333
p 87 42 49.2103 -0.16442108
p 86 43 49.3463 0.09784889
p 85 44 49.39339 -0.15923119
p 85 45 49.600986 -0.0373497
p 85 46 49.64525 -0.015674591
p 86 47 49.685665 -0.15635872
p 87 48 49.921085 0.11181259
p 88 49 50.024635 -0.13611794
p 89 50 50.217308 -0.10196686
p 89 51 50.34835 -0.081645966
p 89 52 50.58382 -0.028507233
p 90 53 50.883778 0.046541214
p 91 54 51.15628 -0.0018787384
p 92 55 51.360027 0.018148422
p 93 56 51.696896 -0.08450508
p 94 57 51.95692 -7.572174E-4
p 93 58 52.131878 -0.16552925
p 92 59 52.356987 -0.08155441
p 91 60 52.55056 -0.029396057
p 91 61 52.67394 -0.058771133
p 91 62 52.926884 2.507639
p 92 63 53.301395 5.569525
p 91 64 53.730186 5.0858307
p 92 65 54.34096 2.7303085
p 92 66 54.71069 3.4861603

c 33 3.7711296
p 88 216 49.057457 -0.020072937
p 89 215 49.20777 0.15776062
p 90 214 49.266174 -0.12233353
p 91 213 49.315132 -0.0037136078
p 92 212 49.315132 -0.16760826
p 93 212 49.347103 -0.056978226
p 94 211 49.35968 0.020895004
p 93 210 49.475613 -0.12911034
p 92 209 49.639725 -0.058084488
p 91 208 49.670547 -0.091163635
p 92 207 49.804905 0.014829636
p 93 206 49.85178 -0.14791107
p 94 205 50.12142 0.012191772
p 93 204 50.319542 -0.054389954
p 92 203 50.563473 -0.13337135
p 93 202 50.844868 -0.0752964
p 93 201 51.208496 -0.15200233
p 93 200 51.434002 -0.11834717
p 92 199 51.77143 -0.0469265
p 93 198 52.37936 -0.11477089
p 94 197 52.828587 -0.15254974

c 34 0.20328522
p 91 226 48.652966 -0.075172424
p 91 227 48.597534 -0.09451294
p 92 228 48.58786 -0.002506256
p 93 228 48.566055 0.011606216
p 94 229 48.566055 -0.062156677
p 95 229 48.53974 -0.03942108
p 96 230 48.519226 0.031297684
p 97 231 48.49909 -0.0014457703
p 98 232 48.460304 -0.13450813
p 99 233 48.460304 -0.0027694702
p 100 234 48.44968 -0.1308937
p 101 234 48.44968 -0.108882904

c 35 55.880123
p 91 226 48.652966 -0.046440125
p 92 225 48.666206 0.008415222
p 92 224 48.68453 -0.16030121
p 92 223 48.747887 -0.06461716
p 93 222 48.747887 -0.06649399
p 94 222 48.77616 -0.057720184
p 95 222 48.795494 0.14038658
p 96 221 48.81982 -0.14052582
p 97 220 48.866405 -0.10844231
p 98 220 48.866405 -0.1226387
p 99 220 48.88685 -0.065179825
p 100 220 48.88685 -0.0057373047
p 101 219 48.935684 -0.035642624
p 102 218 48.935684 -0.06826782
p 103 217 49.02258 0.04354477
p 102 216 49.084076 0.03845787
p 103 215 49.089005 0.029527664
p 103 214 49.197426 -0.022727966
p 102 213 49.263317 -0.08571243
p 101 212 49.35439 0.004655838
p 100 211 49.36051 -0.0076293945
p 101 210 49.430763 0.07754707
p 100 209 49.561172 0.11433983
p 99 208 49.627205 -0.21924973
p 98 207 49.823364 -0.17460823
p 97 206 49.978024 -0.02951622
p 96 205 50.088825 -0.02536583
p 96 204 50.317593 -0.06166649
p 96 203 50.558987 -0.065813065
p 95 202 50.86171 -0.047454834
p 95 201 51.24884 -0.0070533752
p 96 200 51.58986 0.023208618
p 97 199 52.001274 -0.046699524
p 98 198 52.44364 0.056179047
p 97 197 52.920338 -0.007938385
p 96 196 53.423344 0.13022041
p 97 195 53.956974 0.10890961
p 98 194 54.466335 0.1482296
p 99 193 55.042507 0.562233
p 100 192 55.66327 1.6466274
p 101 191 56.31401 1.9113064
p 102 190 56.979977 2.5532074
p 103 189 57.64744 0.1874237
p 102 188 58.32056 -1.7450676
p 101 187 59.00781 -5.7401447
p 102 186 59.655167 2.1241035
p 101 185 60.31862 -1.4360275
p 102 184 61.045162 2.6680298
p 103 183 61.6648 -9.298985
p 104 184 62.279236 2.7239647
p 105 183 62.926517 -0.4357071
p 106 182 63.62762 -4.536087
p 105 181 64.36967 3.9776573
p 106 180 65.0654 -3.4660416
p 107 179 66.548225 -0.7561302
p 108 178 67.070175 -1.2688866
p 109 177 67.600845 -3.6003914
p 110 176 68.61675 -3.1538773
p 111 175 69.28445 -2.101181
p 112 174 70.01459 -4.6185837
p 113 173 70.89559 -3.940445
p 114 172 71.74021 -1.4222794
p 113 171 72.29922 -7.090397
p 112 170 72.98124 0.958477
p 113 169 73.745415 -9.18269
p 114 168 74.53942 -6.2607193
p 113 167 77.72487 10.769157
p 114 166 78.24976 -3.8967514
p 115 165 78.84137 -8.546955
p 116 164 79.496796 -7.990879
p 117 163 80.2844 -6.9133987
p 118 162 81.02239 -5.12175
p 119 161 82.035385 -6.2583847
p 120 160 82.85104 -7.2294006
p 119 159 83.77726 1.6870155
p 120 158 87.37303 -0.5381355
p 120 157 89.275085 -1.7761497
p 121 156 91.08055 -0.55493546
p 120 155 92.858536 -0.48892212
p 121 154 95.125946 -5.8138123
p 122 153 100.04293 -2.3161774
p 123 152 100.9734 -2.3122559
p 122 151 101.96229 -1.3538437
p 121 150 103.20402 -1.6153069
p 120 149 104.53309 -1.319027

c 36 34.66575
p 92 103 99.12151 -6.0373764
p 93 102 97.24917 -5.636635
p 94 101 95.16149 -5.7986374
p 95 100 93.45111 -3.562542
p 94 99 91.89489 -1.8202667
p 95 98 90.221344 -9.499393
p 96 97 89.34038 -8.973858
p 97 96 88.215 -8.739727
p 98 95 87.13852 -6.765644
p 99 94 86.08169 -4.76371
p 100 93 85.154236 -4.0254326
p 101 92 84.3281 -5.6465034
p 102 91 83.48868 -5.6810265
p 103 90 82.560684 -6.0435066
p 104 89 81.49131 -4.7629204
p 105 88 80.240425 5.3049316
p 105 87 79.59189 -0.90628433
p 104 86 75.284004 -5.522766
p 103 85 73.22553 -6.547333
p 102 84 71.85499 -4.122715
p 103 83 70.930176 -6.5453644
p 104 82 70.15769 -5.032131
p 105 81 69.46916 -4.8931885
p 106 80 68.73418 -6.677311
p 107 79 67.69672 -11.127087
p 106 78 66.849075 -11.489273
p 105 77 66.01532 -10.02412
p 104 76 65.221344 -9.057102
p 103 75 64.455765 -4.2659073

c 37 2.1075974
p 94 38 49.077587 0.051294327
p 95 39 49.08264 -0.01908493
p 95 40 49.13636 -0.043024063
p 94 41 49.227867 0.017780304
p 95 42 49.227867 -0.074543
p 96 43 49.38056 0.07609177
p 97 44 49.455708 -0.067625046
p 97 45 49.512436 -0.09630394
p 98 46 49.694145 0.15617561
p 97 47 49.78615 -0.15912247
p 96 48 49.91935 -0.03134346
p 95 49 50.096 -0.0044345856
p 95 50 50.12021 -0.025987625
p 95 51 50.37106 -0.09089661
p 96 52 50.652676 0.030843735
p 97 53 50.887 -0.025867462
p 97 54 51.185184 -0.07981682

c 38 16.598938
p 94 107 102.53258 -3.2700882
p 95 106 100.11492 -4.9575996
p 96 105 95.806366 -7.4259415
p 97 104 94.36674 -8.020515
p 98 103 93.35007 -7.792469
p 99 102 92.414665 -8.239864
p 100 101 91.60063 -6.2613945
p 101 100 90.69593 -6.1471024
p 102 99 89.7894 -5.563572
p 103 98 89.01453 -2.636837
p 102 97 88.16363 -1.7957306
p 103 96 87.35589 0.7238121
p 102 95 86.65448 -5.715885
p 101 94 85.93364 -4.214752

c 39 15.618195
p 103 156 93.67883 -4.3437233
p 104 157 91.52261 -7.3135033
p 105 158 89.43588 -8.108421
p 106 159 87.61783 -4.8386993
p 105 160 85.66868 1.3394356
p 106 161 84.631805 -9.707184
p 107 162 83.72602 -10.387558
p 108 163 82.73337 -5.779793
p 109 162 81.6389 2.4985046
p 110 163 80.57209 -8.822086
p 111 164 79.71656 -11.114101
p 112 165 78.72212 -11.7553215
p 113 166 78.06064 -6.53664

c 40 0.7308998
p 103 228 48.54308 -0.0049419403
p 104 227 48.643837 -0.09046745
p 104 226 48.643837 -0.05385208
p 105 225 48.67607 -0.006246567
p 105 224 48.721737 -0.0047512054
p 106 223 48.814133 0.0347023
p 107 222 48.814133 -0.037511826
p 108 221 48.8163 -0.079128265
p 108 220 48.839203 -0.08567047
p 108 219 48.868015 -0.09828949
p 107 218 48.95426 -0.10435486
p 107 217 49.00152 -0.07062912
p 107 216 49.088825 -0.0034656525
p 106 215 49.088825 -0.060050964
p 107 215 49.10166 -0.05545807
p 108 214 49.221638 0.022640228
p 107 213 49.27398 -0.04050255

c 41 25.181686
p 106 88 80.09832 -3.289032
p 107 89 81.23265 -4.438095
p 108 90 82.40586 -3.4740715
p 109 91 83.29195 -3.5979385
p 110 92 84.158 -2.1844177
p 111 93 85.028885 -1.9478645
p 112 94 85.91454 -4.614929
p 113 95 86.767746 -4.325672
p 114 96 87.583694 -2.0751762
p 113 97 88.57456 -5.051033
p 112 98 89.94299 -0.4055786
p 113 99 90.53459 -4.522331
p 114 100 91.212105 -5.7843895
p 115 101 91.843185 -6.5630035
p 116 102 92.50851 -5.382599
p 117 103 93.22929 -4.430092
p 118 104 94.27424 -9.789955
p 119 105 95.3944 -10.305908
p 120 106 96.66408 -8.547913
p 121 107 97.961655 -5.6269264
p 122 108 99.75744 -5.405937
p 123 109 102.07183 -3.619526
p 124 110 105.28001 -0.48905563

c 42 21.71437
p 111 150 103.55774 0.6007576
p 112 151 101.80899 -1.0388489
p 112 152 96.44698 -7.1295166
p 113 153 92.41097 -6.915386
p 114 154 89.50098 -5.5533447
p 113 155 87.332466 -8.983723
p 112 156 86.20243 -6.2482414
p 113 157 85.13028 -9.650898
p 114 158 84.250465 -7.8658257
p 115 159 83.67755 -8.263565
p 116 160 83.05537 -10.53286
p 117 161 81.84337 -10.25827

c 43 22.810486
p 114 173 71.304955 0.8871536
p 115 172 71.99254 -8.275021
p 116 171 73.18255 -15.49958
p 117 170 74.49801 -15.349495
p 118 169 75.94023 -11.459438
p 119 168 77.42744 -11.238575
p 120 167 84.85654 3.3453484
p 120 166 86.43683 -5.714321
p 121 165 88.15286 -6.2926025
p 122 164 89.640465 -5.439808
p 123 163 91.13978 -5.7898674
p 124 162 92.15389 -4.94767
p 125 161 93.102745 -5.7779236
p 126 160 94.11544 -6.5173454

c 44 2.6902695
p 114 201 51.12814 0.043891907
p 114 202 50.892277 -0.010955811
p 114 203 50.65735 0.027259827
p 115 204 50.374596 -0.07776451
p 116 205 50.19497 0.009876251
p 116 206 50.050457 -0.0423584
p 117 207 49.906925 -0.054311752
p 118 208 49.675045 -0.011991501
p 118 209 49.634453 0.01730156
p 118 210 49.58922 -0.0020561218
p 118 211 49.527225 -0.018238068
p 118 212 49.37979 -0.03759384
p 117 213 49.29424 -0.096134186
p 116 214 49.213932 0.12395859
p 115 215 49.11781 -0.06289101
p 116 216 49.051014 -0.027809143
p 117 217 49.046513 -0.03817177
p 117 218 48.996544 -0.06098175
p 118 219 48.976757 -0.024763107
p 119 220 48.976757 -0.047677994
p 119 221 48.896496 -0.082984924
p 120 222 48.82967 -0.013645172
p 120 223 48.766434 -0.05206108
p 120 224 48.750793 0.08400154
p 121 225 48.618977 -0.011804581
p 121 226 48.61767 -0.16018486
p 122 227 48.544327 -0.026319504
p 121 228 48.540855 -0.03287697
p 121 229 48.513386 -0.0449028
p 122 230 48.50268 0.04358101
p 123 231 48.482002 -0.04990959
p 123 232 48.453648 -0.03866005
p 122 233 48.43787 -0.04853058
p 121 233 48.43787 -0.023891449

c 45 2.8297348
p 118 206 50.120182 0.09731865
p 119 205 50.19991 -0.08899307
p 120 204 50.418484 -0.049491882
p 121 203 50.6084 -0.08857155
p 122 202 50.81947 -0.043992996
p 122 201 51.13197 -0.030435562
p 123 200 51.3435 -0.22963905
p 124 199 51.626423 -0.1064167
p 124 198 51.878452 -0.10675812
p 124 197 52.023407 -0.00598526
p 124 196 52.371727 -0.019607544
p 125 195 52.65244 -0.33662415
p 126 194 52.949917 -0.24219513

c 46 3.9023857
p 121 59 52.501762 -0.036972046
p 122 58 52.29432 0.014570236
p 123 57 51.986507 -0.009536743
p 124 56 51.699192 -0.07100105
p 124 55 51.379448 -0.16763496
p 125 54 51.17369 0.14435577
p 126 53 50.939568 -0.027645111
p 127 52 50.66726 -0.012636185
p 127 51 50.408775 -0.06669235
p 128 50 50.1523 -0.085739136
p 127 49 50.037777 0.015493393
p 127 48 49.875534 -0.09541702
p 127 47 49.69013 -0.042123795
p 127 46 49.53363 -0.022964478
p 126 45 49.431847 -0.019247055
p 127 44 49.372444 0.0693531
p 127 43 49.299786 -0.15454102
p 127 42 49.2401 -0.078351974
p 126 41 49.058323 -0.08447075
p 127 40 49.058323 -0.08554077
p 128 39 49.018337 -0.0627594
p 127 38 48.948483 -0.10035324
p 128 37 48.948483 0.005086899
p 128 36 48.865486 0.012367249
p 129 35 48.81453 -0.16079712
p 130 34 48.81453 -0.029640198
p 131 33 48.7195 -0.05701065
p 132 32 48.66936 -0.0335598
p 133 31 48.599377 -0.020244598
p 132 30 48.599377 -0.022483826

c 47 21.194332
p 122 81 70.005684 2.8788185
p 123 80 68.88114 -0.319252
p 124 79 67.82134 1.0040092
p 125 78 66.73936 -0.28094482
p 126 77 65.53837 2.2893753
p 127 76 64.42031 2.4132347
p 128 75 63.150673 -2.799656
p 127 74 62.240692 6.582302
p 128 73 61.354404 7.5887527
p 129 72 60.532757 8.956043
p 130 71 59.822243 2.347351
p 131 70 59.099186 -0.2913971
p 132 69 58.391434 -1.1885414
p 131 68 57.736023 7.5155716
p 132 67 57.052658 1.8026581
p 131 66 56.42127 2.561657
p 132 65 55.962658 5.953863
p 131 64 55.08012 6.2490005
p 130 63 54.475792 7.525894
p 129 62 53.88859 0.19601631
p 128 61 53.331455 0.029953003
p 127 60 52.865913 -0.053613663
p 126 59 52.520935 -0.0025749207
p 126 58 52.177544 -0.0850544
p 127 57 51.927204 0.06652069
p 128 56 51.60884 -0.0073604584
p 129 55 51.313965 -0.027658463
p 129 54 51.09633 -0.04773712
p 129 53 50.901352 -0.11163139
p 130 52 50.585575 0.10987091
p 131 51 50.281147 -0.09024048
p 130 50 50.16523 -0.14793396
p 130 49 50.04304 -0.14802551
p 131 48 49.79708 -0.028699875
p 131 47 49.70775 -0.07814789
p 132 46 49.590446 -0.12821198
p 132 45 49.496056 -0.055761337
p 132 44 49.437416 -0.016767502
p 132 43 49.300484 -0.0134010315
p 133 42 49.270992 0.14579391
p 132 41 49.1029 -0.006948471
p 133 40 49.026657 -0.054582596
p 132 39 49.014023 0.0026378632
p 131 38 48.96992 -0.014957428
p 131 37 48.89052 -0.037578583
p 131 36 48.889465 0.033672333
p 132 35 48.836655 -0.08689308
p 131 34 48.81135 -0.01325798

c 48 0.57992554
p 124 224 48.724426 0.03686905
p 125 223 48.74214 -0.1482296
p 126 222 48.836388 -0.017129898
p 125 221 48.92549 0.0076732635
p 126 220 48.94341 -0.06011963
p 127 219 48.998905 0.069065094
p 128 218 48.998905 -0.010166168
p 129 217 49.11091 -0.04344368
p 130 216 49.172195 -0.021007538
p 131 215 49.19845 -0.19933128
p 132 214 49.214054 -0.12880898
p 132 213 49.30435 -0.06921005

c 49 33.637287
p 127 168 82.203186 -2.1257286
p 128 169 80.258224 7.627388
p 127 170 78.095345 -1.9273186
p 128 171 77.50393 8.440044
p 128 172 77.23172 2.2338219
p 127 173 71.83394 -8.426254
p 128 174 69.94118 -3.958809
p 129 175 69.26607 -2.3638153
p 128 176 68.11979 10.936653
p 129 177 66.64281 0.42931366
p 128 178 65.804054 3.39188
p 129 179 64.78864 -5.39555
p 130 180 64.01731 -7.84663
p 131 181 63.309628 -7.5404816
p 132 182 62.530586 -5.763878
p 133 183 61.940777 -2.1978989
p 134 184 61.409245 -5.9904404
p 135 185 60.785297 -7.2752724
p 136 186 59.950386 -7.2248535
p 137 187 59.379307 -6.9717712
p 138 188 58.87563 5.6589546
p 138 189 58.2473 -3.3372784
p 139 190 57.186737 3.4160805
p 138 191 56.518864 4.2363358
p 139 192 55.873512 5.79212
p 140 193 55.26228 3.0703735
p 141 194 54.65911 -0.532114
p 142 195 54.05539 0.030284882
p 141 196 53.504826 0.026256561
p 140 197 52.967495 -0.023231506
p 141 198 52.496437 -0.2163353
p 141 199 52.02909 -0.05377388
p 142 200 51.48752 -0.12030792
p 142 201 51.14631 0.021940231
p 141 202 50.769955 0.017261505
p 140 203 50.499718 -0.08289528
p 140 204 50.288704 -0.030792236
p 140 205 50.01262 0.026628494
p 139 206 49.908527 -0.021211624
p 138 207 49.815887 -0.059488297
p 137 208 49.769554 -0.19969177
p 137 209 49.529713 -0.3446312
p 138 210 49.50617 -0.0060214996
p 138 211 49.442295 -0.06619263
p 139 212 49.24668 -0.1630249
p 140 213 49.24668 0.098428726
p 140 214 49.14945 -0.025064468
p 139 215 49.090164 -0.14661789
p 139 216 49.003506 -0.075653076
p 139 217 49.003506 -0.09276962
p 140 218 48.91679 0.044538498
p 141 219 48.87121 -0.022815704
p 140 220 48.867016 0.107393265
p 139 221 48.786793 0.02152443
p 138 222 48.743748 -0.05240059
p 138 223 48.731087 -0.08872032
p 139 224 48.62361 0.004096985
p 138 225 48.608944 -0.09634781
p 138 226 48.5659 0.0069713593
p 137 227 48.5659 0.018274307

c 50 42.76754
p 130 100 92.086464 -1.5555916
p 131 99 90.86227 -6.658573
p 132 98 89.41973 -6.8843727
p 131 97 88.21252 1.6712837
p 132 96 86.84487 -6.021679
p 133 95 85.54446 -1.4373627
p 134 94 84.57498 -6.025131
p 133 93 83.64386 0.526268
p 134 92 82.64274 -4.457119
p 135 91 81.66709 -3.2620125
p 136 90 80.62756 -3.760826
p 135 89 76.333954 -2.7919388
p 136 88 75.182236 -1.2295418
p 135 87 74.22634 3.1442413
p 136 86 73.59121 -1.6715202
p 137 85 72.786575 1.2067375
p 136 84 71.03786 -2.876545
p 137 83 70.2975 -3.1197395
p 138 82 69.295494 -5.384987
p 137 81 68.57954 4.997387
p 138 80 67.83046 -1.2748871
p 139 79 67.05101 -4.059574
p 140 78 66.25118 -2.5415344
p 141 77 65.54151 -2.2584953
p 142 76 64.8531 -1.3304596
p 143 75 64.13929 0.07439804
p 144 74 63.347553 -0.6368828
p 145 73 62.516914 -3.3937798
p 146 72 61.77973 -3.4653473
p 147 71 61.122902 0.8937454
p 146 70 60.44007 -3.0039673
p 145 69 59.72477 -4.6641235
p 146 68 58.98104 5.4794807
p 145 67 58.2411 2.1823196
p 146 66 57.517845 6.149399
p 145 65 56.801086 4.002123
p 144 64 56.099613 0.010515213
p 145 63 55.439613 4.624317
p 144 62 54.816936 1.3466816
p 143 61 54.223602 -0.55911064
p 142 60 53.62043 -0.46783638
p 141 59 53.072353 -0.25050735
p 140 58 52.533237 -0.040100098
p 141 57 52.206936 0.017742157
p 142 56 51.797714 -0.16161156
p 142 55 51.400757 -0.11548233
p 141 54 51.07328 -0.0013809204
p 140 53 50.88499 -0.07511139
p 139 52 50.739017 -0.09771919
p 139 51 50.50092 -0.07072258
p 138 50 50.21813 -0.059196472
p 137 49 49.978886 -0.0046195984
p 136 48 49.81743 -0.06834602
p 135 47 49.650795 -0.066841125
p 134 46 49.584194 -0.11585808
p 134 45 49.518917 -0.0511837
p 134 44 49.427658 0.0141124725
p 134 43 49.318924 -0.052167892

c 51 21.797592
p 136 91 81.55582 -4.5551987
p 137 92 83.051346 -8.0879135
p 138 93 84.489365 -8.066029
p 139 94 85.66667 -7.0927277
p 140 95 86.75681 -7.307579
p 141 96 87.69161 -7.7338905
p 142 97 88.7159 -7.8945694
p 143 98 89.672615 -7.3714333
p 144 99 90.72741 -1.2410011
p 143 100 92.33864 1.6155434
p 144 101 94.680504 -0.029369354
p 145 102 98.52968 -0.24907684
p 146 103 100.87264 -0.74064636
p 147 104 103.35341 1.0028229

c 52 1.9805679
p 138 26 48.47569 -0.09345627
p 138 27 48.483128 -0.11596489
p 139 28 48.483128 0.0017623901
p 139 29 48.576794 -0.040081024
p 139 30 48.576794 -0.009157181
p 139 31 48.626995 -0.040431976
p 140 32 48.672657 -0.06250954
p 141 33 48.77281 -0.09583473
p 142 34 48.78309 -0.01593399
p 142 35 48.937332 -0.06870842
p 142 36 48.981728 0.008449554
p 142 37 48.99936 -0.007329941
p 141 38 49.019802 0.029697418
p 142 39 49.087692 0.0706768
p 141 40 49.123238 -0.032173157
p 140 41 49.183643 0.059123993
p 141 42 49.247902 -0.10056496
p 141 43 49.317883 -0.03655243
p 141 44 49.47191 -0.05062294
p 141 45 49.534172 0.010295868
p 142 46 49.563107 -0.012704849
p 143 47 49.72277 0.13596153
p 144 48 49.81793 -0.12565804
p 145 49 50.035496 -0.083688736
p 146 50 50.24687 0.03570938
p 147 51 50.456257 -0.051338196

c 53 44.15522
p 139 188 59.11216 -2.6180305
p 140 187 59.7448 -6.165928
p 141 186 60.332687 -5.894245
p 142 185 60.943417 -4.2322617
p 143 184 61.58908 -2.721405
p 144 183 62.256172 -0.37776566
p 145 182 62.96528 -1.1731262
p 146 181 63.618916 -3.7642365
p 147 180 64.26625 -6.0444183
p 148 179 64.92262 -6.1123505
p 149 178 65.598175 -6.769066
p 150 177 66.29192 -5.202881
p 149 176 67.09675 9.808018
p 150 175 67.81132 0.32022858
p 151 174 68.52186 -7.1761627
p 152 173 69.24497 -8.695362
p 153 172 69.97759 -8.384151
p 154 171 70.63734 -4.9077034
p 155 170 71.50823 -8.111881
p 156 169 72.42333 -9.534748
p 157 168 73.04179 -9.740326
p 158 167 73.711845 -9.388168
p 159 166 74.44818 0.16332245
p 158 165 75.21524 -10.1774025
p 157 164 76.044235 -12.615498
p 156 163 77.556366 -9.900539
p 155 162 78.48043 -9.189701
p 154 161 79.72469 -13.581543
p 153 160 80.93871 -14.022766
p 152 159 83.39982 -5.886177
p 153 158 86.497986 -11.119896
p 154 157 94.27094 0.6780281
p 154 156 95.616554 -2.763836
p 155 155 97.93851 -5.383278
p 156 154 101.14571 -0.3165474
p 155 153 103.26738 -2.4459038

c 54 0.259346
p 147 225 48.582863 0.0017814636
p 148 225 48.582863 0.05125618
p 149 224 48.64978 -0.042625427
p 149 223 48.741196 -0.028541565
p 150 222 48.830948 -0.014997482
p 151 221 48.81734 -0.013618469
p 152 222 48.790726 -0.22572136
p 153 223 48.70824 -0.10268974
p 154 224 48.682907 -0.05705452
p 154 225 48.5716 -0.061210632
p 155 225 48.5716 -0.14830399

c 55 1.7012825
p 148 40 49.11707 -0.043296814
p 149 41 49.193867 9.4795227E-4
p 150 42 49.233997 -0.034093857
p 151 43 49.3631 -0.009952545
p 150 44 49.491245 0.008838654
p 149 45 49.500534 -0.060243607
p 150 46 49.578075 0.05929184
p 151 47 49.702263 0.010480881
p 150 48 49.892014 0.03837967
p 149 49 50.107635 0.0016727448
p 150 50 50.320908 -0.06755066
p 150 51 50.456078 -0.28063393
p 151 52 50.81835 0.15938187

c 56 53.13884
p 152 38 48.909325 -0.08179474
p 152 39 49.030464 -0.048667908
p 153 40 49.130177 0.048770905
p 154 41 49.173046 -0.023284912
p 155 42 49.25121 -0.069005966
p 156 43 49.368183 -0.108034134
p 156 44 49.38299 -0.18146515
p 155 45 49.470634 -0.0075244904
p 155 46 49.497963 -0.035146713
p 155 47 49.679382 -0.027946472
p 154 48 49.80225 -0.015199661
p 154 49 50.13495 -0.090833664
p 155 50 50.30899 0.006996155
p 154 51 50.56119 0.05700302
p 155 52 50.93485 -0.09958649
p 156 53 51.37775 0.01727295
p 155 54 51.744354 -0.011785507
p 156 55 52.124184 -0.071035385
p 157 56 52.613346 8.5258484E-4
p 158 57 53.10298 -0.11595154
p 159 58 53.639908 -0.017148972
p 160 59 54.2216 -0.0718956
p 161 60 54.812183 -0.067640305
p 162 61 55.425823 0.049282074
p 163 62 56.052277 2.777216
p 164 63 56.68797 4.5589123
p 165 64 57.318657 4.2181587
p 166 65 57.97911 5.1364784
p 167 66 58.658035 -2.4702644
p 166 67 59.27954 -2.3078098
p 167 68 60.048767 -1.0727692
p 168 69 60.72579 1.616291
p 169 70 61.525623 -3.8031044
p 170 69 62.114914 -2.8874245
p 171 70 62.83738 -4.415695
p 172 71 63.54022 -3.1287498
p 173 72 64.272064 -3.6608582
p 172 73 64.968925 3.2225342
p 173 74 65.828064 -0.85159683
p 174 75 66.42627 0.8521309
p 175 76 67.08088 -0.7495651
p 176 77 67.732414 -1.5441589
p 177 78 68.41819 -0.7072563
p 178 79 69.34338 1.3446007
p 177 80 70.014656 -3.0615807
p 176 81 70.694786 -6.0086555
p 175 82 71.3984 -5.353554
p 174 83 72.24349 -2.154766
p 175 84 72.99563 -7.4678764
p 176 85 73.80716 -8.917889
p 177 86 74.62151 0.0689621
p 176 87 75.44714 -6.850624
p 175 88 76.33369 -11.294418
p 174 89 77.166565 -10.641254
p 173 90 77.985245 -10.503708
p 172 91 78.7825 -9.520363
p 171 92 79.55653 -0.0037193298
p 172 93 80.32559 -9.343075
p 173 94 81.19118 -10.897079
p 174 95 82.11306 -7.5191
p 173 96 83.226845 -9.446449
p 172 97 86.89548 -15.574596
p 171 98 93.72568 -2.2555923
p 171 99 97.98371 -1.5831184
p 170 100 99.03295 -1.8466377
p 169 101 99.941826 -1.3256989
p 170 102 101.09311 -2.5609589
p 171 103 102.048164 -3.186283

c 57 1.4321594
p 152 220 48.81734 -0.14321709
p 153 219 48.893463 0.045087814
p 154 218 48.91938 -0.08782387
p 154 217 48.962303 -0.019327164
p 155 216 49.058548 -0.022987366
p 155 215 49.16002 -0.1022892
p 155 214 49.22507 -0.052869797
p 154 213 49.280216 -0.03589821
p 154 212 49.343376 -0.08775139
p 155 211 49.4196 0.032455444
p 156 210 49.47431 -0.07241058
p 157 209 49.65739 0.037626266
p 158 208 49.68181 -0.110580444
p 157 207 49.848137 0.06811714
p 156 206 49.91406 -0.11869049
p 156 205 50.113625 0.07155609
p 157 204 50.2495 -0.036607742
p 158 205 50.116627 -0.047506332
p 158 206 49.89742 -0.08105278
p 158 207 49.832806 0.006055832

c 58 4.8255615
p 155 189 55.319305 7.2606277
p 156 190 54.80184 7.0119705
p 155 191 54.199497 5.4021397
p 156 192 53.658466 -0.066446304
p 156 193 53.180145 -0.06365967
p 156 194 52.85002 0.041418076
p 155 195 52.471996 0.008466721
p 156 196 52.15827 0.01517868
p 157 197 51.874424 -0.037101746
p 157 198 51.55385 -0.078022
p 156 199 51.373955 -0.048542023
p 156 200 51.12609 -0.33501244
p 157 201 51.023277 0.033201218
p 157 202 50.648434 -0.23258781
p 156 203 50.493744 0.06786537

c 59 0.7754135
p 156 24 48.4957 -0.062330246
p 156 25 48.4957 -0.028909683
p 157 26 48.515095 0.066423416
p 158 26 48.53315 0.005022049
p 159 27 48.5883 0.0702095
p 160 28 48.5883 -0.083919525
p 160 29 48.608543 -0.15897942
p 160 30 48.6103 -0.13094711
p 161 31 48.647896 -0.1416874
p 161 32 48.71628 -0.15051651
p 161 33 48.72661 -0.088300705
p 161 34 48.735756 -0.0485363
p 160 35 48.79706 0.09729576
p 161 36 48.821133 0.032253265
p 160 37 48.821133 -0.0053310394
p 160 38 48.875584 -0.050245285
p 161 39 49.0028 -0.068445206
p 162 40 49.122612 -0.0040721893
p 163 41 49.15732 -0.0127773285
p 163 42 49.271114 -0.09157181

c 60 17.07658
p 156 91 78.39942 -5.64019
p 157 90 76.97883 -9.956539
p 158 89 75.947655 -5.7392197
p 157 88 74.9655 3.6252213
p 158 87 74.12235 0.58431244
p 157 86 73.36598 0.9458046
p 158 85 72.39929 -10.778049
p 159 84 71.58121 -9.195351
p 160 83 70.84092 -7.1596375
p 159 82 70.059746 -8.409401
p 158 81 69.12836 -5.8810844
p 159 80 68.23589 -6.1206284
p 160 79 67.55544 -6.237541
p 161 78 66.8956 -5.2551575
p 162 77 66.206436 -6.7021103
p 161 76 65.42291 3.9803543
p 162 75 64.77565 -6.405739
p 163 74 64.163345 -4.6153564
p 164 73 63.68351 -4.135483
p 165 72 62.961803 -3.5250816
p 166 71 62.017868 -6.3642693
p 167 70 61.32284 -2.1464539

c 61 9.185036
p 158 204 50.239567 -0.13282776
p 159 203 50.429237 -0.06943321
p 160 202 50.71527 -0.015611649
p 159 201 50.973793 0.1194725
p 160 200 51.04514 -0.1624279
p 161 199 51.336212 0.06679344
p 162 198 51.544086 -0.12913322
p 163 197 51.853466 -0.062603
p 164 196 52.15639 0.01811409
p 163 195 52.432507 -0.029972076
p 164 194 52.823357 -0.057849884
p 163 193 53.214737 1.213131
p 164 192 53.658203 3.352789
p 163 191 54.170544 4.768753
p 162 190 54.84093 0.11437607
p 163 189 55.6126 -5.063837
p 162 188 56.51587 -1.3510475
p 163 187 57.44313 -7.61248
p 162 186 58.29967 -11.875145
p 161 185 59.424603 -13.179462

c 62 4.6938133
p 164 226 48.573494 -0.07032013
p 165 227 48.573494 -0.007997513
p 166 226 48.595394 -0.10410118
p 166 225 48.5959 -0.09012604
p 165 224 48.610058 0.004009247
p 166 223 48.733334 0.1783886
p 165 222 48.769436 -0.15709305
p 165 221 48.802208 -0.08380318
p 166 220 48.86733 0.014537811
p 165 219 48.870983 0.02478218
p 165 218 48.952618 -0.006231308
p 166 217 49.024662 -0.18719101
p 166 216 49.100254 -0.16890144
p 166 215 49.1861 -0.069322586
p 165 214 49.266464 -0.11165047
p 165 213 49.329956 -0.04374504
p 166 212 49.329956 -0.019987106
p 167 211 49.432297 -0.07572937
p 167 210 49.466507 -0.113674164
p 168 209 49.59688 -0.05876541
p 169 208 49.6497 -0.059322357
p 170 207 49.79411 -0.11036873
p 170 206 49.921787 0.0068969727
p 169 205 50.076965 0.06919861
p 170 204 50.183918 -0.09664345
p 169 203 50.46982 0.04086113
p 170 202 50.64656 0.09975815
p 169 201 50.881245 -0.087739944
p 168 200 51.147633 0.13536263
p 167 199 51.35089 0.052238464
p 166 198 51.613903 0.04473877
p 167 197 51.85055 0.01927948
p 167 196 52.200672 0.0075187683
p 168 195 52.47347 -0.03196907
p 167 194 52.85466 -0.13590622
p 168 193 53.267307 4.4141674

c 63 54.19705
p 175 154 102.88321 0.64411163
p 176 155 95.84254 -7.643921
p 177 156 92.4898 -10.258472
p 178 157 87.02782 -13.019909
p 179 158 84.51591 -11.519707
p 180 159 81.184525 -14.101891
p 181 160 79.88901 -14.251064
p 182 161 78.71211 -15.012711
p 183 162 77.71958 -15.46801
p 184 163 76.761925 -14.874882
p 185 164 76.00905 -9.987736
p 186 165 75.16342 -7.658844
p 185 166 74.117424 -9.695824
p 184 167 73.15543 -6.4838066
p 185 168 72.518745 2.912056
p 184 169 71.77153 -8.897297
p 183 170 70.99658 -11.217407
p 182 171 70.31983 -10.171078
p 181 172 69.693085 -3.73954
p 180 173 69.031166 -8.276962
p 179 174 68.17223 -8.457279
p 178 175 67.42839 -4.410469
p 177 176 66.68154 -5.623745
p 178 177 65.98578 -7.424034
p 179 178 65.325905 -7.362953
p 180 179 64.71054 -3.8589478
p 181 180 64.10029 1.6123695
p 180 181 63.239002 -5.0150757
p 179 182 62.487366 -4.8030357
p 180 183 61.793102 1.3111649
p 181 184 61.105125 1.2592773
p 182 185 60.373806 1.9970322
p 183 186 59.571884 -0.6736145
p 182 187 58.541523 -1.1192627
p 183 188 57.804283 0.63365555
p 182 189 57.17367 3.2397804
p 183 190 56.57039 2.719366
p 184 191 56.01701 1.3013477
p 185 192 55.267082 2.7162247
p 186 193 54.66938 0.10238075
p 187 192 54.09846 -0.14543533
p 188 193 53.673504 0.05002594
p 189 194 53.243595 -0.07227898
p 190 195 53.030598 -0.049203873
p 191 196 52.675392 -0.14635849
p 192 197 52.355125 -0.12680626
p 193 198 52.07356 -0.053848267
p 194 199 51.767113 -0.010669708
p 195 200 51.384098 -0.079422
p 194 201 51.058247 -0.08261299
p 194 202 51.003662 0.23862457
p 193 203 50.532036 -0.059230804
p 192 204 50.329063 0.03570938
p 192 205 50.151142 -0.03813362
p 193 206 50.032997 -0.028736115
p 192 207 49.926846 0.027355194
p 193 208 49.785908 0.018751144
p 192 209 49.565998 -0.19974709
p 191 210 49.52829 0.070898056
p 192 211 49.427437 -0.058246613
p 191 212 49.379025 -0.053661346
p 190 213 49.270164 -0.015777588
p 189 214 49.161552 -0.031808853
p 190 215 49.127777 -0.07927132
p 191 216 49.096733 -0.056900024
p 190 217 48.978607 -0.14537239
p 189 218 48.912125 -0.07819748
p 188 218 48.91137 -0.083530426
p 187 219 48.891068 -0.04837799
p 188 220 48.837994 0.006494522
p 187 221 48.809513 -0.11058426
p 186 222 48.78375 -0.0152282715
p 185 223 48.766937 -0.016965866
p 184 224 48.726578 -0.051786423
p 183 225 48.726578 0.032375336
p 183 226 48.68616 -0.003917694
p 183 227 48.68616 -0.08934593

c 64 25.430733
p 178 87 75.42234 -7.6006584
p 179 88 76.35827 -9.254757
p 180 89 77.120476 -9.621918
p 181 90 77.91521 -10.501492
p 182 91 78.76568 -11.145191
p 183 92 79.703545 -4.362053
p 182 93 80.73509 -9.666309
p 181 94 81.85652 -5.2950478
p 182 95 82.90158 -11.745529
p 183 96 83.99589 -12.164757
p 184 97 85.301384 -10.92128
p 185 98 86.44443 -10.456806
p 186 99 87.65306 -7.356304
p 187 100 93.08847 -5.181843
p 188 101 96.409164 -4.406742
p 189 102 100.85307 -0.085048676

c 65 9.8826065
p 182 55 51.381813 -0.13290405
p 183 54 51.272385 0.028284073
p 184 53 50.92133 -0.08297348
p 184 52 50.75919 6.122589E-4
p 185 51 50.52148 -0.12390709
p 186 50 50.305603 -0.005176544
p 187 51 50.577778 0.05340576
p 188 50 50.297672 -0.12246323
p 188 49 50.079014 -0.14507675
p 188 48 49.927174 -0.0032405853
p 188 47 49.74851 -0.07759857
p 189 46 49.63547 -0.007936478
p 190 45 49.462215 -0.11105347
p 189 44 49.462215 0.14947128
p 190 43 49.368374 -0.14821434
p 191 43 49.349934 -0.16784668
p 192 42 49.340683 -0.12857056
p 192 41 49.275265 -0.09028816
p 192 40 49.190987 -0.04192543
p 191 39 49.10257 0.009557724
p 191 38 48.992237 0.027297974
p 190 37 48.843197 -0.07671738
p 191 36 48.821556 -0.041721344
p 191 35 48.80458 -0.06967735
p 192 34 48.780388 -0.07311821
p 193 33 48.776035 -0.11320305
p 194 32 48.743652 0.024040222
p 194 31 48.704704 -0.026126862
p 193 30 48.66572 -0.100162506
p 194 30 48.66572 -0.049268723
p 195 30 48.689117 0.066366196
p 196 31 48.70935 0.012353897
p 197 32 48.757336 -0.040485382
p 197 33 48.791748 -0.096458435
p 198 34 48.826084 0.069215775
p 198 35 48.858727 -0.018333435
p 198 36 48.994728 0.1156044
p 199 37 49.011467 -0.14587212
p 200 38 49.105194 0.02022934
p 199 39 49.149574 -0.03258133
p 198 40 49.192387 0.022483826
p 198 41 49.25027 -0.062187195
p 198 42 49.407272 -0.002292633
p 199 43 49.494503 -0.08230972
p 199 44 49.61524 -0.005405426
p 200 45 49.675858 -0.068315506
p 200 46 49.818558 -0.045110703
p 201 47 49.920673 -0.12995529
p 202 48 50.05903 -0.045570374
p 201 49 50.19491 0.083257675
p 202 50 50.35921 0.049690247
p 201 51 50.578186 -0.086271286
p 201 52 50.7033 0.054912567
p 201 53 50.86469 -0.12407684
p 202 54 51.01509 -0.041151047
p 201 55 51.11432 -0.1946373
p 200 56 51.304714 -0.0012664795
p 201 57 51.454308 0.07854462
p 202 58 51.581757 -0.0075302124
p 203 59 51.82754 0.042476654
p 202 60 52.145084 0.030555725
p 203 61 52.411148 -0.08589554
p 202 62 52.837513 2.779272
p 203 63 53.170395 -0.046827316
p 203 64 53.715717 5.63723
p 202 65 54.297493 1.9961967
p 203 66 54.85373 -0.622818
p 202 67 55.48535 -1.1934032
p 203 68 56.24594 1.874321
p 202 69 58.54833 2.2365494

c 66 4.5364304
p 185 65 55.302032 2.6952477
p 186 64 54.65889 4.6767483
p 187 63 54.020382 6.55958
p 188 62 53.43475 4.7337074
p 189 61 52.88806 -0.037179947
p 190 60 52.467316 -6.637573E-4
p 189 59 52.08935 -0.01509285
p 189 58 51.75013 0.018161774
p 188 57 51.49823 -0.21650887
p 187 56 51.366066 -0.15255737
p 186 55 51.235973 -0.058732986
p 187 54 51.093067 -0.045078278
p 187 53 50.840076 -0.10122681
p 188 52 50.765602 -0.07066345

c 67 9.164528
p 185 65 55.302032 1.3105984
p 186 66 56.03936 -1.9366112
p 185 67 56.642586 -0.8622112
p 186 68 57.879757 0.05529785
p 187 69 58.50996 -1.2898216
p 188 70 59.20672 -1.2752113
p 189 71 59.799915 -3.8738213
p 190 72 60.5244 -5.3229523
p 191 73 61.36655 -4.758318
p 190 74 62.085896 -11.705883
p 189 75 62.90238 -11.696232
p 188 76 63.704147 -8.372789
p 189 77 64.46656 -5.7591743

c 68 54.054466
p 188 151 102.955925 -2.9237938
p 189 152 99.87566 -6.052532
p 190 153 97.25691 -8.545212
p 191 154 94.27785 -9.058998
p 192 155 91.38843 -8.999096
p 191 156 87.47853 -17.089958
p 190 157 85.11508 -7.319992
p 191 158 83.28291 -16.370846
p 192 159 81.91041 -13.003208
p 193 160 80.87965 -13.779991
p 194 161 79.71638 -9.240772
p 193 162 78.65493 1.6608315
p 194 163 77.738396 -10.800236
p 195 164 76.771866 -9.692013
p 196 165 75.95799 -11.680435
p 197 166 75.3197 -9.378246
p 198 167 74.30384 -5.4656525
p 197 168 73.54866 1.205513
p 198 169 72.800545 -8.35791
p 199 170 72.1879 -9.991028
p 200 171 71.30246 -8.113853
p 201 172 70.49282 -2.9298553
p 202 173 69.71899 -7.0415916
p 203 174 68.9454 -8.270584
p 204 175 68.34194 -7.262413
p 205 176 67.465065 -6.559452
p 206 177 66.83949 -2.5241241
p 207 178 66.31753 -7.999775
p 208 179 65.373245 -9.176464
p 209 180 64.72539 -7.082737
p 210 181 64.0849 -2.696476
p 211 182 63.404285 -5.8884506
p 210 183 62.7599 6.2022552
p 211 184 62.08845 -1.580204
p 210 185 61.357414 11.995953
p 211 186 60.372787 3.2416763
p 212 187 59.677135 -1.3969345
p 211 188 58.97937 -5.96418
p 210 189 58.26618 -4.476118
p 211 190 57.539448 0.8734932
p 212 191 56.794968 1.5995655
p 213 192 56.113876 2.3710766
p 214 193 55.43144 2.9955559
p 215 194 54.755512 -0.026586533
p 214 195 54.189396 -0.58947563
p 215 196 53.6549 -0.61725044
p 216 197 53.134743 -0.16621208
p 216 198 52.65162 -0.03512001
p 215 199 52.189445 -0.009469986
p 216 200 51.70806 -0.020961761
p 216 201 51.392834 0.018226624
p 215 202 51.064747 0.08625412
p 214 203 50.810764 -0.025083542
p 213 204 50.58082 -0.009227753
p 213 205 50.29477 -0.13370705
p 212 206 50.19481 -0.28609467
p 211 207 50.07218 0.06593323
p 212 208 49.84818 -0.2885723
p 213 209 49.83706 0.1872673
p 212 210 49.628593 -0.13340378
p 211 211 49.537884 0.036859512
p 210 212 49.51096 -0.11857605
p 209 213 49.459167 -0.0059871674
p 208 214 49.376335 -0.07293892
p 207 215 49.28154 -0.0861969
p 206 216 49.228447 -0.05432129
p 205 217 49.087494 -0.028320312
p 205 218 49.007114 0.02012062
p 204 219 48.95417 -0.06520271
p 205 220 48.90146 -0.05709839
p 206 220 48.90146 -0.08241463

c 69 2.6695824
p 192 215 49.1775 -0.027683258
p 193 214 49.282646 -0.037906647
p 194 213 49.298466 -0.07985115
p 194 212 49.33516 -0.06977081
p 194 211 49.425594 -0.16078758
p 195 210 49.62078 0.013959885
p 196 209 49.712337 -0.051006317
p 197 208 49.809395 -0.04108429
p 196 207 49.978252 -0.10091019
p 195 206 50.118923 -0.079395294
p 196 205 50.191414 0.068395615
p 195 204 50.29047 -0.15839577
p 195 203 50.53782 -0.15456772
p 196 202 50.931194 0.18080902
p 195 201 51.129944 -0.03832245
p 196 200 51.37615 -0.19258308
p 197 199 51.729717 -0.09949112
p 196 198 51.847084 -0.018054962

c 70 1.9642105
p 193 34 48.779964 -0.06670761
p 194 35 48.82392 -0.11256409
p 195 36 48.827106 0.039691925
p 195 37 48.931282 -7.019043E-4
p 195 38 49.020016 0.005174637
p 194 39 49.06276 -0.039323807
p 195 40 49.183773 0.06511688
p 194 41 49.225475 -0.1408081
p 195 42 49.33093 -0.02832985
p 196 43 49.436684 -0.17236328
p 197 44 49.571762 -0.039388657
p 198 45 49.639362 -0.04691887
p 198 46 49.785465 -0.014352798
p 199 47 49.912323 -0.050979614
p 198 48 49.989925 -0.059072495
p 198 49 50.177284 -0.004217148
p 198 50 50.30245 -0.14874268
p 197 51 50.510246 -0.03555298
p 198 52 50.59781 -0.14420319
p 199 53 50.744175 -0.16526413

c 71 1.7358971
p 199 40 49.2138 0.10622215
p 200 41 49.310368 -0.0054950714
p 201 42 49.497307 0.019248962
p 202 43 49.60454 -0.051532745
p 202 44 49.686913 -0.065423965
p 203 45 49.80654 -0.10529518
p 204 46 49.88942 0.0139808655
p 203 47 50.00661 -0.13848686
p 203 48 50.14567 -0.012201309
p 204 49 50.217747 0.06735611
p 205 50 50.245007 -0.07371521
p 205 51 50.56309 -0.11278534
p 205 52 50.75596 -0.05009651
p 205 53 50.949696 0.053274155

c 72 0.8940239
p 200 218 49.055706 0.13697433
p 201 217 49.08662 -0.034111023
p 202 216 49.1924 -0.083322525
p 202 215 49.266735 -0.023935318
p 202 214 49.299088 -0.13501167
p 202 213 49.329998 -0.06938934
p 203 212 49.49013 -0.027469635
p 204 211 49.573284 0.043876648
p 205 210 49.697037 -0.11550903
p 205 209 49.703896 -0.15370941
p 204 208 49.902905 -0.067373276
p 204 207 49.94973 -0.0062446594

c 73 32.174828
p 202 103 101.573395 -2.0039406
p 203 102 99.29475 -2.7708778
p 204 101 97.872406 -0.3591385
p 204 100 95.29977 -4.364914
p 205 99 90.58178 -7.436226
p 206 98 88.441986 -7.6080475
p 207 97 87.509415 -7.1856956
p 208 96 86.794685 -6.483879
p 209 95 86.239624 -5.936531
p 210 94 85.62457 -6.5955276
p 211 93 84.82635 -7.059807
p 212 92 83.832306 -5.337517
p 213 91 82.97711 -1.8182068
p 214 90 82.067474 -2.2368736
p 215 89 80.95436 -3.6806717
p 214 88 79.5969 3.1303558
p 215 87 78.17039 -1.5754509
p 216 86 76.98806 0.29626083
p 217 85 75.37664 1.6536751
p 218 84 74.04401 0.4642334
p 219 83 72.98924 -4.030987
p 220 82 71.35911 -8.447304
p 221 81 70.25966 -5.2371216
p 222 80 69.6565 3.5051498
p 222 79 69.39857 3.592514
p 221 79 69.39857 0.65730286

c 74 27.207375
p 204 85 75.650955 -4.920677
p 205 84 72.43806 -9.512833
p 206 83 71.53121 -8.342796
p 207 82 70.218666 -8.397339
p 208 81 69.68277 -7.444935
p 209 80 68.852425 -7.434578
p 210 79 68.16154 -8.0516815
p 211 78 67.63771 -7.909424
p 212 77 66.75671 -7.9819946
p 213 76 66.17247 -7.258503
p 214 75 65.47053 -7.100643
p 215 74 64.82952 -6.336376
p 216 73 64.32834 -8.899162
p 215 72 63.577248 7.6768036
p 216 71 62.793446 -6.73901
p 217 70 62.166485 -9.295006
p 218 69 61.660973 -6.95434
p 219 70 60.929195 6.446865
p 220 69 60.293583 0.16917038
p 221 70 59.59923 15.822685
p 222 69 58.859753 5.6481857
p 223 68 58.231827 -4.0138683
p 222 67 57.638393 0.57730484
p 223 66 56.72626 0.9339924
p 224 65 55.88219 -0.6999588
p 225 64 55.171146 0.84124374
p 226 63 54.683453 2.4368496
p 227 62 54.266335 0.18276215
p 227 61 53.859848 -0.29177856
p 228 60 53.599022 -0.09959602
p 228 59 53.31898 0.027288437
p 227 58 52.91136 0.100954056
p 226 57 52.49073 0.19511223
p 225 56 52.095703 -0.10713768
p 224 55 51.814537 0.02513504
p 223 54 51.673824 0.14518929
p 222 53 51.485542 0.049146652
p 221 52 51.340275 0.10950661
p 220 51 51.13452 -0.11399078
p 219 50 50.95221 -0.057611465
p 218 49 50.80455 0.089185715
p 217 48 50.620937 -0.037086487
p 218 47 50.456978 -0.025985718
p 218 46 50.312416 -0.13913345
p 217 45 50.133507 -0.0866127
p 216 44 49.95505 -0.02232933
p 217 43 49.76247 0.095127106
p 216 42 49.555744 -0.06556511
p 215 41 49.479027 -0.06615257
p 216 40 49.391994 -0.049734116
p 216 39 49.391994 -0.091934204
p 216 38 49.252735 -0.11894035
p 216 37 49.180958 -0.1968708
p 215 36 49.064358 0.011520386
p 214 35 48.989872 -0.15674973
p 213 35 48.94812 -0.03161812
p 212 35 48.936855 -0.083509445
p 211 34 48.89387 0.034151077
p 211 33 48.83463 -0.005300522
p 211 32 48.82368 0.0890789
p 210 31 48.790035 -0.05378914
p 209 30 48.71258 0.015277863
p 208 29 48.69084 -0.15158463
p 208 28 48.668438 -0.21251869
p 207 27 48.643826 -0.049829483
p 207 26 48.589485 -0.032426834
p 208 25 48.579353 -0.013685226
p 209 24 48.551918 -0.03250122
p 208 23 48.493504 -0.0076026917
p 207 22 48.468468 0.051771164
p 208 21 48.46107 -0.057102203
p 209 21 48.44358 -0.04902649
p 210 22 48.44358 -0.08088684

c 75 47.78749
p 208 113 96.23531 -6.7252083
p 209 112 94.14519 -9.227726
p 210 111 92.95454 -9.64019
p 211 110 91.82821 -8.529892
p 212 109 91.14585 -8.660191
p 213 108 90.434616 -8.028809
p 214 107 89.77803 -5.4611626
p 215 106 89.18803 -4.9165764
p 216 105 88.46685 -1.4402657
p 217 104 87.71527 1.490406
p 218 103 86.892845 -0.43977737
p 219 102 86.33535 0.62797165
p 220 101 85.712074 1.3874817
p 221 100 84.979065 1.0225105
p 222 99 84.31245 -0.28264236
p 223 98 83.725296 -2.3765793
p 224 97 83.13465 -0.67134476
p 225 96 82.52872 2.4113808
p 226 95 81.92077 3.62471
p 227 94 81.33303 0.4318695
p 228 95 80.72977 -2.889141
p 229 94 80.07826 -1.7119179
p 230 93 79.454735 -1.8663406
p 231 92 78.86766 -1.7171326
p 232 91 78.25615 0.59750366
p 233 90 77.7163 0.36238098
p 234 89 76.968285 0.7458954
p 235 88 76.52454 2.5073814
p 236 87 76.12777 0.97888947
p 237 86 75.54205 0.5843086
p 238 85 75.012794 0.14565659
p 239 84 74.44107 1.1780243
p 240 83 73.957245 -1.7558632
p 241 84 73.62375 2.637661
p 242 84 73.421425 4.614792
p 243 83 72.77526 5.910015
p 244 82 72.23233 7.5193977
p 245 81 71.81986 7.933056
p 246 80 71.02763 5.3773346
p 247 79 70.5227 3.6759224
p 248 78 70.00512 1.6113014
p 248 77 69.71001 1.6084785
p 248 76 68.74564 5.071747
p 249 75 68.207214 7.5343475
p 250 74 67.68053 9.256813
p 251 73 67.17106 3.968254
p 251 72 66.70597 10.96455
p 252 71 65.87195 13.942699
p 253 70 64.9147 10.543499
p 252 69 64.03722 3.449379
p 253 68 63.38355 10.841873
p 254 67 62.587025 -0.1428566
p 253 66 61.329372 14.917259
p 252 65 59.13438 1.0068226
p 251 64 58.53276 1.52915
p 250 63 57.92867 2.3715687
p 249 62 57.254425 0.14468956
p 248 61 56.747654 0.057409286
p 247 60 56.219036 -0.08328056
p 246 59 55.655888 0.06378937
p 245 58 55.11816 -0.13481331
p 244 57 54.555832 -0.10055733
p 243 56 54.019325 0.114105225
p 242 55 53.54 0.024559021
p 241 54 53.12499 0.18320656
p 240 53 52.679794 -0.0746212
p 241 52 52.259403 -0.0046138763
p 240 51 51.786655 -0.08252907
p 240 50 51.543175 0.07335472
p 239 49 51.109978 -0.14423752
p 240 48 50.780678 -0.0032863617
p 241 47 50.49836 -0.04507065
p 242 46 50.38957 0.14601135
p 243 45 50.14082 0.00774765
p 244 44 50.01034 0.03809166
p 244 43 49.78327 -0.16001892
p 243 42 49.684135 -0.032274246
p 244 41 49.649494 -0.033275604
p 245 40 49.48603 -0.040843964
p 246 39 49.31375 -0.08067703
p 247 38 49.23748 0.010059357
p 247 37 49.18128 0.015666962
p 246 36 49.137856 -0.06285858
p 247 35 49.103645 0.014966965
p 247 34 49.047592 -0.11162758
p 247 33 49.014534 -0.038038254
p 248 32 48.903717 -0.043956757
p 247 31 48.90212 -0.15143967
p 246 30 48.856438 -0.17785263
p 246 29 48.802124 -0.065704346
p 245 28 48.797592 -0.014305115
p 244 27 48.72806 -0.023639679
p 244 26 48.6859 0.024744034
p 245 25 48.596046 -0.061569214
p 244 24 48.55885 -0.11348724
p 245 23 48.54456 -0.13276291
p 246 22 48.52718 -0.06865311
p 247 21 48.51286 -0.07909393
p 246 20 48.498646 0.01794815
p 247 19 48.474026 -8.31604E-4
p 248 19 48.456573 0.0027370453
p 249 18 48.447823 -0.042114258
p 250 19 48.447823 -0.20252228

c 76 46.183872
p 211 153 94.766045 -0.99038696
p 212 154 91.65352 -7.4019585
p 213 155 90.64418 -7.226864
p 214 156 89.82724 -7.0742836
p 215 157 88.70527 -6.784748
p 216 158 87.88743 -6.040657
p 217 159 87.24278 -5.019619
p 218 160 86.35802 -3.67387
p 219 161 85.709435 -3.9627686
p 220 162 84.68694 -4.3883324
p 221 163 84.1059 -5.050419
p 222 164 83.405495 -5.1489754
p 223 165 82.444626 -5.3465424
p 224 166 81.8951 -3.4220276
p 225 167 81.02032 -1.943737
p 226 168 80.508644 -1.6409798
p 227 169 79.70348 -1.4821548
p 228 170 78.953125 -0.89507294
p 229 171 78.43683 -1.3513336
p 228 172 77.84379 5.635124
p 229 173 77.2219 2.7099648
p 230 174 76.52807 -1.9296608
p 231 175 75.88755 -2.8451538
p 232 176 75.28549 -2.3445625
p 233 177 74.68756 -3.0190544
p 234 178 74.17445 0.16794968
p 235 179 73.45044 -3.1237564
p 236 178 72.76914 -1.8709679
p 237 177 72.12114 3.8295555
p 238 178 71.47545 2.5589104
p 239 179 70.880585 1.2149048
p 240 180 70.32411 1.6349792
p 241 181 69.7635 4.075962
p 242 182 69.08645 7.28125
p 243 183 68.52513 7.4540977
p 244 184 67.76765 3.9798813
p 245 185 67.09174 3.739666
p 246 186 66.414925 0.41988373
p 247 185 65.9023 0.7295265
p 248 184 65.36667 -1.2570267
p 249 183 64.75109 2.9437065
p 250 183 64.14897 0.23301315
p 251 184 63.353104 1.0844193
p 252 185 62.362488 2.7186203
p 253 186 61.686893 5.009285
p 254 187 61.033768 -0.92289734
p 255 188 60.42003 0.03938675
p 254 189 59.795624 2.1707077
p 253 190 59.104385 -1.84935
p 252 191 58.47466 0.03196907
p 253 192 57.843285 14.617403
p 254 193 57.240417 0.1787796
p 255 194 56.638397 0.009227753
p 255 195 56.081364 0.09793854
p 255 196 55.554752 0.035842896
p 254 197 54.94228 -0.029449463
p 254 198 54.262745 -0.15976715
p 254 199 53.933758 -0.08649826
p 255 200 53.368748 -0.08950806
p 254 201 52.911396 -0.09504318
p 253 202 52.399723 -0.033607483
p 252 203 51.970844 0.06412315
p 253 204 51.492176 -0.05901909
p 252 205 51.195816 0.14928627
p 253 206 50.779465 -0.11375046
p 253 207 50.53168 0.10231781
p 254 208 50.237396 0.07983017
p 253 209 50.003094 -0.12538338
p 252 210 49.891525 0.024108887
p 252 211 49.755238 -0.102350235
p 253 212 49.650932 0.062252045
p 253 213 49.418568 -0.14413261
p 252 214 49.3934 0.12633514
p 253 215 49.24013 -0.055044174
p 252 216 49.21338 0.041999817
p 251 217 49.129547 0.01666069
p 250 218 49.046787 -0.07839584
p 250 219 49.017216 0.05874443
p 251 220 48.903973 -0.06311226
p 251 221 48.890625 0.018762589
p 250 222 48.890278 -0.1073761
p 249 223 48.87578 -0.055034637
p 250 224 48.83821 0.036273956
p 249 225 48.747066 0.020471573
p 249 226 48.67869 -0.021512985
p 250 227 48.67869 0.032190323
p 249 228 48.65955 0.041913986
p 250 229 48.60388 -0.005624771
p 249 230 48.582172 -0.007829666
p 250 231 48.582172 -0.057596207

c 77 26.359764
p 212 119 100.27511 0.9118347
p 213 118 99.12421 1.6934509
p 214 117 98.01076 0.90950394
p 215 116 97.032364 1.3949318
p 216 115 95.929596 1.6290779
p 217 114 94.87277 1.9975128
p 218 113 93.990585 1.4946709
p 219 112 93.1478 1.0647011
p 220 111 92.4803 0.9518242
p 221 110 91.753555 2.8027878
p 221 109 90.59008 -0.18764496
p 222 108 90.0519 -0.7999344
p 223 107 89.157234 -3.6256218
p 224 106 88.4706 -4.4378433
p 225 105 87.7923 -3.4871407
p 226 104 87.196655 -1.4872131
p 227 103 86.521385 -0.3190155
p 228 104 85.88257 1.1391373
p 229 103 85.287674 0.08731079
p 230 102 84.72344 3.0655823
p 231 101 83.97272 5.5406303
p 232 100 83.32546 5.8450813
p 233 99 82.676186 3.0347176
p 234 98 82.09303 2.90522
p 235 97 81.650024 3.316822
p 236 96 81.12917 3.9557648
p 237 95 79.68343 2.3528137
p 238 94 79.09471 3.2483864
p 239 93 78.510124 4.162628
p 240 92 77.94687 -0.30875397
p 239 91 77.39128 -2.2322083
p 240 90 76.83038 1.819561
p 241 89 76.26692 3.2051506
p 241 88 75.73163 1.4073143
p 241 87 75.34399 -0.04127121
p 242 86 74.476006 0.885746
p 241 85 73.915344 1.3908539

c 78 35.731064
p 216 144 100.51066 -2.6858635
p 217 145 99.71914 0.18126678
p 218 144 98.67554 -0.08262634
p 219 143 95.419945 -2.380703
p 220 144 94.34279 -3.001423
p 221 145 93.55506 -3.6951027
p 222 146 92.536285 -5.5168457
p 223 147 91.760956 -5.6366844
p 224 148 91.06789 -5.790554
p 225 149 90.09335 -0.22343063
p 224 150 89.2177 4.188286
p 225 151 88.38355 3.709343
p 226 152 87.61572 1.8591232
p 227 153 87.12526 1.5710411
p 228 154 86.12218 1.7241402
p 229 155 85.25018 3.5031776
p 229 156 84.61697 1.8832893
p 230 157 83.097 -0.9607811
p 231 158 82.51283 -2.5405846
p 232 159 81.90347 -3.342064
p 233 160 81.26152 -2.1305275
p 234 161 80.63798 -0.53926086
p 235 162 79.877846 0.17669296
p 236 163 79.26468 1.1708794
p 237 164 78.599266 2.5576897
p 238 165 77.826515 -0.89740753
p 239 164 77.214386 3.95475
p 240 165 76.63996 4.052799
p 241 166 76.09184 2.5759926
p 242 167 75.54305 3.0661507
p 243 168 74.76062 1.257103
p 244 169 74.267715 0.27900696
p 245 170 73.71277 -1.9976501
p 246 171 73.11112 -4.308075
p 247 172 72.50052 -3.392662
p 248 173 71.866585 -0.05876541
p 249 174 71.27474 2.8170738
p 250 175 70.53115 -3.9839668
p 251 174 69.92369 5.2329063
p 252 175 69.253975 3.5560799
p 253 176 68.58308 9.452713
p 254 177 67.93808 0.025901794
p 253 178 67.31037 9.718216
p 254 179 66.67865 7.0693665
p 253 180 66.0555 5.69627
p 252 181 65.41905 3.155117
p 251 182 64.779594 3.260872

c 79 0.68873215
p 220 213 49.439445 -0.08051491
p 220 214 49.43202 0.007923126
p 221 215 49.333637 -0.085128784
p 222 216 49.257607 0.10522652
p 222 217 49.142242 -0.024978638
p 222 218 49.12108 -0.05791664
p 221 219 49.032837 -0.08724213
p 221 220 48.959137 -0.09898186
p 222 221 48.911533 -0.09594536
p 222 222 48.88671 -0.033821106
p 223 223 48.853825 -0.025241852
p 224 224 48.750713 -0.18214226
p 225 224 48.750713 -0.0554657

c 80 7.335518
p 220 213 49.439445 -0.0010108948
p 221 212 49.49241 -0.053365707
p 221 211 49.693825 0.09717369
p 222 210 49.797848 0.012924194
p 223 209 49.869064 -0.05548477
p 223 208 50.043797 -8.792877E-4
p 224 207 50.250916 -0.071416855
p 224 206 50.381104 -0.039403915
p 225 205 50.61833 -0.038438797
p 226 204 50.759323 -0.062238693
p 227 204 50.80148 -0.15057373
p 228 203 51.069515 0.044719696
p 229 202 51.199738 -0.07772446
p 230 201 51.405552 -0.023693085
p 229 200 51.543278 -0.01908493
p 230 199 51.71893 0.09171677
p 231 198 51.770267 0.06804657
p 232 197 51.929462 0.015964508
p 232 196 51.975903 -0.30666542
p 231 195 52.310226 -0.02935028
p 231 194 52.643425 -0.092861176
p 231 193 53.02151 4.200863
p 230 192 53.44958 -0.27350807
p 230 191 53.957756 1.1935635
p 229 190 54.495827 2.879795
p 228 189 55.111103 -0.79380417
p 229 188 55.891293 1.2863026
p 228 187 56.774963 4.205719

c 81 0.5505066
p 224 35 49.099346 -0.11618996
p 225 34 49.099346 -0.02968216
p 226 33 49.018307 -0.12999916
p 227 32 48.949978 -0.027076721
p 227 31 48.943584 -0.10095215
p 228 30 48.943584 0.018472672
p 228 29 48.816055 -0.14203262
p 227 28 48.769753 -0.07467842
p 227 27 48.740795 -0.06767273
p 227 26 48.685867 -0.10289574
p 228 25 48.685867 0.02699089
p 229 24 48.59213 -0.014532089
p 230 23 48.54884 -0.12245178
p 231 23 48.54884 -0.030431747

c 82 2.7798538
p 224 35 49.099346 -0.046365738
p 224 36 49.25481 -0.11583519
p 224 37 49.25658 -0.095508575
p 225 38 49.297054 0.022960663
p 224 39 49.33543 0.027702332
p 225 40 49.427574 0.0055274963
p 226 41 49.66528 0.19362259
p 227 42 49.691994 -0.088689804
p 226 43 49.916416 -0.07176781
p 226 44 50.10378 0.06815529
p 227 45 50.216686 -0.096473694
p 228 46 50.430393 0.15439415
p 227 47 50.584023 -0.0548954
p 227 48 50.84319 0.074129105
p 226 49 51.02482 -0.0063095093
p 225 50 51.26225 -0.030899048
p 226 51 51.51738 -0.113824844
p 227 52 51.770805 -0.13744354
p 228 53 51.8792 -0.05404091

c 83 8.331169
p 224 115 94.83894 0.5068588
p 225 114 94.04932 0.15113068
p 226 113 93.410225 -0.95734406
p 227 112 92.92991 2.4350128
p 227 111 92.67932 2.1849442
p 227 110 92.25971 0.17948532
p 228 109 92.2502 -0.68507767
p 228 108 88.66386 -3.2290535
p 229 107 87.781204 -2.5845833
p 230 106 87.12749 -0.6596756
p 229 105 86.507774 -0.9176369

c 84 0.91057587
p 226 34 49.072456 -0.013957977
p 227 35 49.115986 0.08152008
p 226 36 49.189182 -0.09449577
p 226 37 49.303753 0.046798706
p 227 38 49.303753 -0.19687462
p 228 39 49.414204 0.07767296
p 229 40 49.511658 -0.11374855
p 230 41 49.6128 -0.1664257
p 231 42 49.77827 0.056020737
p 230 43 49.866512 0.042406082
p 231 44 49.983032 -0.13243484

c 85 8.273117
p 226 143 93.46614 -3.0611
p 227 144 91.56254 -4.587246
p 228 145 91.117355 -3.0118332
p 229 146 90.30941 -3.5746956
p 230 147 89.862595 -2.0431747
p 231 148 89.409035 -1.1665955
p 230 149 88.964584 -1.9833183
p 231 150 88.3698 -2.3960037
p 232 151 87.829895 -1.2443008
p 231 152 87.23467 -1.3369446
p 230 153 86.57236 -0.7203598
p 229 154 85.842285 2.21101
p 230 155 85.19302 1.9228783

c 86 1.4793739
p 229 209 49.987026 0.1532917
p 230 210 49.819878 0.012714386
p 230 211 49.64395 -0.08800316
p 231 212 49.60196 0.02884674
p 231 213 49.541504 0.06650734
p 230 214 49.393394 -0.040794373
p 231 215 49.32377 -0.0057430267
p 232 216 49.195824 -0.04878044
p 233 217 49.129787 -0.012788773
p 233 218 49.11584 -0.051244736
p 232 219 49.081177 -0.08644867
p 232 220 48.96186 -0.033210754
p 233 221 48.900085 -0.09484482
p 233 222 48.88688 0.015863419
p 234 223 48.831146 0.016225815
p 234 224 48.79572 0.024082184
p 235 225 48.79572 -0.025976181
p 234 226 48.75215 -0.035600662
p 234 227 48.70427 -0.114463806
p 233 228 48.631287 -0.06436157
p 232 229 48.618404 0.12064552
p 231 230 48.597176 -0.054714203
p 231 231 48.535713 -0.08664513
p 232 232 48.535713 0.04135704
p 231 233 48.507652 -0.08180046
p 231 234 48.507652 -0.09202957

c 87 9.874138
p 231 107 87.82885 -0.22735596
p 232 108 88.491005 0.45262527
p 233 109 89.08781 0.093048096
p 234 110 89.7552 0.19402695
p 235 111 90.36201 2.3438454
p 234 112 90.96876 -0.9007797
p 233 113 91.71306 -2.2274132
p 232 114 93.13685 -0.41249084
p 233 115 93.680855 -1.7676811
p 234 116 94.54349 -2.5481033
p 235 117 96.18948 -0.60935974
p 235 118 97.3704 -0.021621704
p 235 119 97.70299 2.1256714

c 88 26.838669
p 235 139 97.47618 -3.9907303
p 236 140 96.79416 -4.6342697
p 237 141 96.18048 -4.9068947
p 238 142 95.41336 -5.15234
p 239 143 94.685356 -4.6796303
p 240 144 93.57659 -0.630764
p 241 144 92.972275 -1.1701088
p 242 145 92.16222 -1.9978676
p 243 146 91.402954 -1.0276566
p 244 147 90.69017 -1.1947479
p 245 148 89.997185 0.0830574
p 246 149 89.28513 -1.2386665
p 247 150 88.398994 -1.8078957
p 248 151 87.61464 -2.3519745
p 249 152 86.505775 -3.8027458
p 250 153 85.67695 -0.97631836
p 251 154 84.920944 -1.9054184
p 250 155 84.17418 -2.6345787
p 249 156 82.4414 -2.7284584
p 248 157 81.73903 -2.1668167
p 249 158 81.055534 -2.6963692
p 250 159 80.34038 0.80075455
p 249 160 79.59645 -0.4446869
p 248 161 78.87194 -1.3941879
p 247 162 78.19199 -0.13488388
p 248 163 77.42229 -0.5207138
p 249 164 76.76579 0.8697891
p 250 165 76.110245 -1.2175598
p 249 166 75.4407 1.8064041
p 250 167 74.75496 2.2276
p 251 168 74.04291 1.1675568
p 252 169 73.33484 -0.30278778
p 253 170 72.68482 -2.094799
p 254 171 72.01281 -0.021995544
p 253 172 71.32819 5.322792
p 252 173 70.63751 -1.42099

c 89 10.467377
p 236 97 81.406265 -1.5196037
p 237 98 81.86728 -1.0984459
p 238 99 82.48002 -0.0036239624
p 239 100 83.17583 1.9180222
p 240 101 83.9023 2.6043549
p 241 102 84.57517 0.5465317
p 242 103 85.18977 0.5736351
p 243 104 85.931854 2.0106316
p 244 105 86.53358 1.3154411
p 245 106 87.113266 -2.4594574
p 246 107 87.933334 -4.849514
p 247 108 88.7024 -5.0129128
p 248 109 89.43809 -4.343601
p 249 110 90.137146 -3.1983414
p 250 111 90.96357 -2.3182297
p 251 112 91.87364 -1.3226547

c 90 0.5235176
p 238 35 49.069374 -0.05760765
p 239 34 48.97947 -0.059410095
p 239 33 48.97947 -0.06629753
p 240 32 48.97764 -0.08814621
p 241 31 48.92706 -0.079330444
p 240 30 48.882687 -0.070137024
p 241 29 48.81941 0.0323925
p 241 28 48.767582 0.028711319
p 242 27 48.686676 -0.10775375
p 241 26 48.63221 -0.05742836
p 240 25 48.602715 -0.16454315
p 241 24 48.595913 -0.024425507
p 240 23 48.569885 0.016458511
p 241 22 48.545856 -0.11429024
p 242 22 48.545856 -0.025846481

c 91 0.3155098
p 239 220 48.932 -0.17903328
p 240 221 48.858055 0.069767
p 240 222 48.826633 0.010147095
p 239 223 48.826633 0.019117355
p 240 224 48.78115 -0.018018723
p 241 225 48.728313 -0.055646896
p 242 226 48.69478 -0.03163719
p 242 227 48.678444 -0.124485016
p 243 228 48.628937 -0.042144775
p 244 229 48.626823 -0.08299446
p 245 230 48.61649 -0.052251816
p 246 230 48.61649 -0.10833931
p 247 229 48.61649 -0.061037064

c 92 7.948715
p 240 75 75.34328 3.7775497
p 241 74 74.440216 3.1302986
p 242 73 73.302 5.219448
p 243 74 72.06432 5.1919785
p 244 75 70.901146 -3.9738922
p 245 74 70.17058 1.5739441
p 246 75 69.62156 0.60850525
p 247 76 69.09643 2.195816
p 248 75 68.54409 6.278969
p 249 74 67.988266 9.038292
p 250 73 67.39456 11.586609

avg 16.825598
end