//fileLoc: inputData/gradient11.png
//fluxMulti: 3.0 channelCutOff: 10
//wk_fmin: 0.0 wk_fmax: 0.5
//total_mass_shift: 56.0
//colorstage1: 2 colorstage2: 3
# 87
avgCurve 0.23441005

c 0 28.607151
p 0 35 46.109844 -0.028493881
p 1 35 46.109844 -0.03679657
p 0 36 46.19808 -0.032154083
p 0 37 46.3303 -0.08017731
p 0 38 46.3303 -0.16659546
p 1 39 46.35699 -0.24819183
p 1 40 46.35699 0.033721924
p 0 41 46.37227 -0.20735168
p 0 42 46.43624 -0.17551804
p 1 43 46.563408 0.12823868
p 1 44 46.678146 -0.2360878
p 1 45 46.82548 0.10340881
p 0 46 46.94998 0.07877731
p 1 47 47.1114 0.060115814
p 0 48 47.181175 -0.081264496
p 1 49 47.277817 0.07974625
p 2 50 47.509342 0.09534645
p 3 51 47.751717 0.08564377
p 4 52 48.063137 0.09333229
p 3 53 48.481564 -0.021392822
p 2 54 48.89632 -0.122104645
p 1 55 49.27914 -0.031936646
p 2 56 49.765877 -0.08114052
p 3 57 50.300453 -0.25676537
p 4 58 50.926617 -0.22419357
p 5 59 51.536438 -0.49497414
p 6 60 52.078224 -0.70458794
p 7 61 52.926655 -0.40883636
p 8 62 53.5592 2.0960464
p 7 63 54.350582 0.78910637
p 8 64 55.150997 0.028427124
p 9 65 55.99661 -4.5080776
p 8 66 56.880825 -6.465534
p 7 67 57.77524 -5.131666
p 8 68 59.058945 4.438801
p 7 69 59.72353 -5.6172028
p 6 70 60.64371 -8.60574
p 5 71 61.581036 -8.201801
p 4 72 62.928726 -4.0555553
p 5 73 63.819492 -8.769535
p 6 74 65.01206 -10.04855
p 7 75 66.19493 -5.6621094
p 6 76 67.370155 -10.046131
p 5 77 68.67587 -4.9070244
p 6 78 70.21096 -9.239586
p 7 79 71.95352 -9.70536
p 8 80 74.716995 -2.7981453

c 1 14.345581
p 0 185 60.304516 0.070381165
p 1 186 59.245483 -8.778572
p 2 187 58.18779 -5.8429737
p 1 188 57.182903 -6.8962975
p 0 189 56.269493 0.09147644
p 1 190 55.370674 -8.833534
p 0 191 54.508118 10.874321
p 1 192 53.64978 7.378395
p 2 193 52.816853 -0.103982925
p 2 194 52.105778 0.019540787
p 1 195 51.38806 -0.19103241
p 0 196 50.303036 -0.36730957
p 1 197 49.894196 -0.1269722
p 0 198 49.29405 0.29257584
p 1 199 48.99813 -0.016426086
p 2 200 48.489082 -0.04411888
p 3 201 48.282974 0.14148903
p 2 202 47.90657 -0.12366867
p 2 203 47.510098 -0.14097786
p 1 204 47.38895 0.10723114
p 0 205 47.1305 -0.1373024
p 1 206 47.088917 0.074409485
p 1 207 46.920845 0.052963257
p 0 208 46.778324 -0.06912613
p 0 209 46.723118 -0.0434494
p 0 210 46.68117 0.054317474
p 0 211 46.57977 -0.13349915
p 0 212 46.503353 0.0014533997
p 0 213 46.458305 0.018779755
p 1 214 46.43163 -0.042491913
p 0 215 46.371975 0.10095215
p 1 216 46.37054 0.0873909
p 0 217 46.242428 -0.10572815
p 0 218 46.22032 -0.13064194
p 0 219 46.220062 -0.08049393
p 0 220 46.168106 -0.0013885498
p 0 221 46.101982 -0.06348801
p 1 222 46.060642 0.010120392
p 1 223 46.01991 0.057697296
p 2 224 46.002205 -0.033224106
p 2 225 45.958935 -0.08893585
p 2 226 45.958935 0.043800354

c 2 26.264988
p 0 185 60.304516 0.0013389587
p 1 184 61.38632 -7.001049
p 2 183 62.5385 -10.020626
p 3 182 63.629974 -8.103382
p 4 181 64.77698 -7.1718483
p 5 180 65.92187 -4.1136093
p 4 179 67.03888 2.3657951
p 5 178 68.20444 1.495594
p 4 177 69.56684 0.7043953
p 5 176 70.626366 0.55579376
p 4 175 72.08114 -9.912479
p 3 174 74.24204 -10.357693
p 2 173 76.56032 -4.8765907
p 3 172 79.663826 -7.0904503
p 4 171 83.90203 -3.092083
p 5 170 86.5695 -2.2980003

c 3 64.111725
p 2 110 110.49742 0.24575806
p 3 109 109.52409 0.37719727
p 4 108 108.32675 1.3212318
p 4 107 107.46646 0.5781746
p 5 106 106.33927 1.265213
p 6 105 104.47499 0.5307007
p 7 104 102.45972 -0.5994797
p 8 103 98.935555 0.5636902
p 9 102 97.95593 -3.7255096
p 10 101 96.69936 -3.6670914
p 11 100 95.845955 -2.079216
p 12 99 94.478584 -3.45261
p 13 98 93.01534 -2.6509438
p 12 97 91.872345 -5.534626
p 11 96 90.87051 -5.6389427
p 10 95 89.5599 -5.1198196
p 9 94 88.46095 -2.7494278
p 10 93 87.3687 -4.4227333
p 11 92 86.01833 -3.1329079
p 12 91 84.88506 -2.7115288
p 11 90 83.44479 -0.44771194
p 12 89 82.298355 -5.4329987
p 13 88 81.31655 -4.5872917
p 14 87 80.58317 -5.204891
p 15 86 79.64057 -5.0502396
p 16 85 77.07202 -5.2624702
p 17 84 75.88476 -3.781067
p 16 83 74.59135 -5.4259987
p 15 82 73.59272 -5.7093163
p 16 81 72.49098 -5.1142006
p 17 80 71.4255 -4.9893684
p 16 79 70.38564 -4.4236183
p 15 78 69.392975 -3.6151505
p 16 77 68.4503 -3.5854225
p 17 76 67.53151 -5.844883
p 16 75 66.64893 2.7139778
p 17 74 65.70228 -1.901947
p 18 73 64.65258 4.4784775
p 17 72 63.64094 0.5709839
p 18 71 62.526936 3.8741188
p 17 70 61.446808 -1.8912239
p 18 69 60.53709 -0.20142365
p 17 68 59.64156 -5.5222664
p 16 67 58.76327 -8.029312
p 15 66 57.801445 -9.008572
p 14 65 56.83401 -6.4375534
p 13 64 55.892624 0.022899628
p 14 63 55.00051 -0.231184
p 14 62 54.15325 -0.4448967
p 14 61 53.311813 -0.85873413
p 15 60 52.584877 -0.7405033
p 16 59 51.8238 0.062469482
p 15 58 51.020866 -0.0785408
p 14 57 50.49075 0.24517822
p 15 56 49.813694 0.031095505
p 14 55 49.260662 0.028968811
p 13 54 48.626427 -0.07096481
p 14 53 48.312122 0.18338394
p 13 52 47.955017 0.001329422
p 13 51 47.616325 -0.04240799
p 14 50 47.419933 -8.068085E-4
p 14 49 47.342987 0.06610489
p 15 48 47.209682 -0.091566086
p 16 47 47.08058 -0.026874542
p 15 46 46.952183 0.010606766
p 16 45 46.871014 -0.033979416
p 16 44 46.752224 0.03479004
p 16 43 46.73305 -0.040628433
p 16 42 46.629246 0.0138549805
p 17 41 46.49443 -0.10871506
p 17 40 46.386257 -0.05974388
p 16 39 46.385696 -0.01782608
p 17 39 46.385696 -0.01968956
p 18 39 46.385696 0.003030777
p 19 39 46.416634 -0.098516464
p 20 40 46.43044 0.042396545
p 19 41 46.43044 -0.12506866
p 20 42 46.677402 0.12590218
p 21 43 46.677402 -0.008672714
p 21 44 46.700607 0.010030746
p 21 45 46.9147 0.21116257
p 22 46 47.00661 0.03004837
p 23 47 47.05616 -0.12005997
p 23 48 47.126495 -0.08404541
p 23 49 47.476513 0.31513023
p 22 50 47.617874 -0.10506058
p 21 51 47.68857 0.012817383
p 20 52 48.00279 0.070604324

c 4 14.366928
p 8 105 101.48173 2.073471
p 9 106 102.43573 -3.9566345
p 10 107 103.826355 -1.4272804
p 9 108 105.0992 1.991394
p 10 109 106.063644 -2.3622475
p 11 110 106.94921 -2.1140976
p 12 111 108.44225 -0.9280586
p 11 112 110.066284 0.9886017
p 12 113 110.71003 -2.2832336
p 13 114 113.229706 -0.004463196
p 13 115 114.56863 -0.60061264
p 12 116 115.848656 -0.24549866

c 5 68.61917
p 8 141 114.78397 -0.21279526
p 9 142 113.65923 -0.06786728
p 10 143 112.67109 -0.5120506
p 11 144 111.634964 -0.6179695
p 12 145 110.591515 -0.78176117
p 13 146 109.61255 0.106292725
p 12 147 108.732056 0.20233536
p 12 148 107.62377 -0.49217987
p 11 149 105.344475 -1.8440742
p 10 150 104.144684 -2.905487
p 9 151 102.82466 -1.0015106
p 10 152 101.717155 -1.9454727
p 11 153 100.59932 -1.1642075
p 10 154 99.500656 -2.199356
p 9 155 98.39707 -3.503807
p 8 156 97.2791 -1.8129997
p 9 157 96.22072 -2.9659424
p 10 158 95.245056 -2.7184944
p 11 159 94.325806 -3.721096
p 12 160 93.39536 -3.8331642
p 13 161 92.4416 -3.3692513
p 14 162 91.529366 -2.3670616
p 15 163 90.26824 -3.453907
p 14 164 89.312 -0.21228027
p 15 165 87.86453 -5.463032
p 16 166 87.050705 -4.581295
p 17 167 86.07485 -0.955101
p 18 168 84.23615 -1.856575
p 19 169 82.79831 -3.6513367
p 20 170 81.49049 -0.74053574
p 19 171 80.07273 -0.0114097595
p 20 172 78.82495 -3.6282654
p 21 173 77.58508 -1.7211914
p 20 174 76.42239 1.0124817
p 21 175 75.08886 1.1503716
p 20 176 73.45133 -1.3674927
p 21 177 72.07826 1.9173126
p 20 178 70.76531 5.6049843
p 21 179 69.521706 -4.3341064
p 22 180 68.32909 -4.1544724
p 21 181 66.9786 -5.9693413
p 20 182 65.82837 -6.7567215
p 19 183 64.84716 -4.9771233
p 18 184 62.851208 -2.0655289
p 19 185 61.592754 -2.1791534
p 18 186 59.996326 0.93374634
p 19 187 58.47976 -3.2627716
p 20 188 57.057255 -5.177847
p 19 189 55.87587 2.6854324
p 20 190 54.874893 -0.7312851
p 19 191 53.877583 -0.17082214
p 18 192 52.899826 0.004497528
p 19 193 52.09401 3.9394531
p 18 194 51.356182 -0.7436714
p 17 195 50.69416 0.055223465
p 18 196 50.131237 0.071798325
p 17 197 49.693695 0.046567917
p 16 198 49.34353 0.052244186
p 16 199 48.973827 0.14917183
p 15 200 48.628033 -0.15575981
p 14 201 48.487713 0.027990341
p 14 202 48.07599 -0.15573692
p 13 203 47.849342 0.01568985
p 13 204 47.50929 0.013511658
p 14 205 47.29516 -0.03154373
p 13 206 47.153202 -0.05781555
p 13 207 47.01969 -0.1294136
p 13 208 46.889366 -0.037872314
p 12 209 46.754135 0.03345108
p 13 210 46.679153 -0.09528923
p 12 211 46.65456 -0.03333664
p 11 212 46.57743 -0.098997116
p 11 213 46.549114 -0.09129715
p 12 214 46.46391 -0.10067177
p 13 215 46.434933 0.016313553
p 14 216 46.397804 -0.14277649
p 15 217 46.26991 -0.0052986145
p 16 218 46.24717 0.05479431
p 15 219 46.23139 -0.009191513
p 15 220 46.191746 -0.17531967
p 16 221 46.191746 0.0057811737
p 17 221 46.164806 -0.2621231
p 18 221 46.164806 -0.072380066

c 6 28.348366
p 15 87 80.624664 -3.0949364
p 16 88 82.24462 -6.950554
p 17 89 83.65292 -7.0882263
p 18 90 84.83902 -5.035347
p 19 91 86.25758 -4.5111237
p 20 92 87.51291 -3.8711014
p 21 93 88.68344 -4.238411
p 22 94 89.971504 -2.6950989
p 21 95 91.22409 -2.7248077
p 20 96 92.28472 -5.161503
p 19 97 93.36972 -5.266014
p 18 98 94.35696 -3.4511795
p 19 99 95.09605 -4.8913383
p 20 100 96.330246 -5.046383
p 21 101 97.84874 -3.9258232
p 22 102 98.71263 -3.488285
p 23 103 100.212524 -1.1588326
p 22 104 101.69583 0.5984993
p 23 105 102.701805 1.1727257
p 22 106 105.70735 -0.02941513
p 22 107 107.11719 0.677639
p 21 108 107.97869 -1.9697456
p 22 109 108.97303 -1.5735054

c 7 1.1285629
p 16 205 47.38256 -0.0056419373
p 17 206 47.199146 -0.14997292
p 16 207 46.933544 -0.009593964
p 17 208 46.927963 -0.13904572
p 18 209 46.809456 -0.022140503
p 18 210 46.737873 -0.01710701
p 18 211 46.737873 0.05525589
p 17 212 46.621006 -0.089653015
p 18 213 46.534668 0.025770187
p 19 214 46.427574 -0.023763657
p 19 215 46.293415 0.06766701
p 19 216 46.253998 -0.17390442
p 19 217 46.253998 -0.15009117

c 8 8.520897
p 16 205 47.38256 0.21758652
p 17 204 47.677334 0.014160156
p 18 203 47.8574 -0.019088745
p 18 202 48.224766 -0.05729103
p 19 201 48.578556 -0.16373825
p 19 200 48.85997 -0.25411034
p 20 199 49.20733 -0.07147598
p 20 198 49.530888 0.049959183
p 21 197 49.868572 0.13716888
p 22 196 50.112495 0.10311699
p 23 195 50.738056 -0.0138988495
p 24 194 51.365334 -0.05961418
p 25 193 51.977608 -0.048324585
p 25 192 52.745476 -0.65460205
p 25 191 53.72965 -2.6521816
p 26 190 54.742565 -7.9032955
p 27 189 55.903458 -12.705791

c 9 54.650646
p 26 152 100.700584 -3.55299
p 27 153 99.01998 -3.433918
p 28 154 97.504486 -3.734581
p 29 155 96.00617 -5.4049377
p 30 156 94.71779 -5.916054
p 31 157 93.184586 -4.3170624
p 32 158 91.53589 -2.9701958
p 31 159 90.18785 0.106601715
p 32 160 88.70948 0.87491226
p 31 161 86.97768 0.9707413
p 32 162 85.38269 -6.3555527
p 33 163 84.044174 -5.008732
p 32 164 82.56257 1.4305229
p 33 165 81.191826 -8.877232
p 34 166 79.92503 -10.267445
p 35 167 78.71082 -13.310772
p 36 168 77.68843 -5.0377655
p 35 169 76.80013 -7.993042
p 34 170 76.18325 -3.7807083
p 35 171 74.80582 2.0418816
p 34 172 73.87269 3.058014
p 35 173 72.813034 -0.12586975
p 34 174 71.877754 -5.1510735
p 33 175 71.05731 -3.950756
p 34 176 69.96581 2.6247482
p 33 177 68.99992 -0.31419754
p 34 178 68.015396 -6.1150475
p 35 179 67.01488 -4.629593
p 34 180 66.008835 -5.650093
p 33 181 65.031494 -4.925213
p 32 182 64.0612 -1.7297134
p 33 183 63.13618 0.20286179
p 32 184 62.246567 -4.7562523
p 31 185 61.336178 -5.976614
p 32 186 60.43455 -4.6141853
p 33 187 59.533344 -4.041336
p 34 188 58.625927 -0.42106247
p 35 189 57.716694 -4.4853954
p 34 190 56.661476 0.8655281
p 35 191 55.92609 1.0751781
p 36 192 55.042503 1.6743107
p 37 193 54.19312 -0.04809761
p 37 194 53.37073 -0.3478546
p 37 195 52.633045 0.09755325
p 36 196 51.869003 -0.03915596
p 35 197 51.140953 -0.02958107
p 34 198 50.46257 -0.051424026
p 35 199 49.933647 0.13591766
p 34 200 49.302315 -0.0035476685
p 35 201 48.89987 0.025333405
p 36 202 48.41203 -0.2474289
p 37 203 48.089687 -0.0011901855
p 36 204 47.782875 -0.17292404
p 35 205 47.58936 0.17840004
p 34 206 47.20467 -0.09252167
p 35 207 47.111977 -0.022686005
p 34 208 47.014927 -0.012096405
p 35 209 46.917255 -0.17097473
p 36 210 46.779903 -0.08986664
p 37 211 46.73941 -0.05701065
p 37 212 46.642155 -0.059783936
p 38 213 46.59713 -0.061494827
p 38 214 46.476143 -0.27030945
p 39 215 46.43553 0.012773514
p 39 216 46.370003 -0.16372299
p 40 217 46.27379 -0.04178047
p 40 218 46.25715 0.11461067
p 41 218 46.25715 0.06600952
p 42 219 46.22062 -0.07118416
p 43 218 46.22007 -0.007665634
p 44 219 46.214348 0.020454407
p 45 220 46.11909 -0.02557373
p 45 221 46.092297 -0.17515755
p 44 222 46.090847 0.03176117
p 45 223 46.083263 -0.0866909
p 45 224 46.083263 -0.04287529
p 44 225 46.04994 -0.13537979
p 43 225 46.04994 -0.09231377

c 10 0.56944656
p 27 36 46.292336 -0.07990074
p 28 37 46.322754 -0.113479614
p 29 38 46.35517 -0.116724014
p 29 39 46.485462 0.10898781
p 30 40 46.54232 -0.1355629
p 30 41 46.56124 -0.07495117
p 29 42 46.583122 0.086530685
p 30 43 46.683586 -1.20162964E-4
p 29 44 46.860497 -0.06811333
p 29 45 46.861782 -0.060850143
p 28 46 46.861782 -0.16983795

c 11 0.54662323
p 29 211 46.66966 0.11240387
p 30 212 46.623886 -0.03498268
p 31 213 46.591087 -0.14718819
p 32 214 46.591087 -0.068878174
p 31 215 46.45491 -0.06929779
p 30 216 46.391357 -0.14417458
p 29 217 46.386658 0.023216248
p 30 218 46.287704 -0.12429619
p 31 219 46.212864 0.030202866
p 32 220 46.123035 -0.029895782
p 31 221 46.123035 -0.08329964

c 12 7.132519
p 30 61 53.374016 0.01722145
p 31 60 52.55382 0.039966583
p 32 59 51.75744 0.08277702
p 33 58 51.01731 -0.004432678
p 34 57 50.322887 0.0031204224
p 35 56 49.75684 0.059926987
p 36 55 49.20332 -0.009109497
p 37 54 48.683746 -0.0291996
p 36 53 48.430965 0.06389427
p 36 52 48.065388 0.03702736
p 36 51 47.79895 -0.031877518
p 36 50 47.469784 -0.117378235
p 36 49 47.32315 0.017206192
p 37 48 47.170708 -0.08749962
p 36 47 47.061466 -0.10898399
p 35 46 47.02949 0.05030632
p 36 45 46.914497 0.038728714
p 35 44 46.717514 -0.09624481
p 35 43 46.650867 -0.2013588
p 35 42 46.650867 0.006669998
p 34 41 46.567196 0.013076782
p 35 40 46.557003 0.017122269
p 36 39 46.403687 -0.12766457
p 36 38 46.354103 -0.12780762
p 37 37 46.347477 -0.07177162
p 38 36 46.28833 -0.20708656
p 39 35 46.241497 0.0077877045
p 40 36 46.241497 -0.0728035

c 13 60.977844
p 30 61 53.374016 -0.8529835
p 31 62 54.235176 2.4199371
p 32 63 55.120876 3.469162
p 31 64 55.991688 1.409996
p 30 65 57.01286 -1.7105961
p 31 66 57.88489 -2.7510223
p 32 67 58.766483 -6.846052
p 33 68 59.67625 -6.483185
p 34 69 60.608982 -5.4855156
p 35 70 61.571793 -1.3268108
p 34 71 62.5563 2.6480675
p 35 72 63.544598 -1.392601
p 36 73 64.52029 -0.076480865
p 35 74 65.481964 -1.2576752
p 36 75 66.61638 7.6775627
p 35 76 67.4369 1.2846718
p 36 77 68.40731 1.6670341
p 35 78 69.4207 4.1488113
p 36 79 70.445305 -0.61720276
p 35 80 71.49632 2.039463
p 36 81 72.463 -5.446663
p 37 82 73.435356 -4.6080704
p 38 83 74.43629 -2.4344673
p 39 84 75.474075 -2.477188
p 38 85 76.880264 0.44709396
p 39 86 77.97711 0.06241989
p 40 87 78.90993 -0.041362762
p 39 88 79.77583 -1.778698
p 38 89 80.836815 -4.8747177
p 39 90 82.10124 -11.855499
p 40 91 83.090935 -4.027378
p 39 92 84.116974 -7.889675
p 38 93 85.169945 -7.565468
p 37 94 86.341896 -1.8101501
p 38 95 87.715355 -7.0681534
p 39 96 88.8188 -3.781353
p 38 97 89.97639 6.1998672
p 39 98 91.70036 -5.3566895
p 40 99 93.04765 -5.690769
p 41 100 94.522446 -5.006012
p 42 101 95.569046 -3.886715
p 43 102 96.72949 -2.6135902
p 42 103 97.7109 -4.0823097
p 41 104 98.93766 -2.5446434
p 42 105 100.45494 3.1703491
p 41 106 101.62903 -3.6358185
p 40 107 102.71109 -3.8629112
p 39 108 104.15965 -0.7516327
p 39 109 107.115845 0.55553436
p 38 110 109.105865 1.0930634
p 37 111 109.86248 -0.34438705
p 36 112 110.99079 -1.1827164
p 35 113 111.77713 -0.72198105
p 34 114 112.89706 -1.3227272
p 33 115 114.35186 -0.22255325

c 14 35.69555
p 35 140 114.50766 0.62592316
p 36 141 111.872185 -2.3244743
p 37 142 110.894684 -2.1791878
p 38 143 110.13619 -1.1108818
p 37 144 108.62122 0.27645874
p 38 145 107.57727 -1.7791824
p 39 146 106.69477 -1.3718491
p 40 147 105.74775 -1.3550148
p 41 148 104.793846 -1.4492416
p 42 149 103.874306 -0.7724495
p 43 150 102.913124 0.10827637
p 42 151 101.42797 -0.78671646
p 41 152 100.215744 -0.55410004
p 42 153 99.14559 1.7982254
p 41 154 98.09385 -0.2435646
p 40 155 97.07233 -1.7739525
p 39 156 95.991486 -0.6937561
p 38 157 94.58174 0.7701416
p 37 158 93.04573 -0.9801636
p 38 159 91.53463 0.7554817
p 38 160 89.50605 0.037216187
p 37 161 86.27227 -6.9970207
p 36 162 84.81311 -5.436943
p 37 163 83.7194 -8.723606
p 38 164 82.462776 -8.795197
p 37 165 81.26579 -4.168316
p 38 166 79.97202 10.551292
p 37 167 78.81211 -7.8434677

c 15 30.435993
p 40 210 46.828983 -0.04799843
p 41 209 46.828983 -0.13105392
p 42 208 46.96066 -0.039785385
p 42 207 46.96066 -0.11482239
p 41 206 47.324806 -0.09657478
p 41 205 47.443554 -0.054834366
p 41 204 47.842285 0.21948433
p 42 203 48.10775 -0.15430069
p 43 202 48.53325 0.06438255
p 42 201 48.956783 0.14845848
p 43 200 49.40231 0.14092255
p 44 199 49.89132 -0.072732925
p 43 198 50.480328 0.036987305
p 44 197 51.12742 -0.32722664
p 45 196 51.8319 0.05793953
p 44 195 52.47308 0.17612839
p 45 194 53.200436 0.1384201
p 46 193 53.985764 5.1114864
p 47 192 54.78472 4.1964207
p 48 191 55.639893 0.09580994
p 47 190 56.47804 -2.585535
p 48 189 57.298794 -4.123144
p 47 188 58.12818 0.87257767
p 48 187 58.989815 5.983143
p 47 186 59.845036 -3.7610817
p 46 185 60.695858 -7.269165
p 45 184 61.66168 -7.7339134
p 44 183 62.67684 -6.1795883
p 43 182 63.786507 -3.4608555
p 44 181 64.813446 3.2985992
p 43 180 65.909454 1.8211937
p 44 179 66.99194 0.37231827
p 43 178 68.40859 1.8084946
p 44 177 69.50065 -8.129814
p 45 176 70.5919 -9.8774605
p 46 175 71.85043 -9.472733
p 47 174 73.82153 -9.629147
p 48 173 75.11072 -11.870148
p 49 172 77.26498 -10.313389

c 16 8.397686
p 41 65 54.93074 2.1997795
p 42 64 53.97668 -1.3147831
p 43 63 52.999126 0.033792496
p 43 62 52.16139 -0.12382698
p 42 61 51.525486 -0.26896667
p 43 60 50.890327 0.027694702
p 42 59 50.26654 0.24091148
p 43 58 49.69703 0.040290833
p 44 57 49.19906 0.15187263
p 45 56 48.818 -0.012872696
p 46 55 48.543728 0.16518402
p 47 54 48.169014 0.16373634
p 48 53 47.964485 -0.1563816
p 49 52 47.79854 0.054862976
p 49 51 47.575153 -0.014083862
p 50 50 47.4197 0.017959595
p 51 49 47.135563 -0.16287613
p 52 48 46.98122 -0.08303642
p 53 47 46.98122 -0.022405624
p 54 46 46.904057 -0.042909622
p 54 45 46.82879 0.0172863
p 55 44 46.645317 -0.22093582
p 56 43 46.608757 -0.038238525
p 57 42 46.533054 -0.0039958954
p 58 42 46.533054 -0.13112831

c 17 30.465225
p 41 88 79.833206 -7.523712
p 42 89 80.83779 -11.480568
p 43 90 81.91484 -8.853397
p 44 91 83.1621 -7.836487
p 45 92 84.1246 -6.2868576
p 46 93 85.20052 -6.7747726
p 47 94 86.36115 -7.637741
p 48 95 87.534294 -6.5557327
p 49 96 88.70843 -6.2782516
p 50 97 89.92488 -3.8075676
p 49 98 91.17687 1.236103
p 50 99 92.323586 -7.383541
p 51 100 93.84939 -8.115097
p 52 101 95.01902 -7.492649
p 53 102 96.23091 -0.9322815
p 52 103 97.32928 -6.6792946
p 51 104 98.42331 -6.6689606
p 50 105 99.60512 -7.2649918
p 49 106 100.90132 -3.584404
p 50 107 102.438034 2.0166893
p 49 108 103.554504 -0.7299385
p 50 109 105.08751 -3.8604164
p 51 110 106.35829 -4.96471
p 52 111 107.48686 -3.8826675
p 53 112 109.02931 -3.5492363
p 54 113 110.29843 -1.85812

c 18 0.5181198
p 51 211 46.636734 -0.06827545
p 52 212 46.625652 0.0842762
p 53 213 46.556023 -0.032943726
p 52 214 46.478153 -0.09331703
p 52 215 46.410526 -0.17628288
p 53 216 46.364334 -0.083330154
p 52 217 46.340008 0.13420486
p 53 218 46.250328 -0.055847168
p 53 219 46.16731 -0.04836464
p 52 220 46.12791 0.025360107
p 52 221 46.118614 0.007326126
p 51 222 46.118614 -0.09689522

c 19 3.9072838
p 53 62 50.966087 -0.0016899109
p 54 61 50.619278 0.07829857
p 55 60 50.10516 -0.077625275
p 56 59 49.743385 0.05508423
p 55 58 49.30986 -0.035993576
p 54 57 49.01191 0.17346382
p 55 56 48.554077 -0.0673275
p 56 55 48.31976 -0.05842781
p 57 54 48.162487 0.05782318
p 57 53 47.8805 -0.13378716
p 58 52 47.65405 0.07668686
p 57 51 47.302887 -0.2479763
p 56 50 47.235954 -0.0011940002
p 55 49 47.18923 0.02689743
p 54 48 47.058804 0.04931259

c 20 17.842773
p 53 62 50.966087 5.385746
p 54 63 51.68754 4.0465508
p 55 64 52.51265 0.9802208
p 56 65 54.13268 -4.312378
p 55 66 57.05125 1.8488369
p 56 67 59.27112 -0.24842834
p 55 68 61.349648 4.8240814
p 56 69 63.42671 3.553608
p 55 70 64.66025 2.547783
p 56 71 65.96709 2.772541
p 55 72 66.851906 -0.2889328
p 56 73 67.73395 1.0007858
p 55 74 68.80886 -5.4708977

c 21 57.27584
p 54 150 103.31601 -1.3573761
p 55 151 102.22252 -3.3956337
p 56 152 101.2771 -3.3131409
p 57 153 100.27411 -2.1457558
p 58 154 98.68086 -2.9502716
p 59 155 97.56707 -4.3269806
p 60 156 96.62168 -4.691017
p 61 157 95.35114 -2.558712
p 62 157 95.148384 -0.086574554
p 63 158 94.19333 1.2551575
p 62 159 93.220955 2.022335
p 62 160 92.24888 1.3270111
p 62 161 89.64151 0.3784523
p 62 162 86.86426 -2.215538
p 63 163 84.30016 0.16295242
p 62 164 83.34293 0.7768822
p 63 165 82.27366 -0.10743332
p 64 166 81.831375 1.312542
p 63 167 77.426956 -6.4091415
p 64 168 76.752464 -4.550297
p 65 169 75.94568 -5.3016815
p 66 170 74.17831 -7.095127
p 67 171 73.241455 -5.517624
p 68 172 72.282555 -4.290592
p 67 173 71.44908 1.3147774
p 68 174 70.59954 -0.16464615
p 67 175 69.2661 -6.8901978
p 66 176 68.514946 -6.66626
p 65 177 67.71019 -6.1906204
p 64 178 66.848724 -6.357212
p 63 179 65.740234 -6.790718
p 62 180 64.973206 -7.1253395
p 61 181 64.19294 -5.302433
p 60 182 63.297836 -2.4323502
p 61 183 62.42551 4.433525
p 60 184 61.552643 0.14682007
p 61 185 60.61086 -3.0371017
p 62 186 59.69725 -5.1578636
p 61 187 58.6165 -5.7351265
p 60 188 57.83061 -8.125763
p 59 189 57.033627 -5.9970512
p 58 190 56.13905 -4.089697
p 59 191 55.168026 6.833853
p 58 192 54.355366 3.4296684
p 57 193 53.56267 0.034524918
p 58 194 52.843353 -0.67503357
p 57 195 52.265354 -0.41233635
p 56 196 51.684696 0.16326332
p 56 197 51.15197 -0.17794037
p 57 198 50.45866 0.05139923
p 57 199 49.84273 0.002149582
p 58 200 49.274445 -0.009845734
p 59 201 48.838863 0.08826828
p 60 202 48.468037 0.22334099
p 61 203 48.060158 0.11667442
p 62 204 47.806126 -0.064395905
p 63 205 47.553406 -0.048742294
p 62 206 47.427315 0.08554649
p 63 207 47.22015 -0.011756897
p 62 208 47.160152 -0.020557404
p 63 209 47.0816 -0.067129135
p 64 210 46.82856 -0.21619415
p 63 211 46.706497 0.00450325
p 63 212 46.64685 -0.06814766
p 64 213 46.54175 -0.14005661
p 65 214 46.54175 0.068460464
p 64 215 46.488373 0.112701416
p 65 216 46.411346 0.03397751
p 64 217 46.392895 -0.12326813
p 64 218 46.384346 -0.11863327
p 63 219 46.32473 0.006307602
p 62 220 46.18137 -0.011014938
p 63 221 46.173744 0.012348175
p 62 222 46.16094 0.05722618
p 61 223 46.129295 -0.13471031
p 61 224 46.129295 0.0073623657
p 60 225 46.12181 -0.013551712
p 59 226 46.12181 -0.00579834
p 60 227 46.07973 0.0017108917
p 59 228 46.07973 -0.035879135
p 58 228 46.07914 -0.017929077
p 57 229 46.075153 0.019777298
p 57 230 46.04017 -0.12348747
p 58 231 46.04017 -0.08937645

c 22 24.036201
p 62 77 70.47554 0.46499634
p 63 76 69.52115 -6.2882614
p 64 75 68.56296 -7.7769394
p 65 74 67.59691 -1.4054756
p 66 74 67.50488 1.1284637
p 67 73 66.270035 3.0909653
p 67 72 63.58126 -2.6227798
p 68 71 61.451218 -3.081974
p 67 70 60.21346 2.0220032
p 68 69 59.122566 -1.3130417
p 69 68 58.141754 -3.3545246
p 68 67 57.18733 -2.0818024
p 69 66 56.255646 -5.380245
p 70 65 55.315357 -1.0364399
p 69 64 54.39645 -0.496027
p 68 63 53.46648 0.4940834
p 67 62 52.611603 5.380554
p 66 61 51.823265 0.03309059
p 66 60 51.062527 -0.42407417
p 65 59 50.311924 0.033561707
p 64 58 49.71555 -0.082084656
p 63 57 49.285873 0.10025978
p 64 56 48.80342 -0.046945572
p 65 55 48.51476 -0.01288414
p 64 54 48.249554 -0.06561279
p 65 53 47.97979 -0.10058594
p 66 52 47.744415 0.04698372
p 65 51 47.52426 -0.09506416
p 65 50 47.389355 -0.2151432
p 66 49 47.272152 0.013010025
p 65 48 47.014793 -0.25333786
p 64 47 46.923347 0.048671722
p 65 46 46.8688 0.0067691803
p 64 45 46.824688 0.12228775
p 65 44 46.658573 -0.07342911
p 65 43 46.621014 -0.098148346
p 65 42 46.586117 -0.12768364
p 64 41 46.50943 -0.15521431
p 64 40 46.43934 -0.21092033
p 63 39 46.43934 -0.099386215

c 23 39.34986
p 63 105 107.93141 -0.06821823
p 64 104 107.13317 -0.6933708
p 65 103 106.23919 -0.40882874
p 66 102 105.34375 0.0019454956
p 67 101 104.31432 -0.14532089
p 68 100 103.3458 -0.80094147
p 67 99 102.55215 0.05397415
p 68 98 101.578094 -0.8757744
p 69 97 100.55051 -0.03107071
p 70 96 99.637085 -0.38438797
p 71 95 98.67648 -0.48467255
p 72 94 97.8103 -0.4061966
p 71 93 96.509926 -1.2556725
p 72 92 94.60749 -0.06483078
p 71 91 93.519554 -0.780159
p 70 90 92.67589 -0.44215393
p 71 89 91.80454 -0.14307022
p 72 88 90.70834 -0.48713684
p 71 87 88.73363 -0.2319336
p 72 86 87.16942 -1.674881
p 73 85 85.91021 -0.9802513
p 74 84 84.623375 -0.083969116
p 73 83 83.69574 -0.36307526
p 74 82 81.877304 -1.5301361
p 73 81 79.212746 -4.4681587
p 72 80 76.84089 -3.580017
p 71 79 74.39198 -4.386158
p 70 78 72.72186 -5.823551
p 69 77 71.327446 -6.3196487
p 68 76 69.974014 -8.060608
p 67 75 68.58155 -7.4282455

c 24 12.945496
p 63 156 96.37006 -3.165062
p 64 155 97.61373 -1.6891518
p 65 154 98.73261 -0.6075249
p 66 153 100.0565 0.034088135
p 65 152 100.954315 1.6226158
p 66 151 101.81548 0.5629692
p 67 150 102.69711 -1.5918045
p 66 149 103.72118 0.57507324
p 67 148 105.28411 -0.29825592
p 66 147 107.61775 2.5562057
p 67 146 108.21963 -0.5300064
p 66 145 109.31556 0.111946106

c 25 7.762184
p 66 214 46.594124 0.1162262
p 67 213 46.625175 -0.17428017
p 67 212 46.65702 -0.08726883
p 68 211 46.68488 0.052562714
p 68 210 46.812145 -0.015195847
p 69 209 46.968697 0.17778206
p 70 208 47.135525 -0.008483887
p 71 207 47.204254 -0.17068672
p 70 206 47.416744 0.13914108
p 71 205 47.471622 -0.057245255
p 72 204 47.51563 -0.028364182
p 73 203 47.920998 -0.00800705
p 74 202 48.23163 -0.13428307
p 74 201 48.46833 -0.124443054
p 73 200 48.773117 0.21969604
p 74 199 49.205193 0.13358116
p 75 198 49.58871 -0.08073807
p 76 197 49.965374 0.04089737
p 75 196 50.14946 -0.05782318
p 75 195 50.824074 -0.3613186
p 76 194 51.44827 -0.49285126
p 77 193 52.041164 1.9597244
p 76 192 52.793053 1.727787
p 77 191 53.805527 1.8555031
p 78 191 53.61231 -1.5374432
p 79 192 52.81117 0.6391735
p 80 193 52.101215 5.364746
p 81 194 51.559597 0.12255478
p 82 195 51.02228 0.18384743
p 81 196 50.427612 0.05760193
p 80 197 49.951347 -0.17614746
p 79 198 49.513577 -0.03557396
p 79 199 49.21645 0.12662697
p 78 200 48.661575 -0.14227104
p 77 201 48.46806 -0.019922256
p 77 202 48.24276 0.046958923
p 77 203 47.962997 -0.02186966
p 78 204 47.704033 -0.024715424
p 78 205 47.476463 -0.014434814
p 78 206 47.424614 -0.08472824
p 77 207 47.35575 -0.2166996
p 76 208 47.211758 0.020944595
p 75 209 46.997368 -0.08100319
p 75 210 46.919975 -0.080314636
p 75 211 46.848873 -0.023664474
p 75 212 46.784218 -0.07092857
p 75 213 46.71211 -0.041549683
p 76 214 46.610043 -0.10319328
p 76 215 46.547318 -0.084373474
p 77 216 46.41726 -0.10815239
p 77 217 46.41077 -0.042633057
p 78 218 46.372494 -0.23737907
p 78 219 46.372494 -0.06240654
p 78 220 46.35161 0.062784195
p 77 221 46.309822 -0.010957718
p 78 222 46.256096 -0.19623184
p 79 223 46.256096 -0.095458984
p 80 224 46.251713 -0.13402939
p 79 225 46.123005 0.07517052
p 79 226 46.123005 -0.051509857
p 79 227 46.043343 -0.14068031
p 78 228 46.043343 -0.04425621

c 26 1.0600319
p 70 49 47.15875 -0.15354347
p 71 48 47.089794 0.015577316
p 71 47 46.97243 -0.07813454
p 72 46 46.874832 -0.15196419
p 73 46 46.85372 -0.057807922
p 74 45 46.85372 -0.008476257
p 74 44 46.74306 -0.05130577
p 73 43 46.647 0.09486008
p 72 42 46.573948 -0.028446198
p 72 41 46.532005 -0.15623093
p 71 40 46.446796 9.1362E-4
p 72 39 46.416733 0.058460236
p 72 38 46.329998 -0.030147552
p 72 37 46.329998 0.118616104
p 73 36 46.16876 0.050189972
p 74 35 46.16876 -0.08304405
p 73 34 46.15328 -0.11178017
p 72 33 46.15328 0.0147686
p 73 32 46.098717 -0.04530716
p 73 31 46.098717 -0.04259491

c 27 36.737034
p 70 49 47.15875 -0.13541412
p 71 50 47.447918 0.06497574
p 72 51 47.635822 -0.24103928
p 73 52 47.83236 0.07509041
p 72 53 48.05927 0.19368553
p 73 54 48.422516 0.15526772
p 74 55 48.725887 -0.019975662
p 75 56 49.14352 -0.016958237
p 76 57 49.626938 0.23825073
p 77 58 49.99707 -0.47698212
p 78 59 50.734394 0.30586433
p 77 60 51.131535 -0.11831665
p 78 61 51.69716 0.13807106
p 79 62 52.510593 5.876484
p 80 63 53.311886 5.26861
p 81 64 54.113895 -1.8674641
p 80 65 54.981457 -2.51713
p 81 66 55.917492 -5.0309963
p 80 67 56.844025 0.015224457
p 81 68 57.748653 -1.4927979
p 80 69 58.820618 -8.755684
p 79 70 59.821266 -9.152618
p 78 71 60.89683 -5.339718
p 79 72 62.271038 2.5253906
p 78 73 63.203228 -9.8978
p 77 74 64.523605 -5.9559097
p 78 75 65.90561 2.3866043
p 77 76 67.05804 0.43997192
p 78 77 68.44274 -10.216354
p 79 78 69.99324 -12.743927
p 80 79 71.59528 -12.684814
p 81 80 74.13776 -10.504974
p 82 81 75.5391 -10.170551
p 83 82 78.50544 -8.734573
p 84 83 81.17627 -3.5679398
p 83 84 83.89578 -3.3723602

c 28 23.577164
p 71 184 72.36315 1.7211151
p 72 185 70.894646 1.3403854
p 73 186 68.20466 0.7408409
p 73 187 67.85004 -0.7961731
p 74 188 63.263138 -7.1590157
p 75 189 59.363087 -9.747723
p 76 190 55.049274 0.58145905
p 77 190 54.56669 1.4405384
p 78 189 55.600033 -7.975498
p 79 188 56.463585 -8.574482
p 80 187 57.51683 -5.7719135
p 79 186 58.60559 -8.065582
p 78 185 59.669373 -5.4148865
p 79 184 60.40712 -5.434986
p 80 183 61.654205 -6.982029
p 81 182 62.77731 -8.021488
p 82 181 63.560486 -8.001606
p 83 180 65.80319 -0.40096283
p 83 179 73.02066 1.0782204
p 84 178 73.53189 -0.62898636
p 85 177 74.2564 0.48016357
p 86 176 75.535805 -4.9373016
p 85 175 77.30435 -2.5580673
p 84 174 78.14385 -3.5690575

c 29 58.593388
p 76 149 106.407104 -0.0028381348
p 77 150 105.49127 -0.056575775
p 78 151 104.06151 -1.0243797
p 79 152 102.77401 -2.1406593
p 80 153 101.45947 -1.0850296
p 81 154 100.25592 -0.53253174
p 82 155 99.282715 1.0786858
p 83 156 98.29706 -1.134758
p 82 157 96.97808 -1.1289711
p 81 158 95.986084 0.23287582
p 82 159 94.72403 -0.70041275
p 83 160 93.57761 -1.428402
p 84 161 91.98143 -1.5973244
p 85 162 90.14205 -2.1889038
p 86 163 87.783165 -4.9642563
p 87 164 83.27485 -8.760525
p 88 165 80.8242 -5.5155907
p 89 166 79.844826 -9.152561
p 90 167 78.76537 -8.584957
p 91 168 77.766075 -5.5935173
p 92 169 76.54368 -2.0034103
p 91 170 75.254654 -1.3381157
p 92 171 74.22163 -5.395481
p 93 172 73.19494 -4.680355
p 92 173 72.158844 -3.186432
p 91 174 71.05568 -6.8072968
p 90 175 69.95367 -4.069847
p 91 176 68.98331 4.1183777
p 90 177 68.03054 -5.040268
p 89 178 67.10099 -4.993572
p 90 179 66.20237 -3.6177673
p 91 180 65.2971 -4.54282
p 90 181 64.36522 -0.23125839
p 89 182 63.413475 -6.4276466
p 88 183 62.446423 -3.210205
p 89 184 61.445404 -4.3925934
p 90 185 60.427067 -0.9144306
p 89 186 59.41514 1.6990585
p 90 187 58.446938 4.4719124
p 89 188 57.501225 -0.10713959
p 90 189 56.584827 3.8483162
p 89 190 55.70411 -0.361557
p 90 191 54.846905 5.7983017
p 89 192 54.000347 3.339594
p 88 193 53.173996 5.3870716
p 87 194 52.42361 0.32530785
p 86 195 51.687996 0.28806877
p 85 196 51.009903 2.593994E-4
p 85 197 50.40849 -0.080034256
p 85 198 49.876484 -0.1999855
p 84 199 49.379448 -0.183424
p 83 200 48.815613 -0.0054397583
p 82 201 48.488434 0.08634186
p 81 202 48.186554 -0.07237053
p 80 203 47.927193 -0.09339714
p 79 204 47.813717 0.07338905

c 30 66.77965
p 80 112 112.99147 0.23944855
p 81 111 111.49072 -0.15257645
p 82 110 110.0155 -0.21369553
p 81 109 108.51643 1.0366821
p 82 108 107.147736 0.7860718
p 81 107 105.45315 -0.767704
p 82 106 103.4068 -2.4543266
p 83 105 101.694336 -3.1557426
p 84 104 97.3297 -6.098629
p 85 103 95.17169 -8.714542
p 86 102 93.55362 -10.174652
p 87 101 92.07031 -10.702347
p 88 100 91.05831 -9.829411
p 89 99 90.239944 -12.331001
p 90 98 89.539276 -12.324368
p 91 97 88.8848 -10.733925
p 92 96 88.16823 -2.4357605
p 93 95 87.568596 -5.1683617
p 94 94 86.79159 -5.9775352
p 95 93 85.775894 -7.1091957
p 96 92 84.73295 -7.41835
p 97 91 83.58681 -2.540863
p 98 90 82.30343 -5.384407
p 99 89 79.22831 -9.4729
p 100 88 78.17326 -6.8190193
p 101 87 77.213264 -5.1267166
p 100 86 76.31307 -6.2607346
p 99 85 75.325615 -2.5332413
p 100 84 74.257484 2.0149078
p 99 83 73.35956 1.7155037
p 100 82 72.49353 1.4039612
p 99 81 71.662865 2.2298775
p 100 80 70.831825 -1.4366646
p 99 79 69.9209 -6.1181145
p 98 78 69.0109 -3.199337
p 99 77 67.966225 -4.415951
p 100 76 66.9784 -3.1064377
p 99 75 66.07088 3.3160934
p 100 74 65.2386 -0.5745392
p 99 73 64.41522 -3.4257278
p 98 72 63.57601 -2.9469414
p 99 71 62.693073 1.9769783
p 98 70 61.77151 -3.9012146
p 97 69 60.852016 -4.272249
p 98 68 59.9307 -4.579338
p 99 67 59.079056 -6.9586754
p 100 66 58.20819 -5.9015465
p 101 65 57.276546 -1.6549816
p 100 64 56.32574 -0.5933876
p 99 63 55.444656 0.021915436
p 100 62 54.649513 0.35700798
p 101 61 53.89473 0.027957916
p 100 60 53.14195 -0.068725586
p 100 59 52.365795 -0.06390381
p 99 58 51.613544 -0.26431656
p 98 57 51.021397 0.13083267
p 99 56 50.329617 -0.2885437
p 100 55 49.69289 -0.20295906
p 101 54 49.223927 -0.02498436
p 101 53 48.712708 -0.006175995
p 102 52 48.280296 0.07901192
p 102 51 48.046436 0.20248032
p 103 50 47.642166 -0.15432358
p 104 49 47.475258 -0.03540802
p 105 48 47.273308 -0.13577652
p 104 47 47.209305 0.03935623
p 104 46 46.946194 -0.028087616
p 103 45 46.895668 -0.04642105
p 103 44 46.66973 -0.24781418
p 104 43 46.66973 0.045763016
p 103 42 46.6346 -0.10559654
p 102 41 46.478558 0.09483147
p 102 40 46.478558 0.07385063
p 103 39 46.42665 -0.021484375
p 103 38 46.372414 0.007698059
p 104 37 46.29763 -0.07320213
p 103 36 46.295708 -0.0030441284
p 104 35 46.21216 -0.023460388
p 105 34 46.211826 -0.17975616
p 105 33 46.211826 -0.021057129

c 31 1.4690971
p 81 49 47.545635 -0.00982666
p 82 48 47.254333 -0.044460297
p 83 47 46.978165 0.02009964
p 83 46 46.830597 -0.07975578
p 82 45 46.830597 0.05130577
p 83 44 46.668644 -0.048698425
p 83 43 46.521313 -0.084344864
p 84 42 46.487133 -0.07021141
p 85 41 46.44148 -0.06023407
p 84 40 46.344913 0.02827835
p 84 39 46.306824 -0.048662186
p 85 38 46.287098 -0.028627396
p 84 37 46.287098 0.045663834
p 84 36 46.244453 0.047319412
p 83 35 46.193596 0.0022220612
p 84 34 46.163177 -0.0021629333
p 84 33 46.111183 -0.058906555
p 85 32 46.10867 0.007736206
p 84 31 46.076538 -0.057094574
p 83 30 46.076538 -0.0036258698
p 84 29 46.076538 -0.0274086

c 32 6.003998
p 81 49 47.545635 -0.03831482
p 82 50 47.703262 0.0015506744
p 81 51 47.80388 -0.03763008
p 82 52 48.18026 -0.020292282
p 83 53 48.38351 -0.21082306
p 84 54 48.770573 -0.115448
p 84 55 49.12684 0.0029067993
p 85 56 49.494156 0.080984116
p 86 57 49.69847 2.8800964E-4
p 86 58 50.206074 0.16344643
p 87 59 50.706486 -0.1335144
p 87 60 51.22054 -0.2875023
p 86 61 51.642242 -0.15769005
p 86 62 52.024754 6.040741
p 85 63 52.681095 4.7234344
p 84 64 53.549633 1.2637424

c 33 3.515602
p 84 47 46.9485 -0.050397873
p 85 48 47.230835 -0.157238
p 85 49 47.431328 0.019927979
p 85 50 47.747147 -0.07459068
p 84 51 48.050312 -0.15337563
p 85 52 48.420437 -0.10315132
p 86 53 48.660656 -0.05312538
p 87 54 49.003105 -0.27558136
p 88 55 49.352497 -0.43784332
p 89 56 49.82841 -0.08747482
p 90 57 50.243473 -0.09372902
p 91 58 50.464104 -0.19488525

c 34 31.852493
p 87 139 113.91358 -3.8146057
p 88 140 112.87499 -2.8811188
p 89 141 111.98082 -1.2513885
p 90 142 111.34807 -1.3977051
p 89 143 110.671936 -0.28009415
p 88 144 110.02825 0.75850296
p 89 145 109.39989 1.1985321
p 89 146 108.80237 0.83101654
p 90 147 108.39482 0.5530472
p 89 148 104.98603 -2.9006157
p 90 149 103.609695 -1.5485382
p 91 150 100.83551 -3.6087685
p 92 151 98.314224 -1.8403702
p 91 152 97.26444 -5.941353
p 90 153 96.24895 -5.6940346
p 89 154 95.08209 -2.502842
p 90 155 93.68653 -5.814472
p 91 156 92.57745 -5.19746
p 92 157 91.248245 -3.4445
p 91 158 90.01996 -6.5353737
p 90 159 89.02314 -3.5208855
p 91 160 87.34257 -6.200119
p 92 161 86.06937 -3.2971535
p 91 162 84.448875 -6.4424095
p 90 163 83.17422 -10.223808
p 89 164 82.06109 -9.453678

c 35 10.786926
p 89 104 100.71942 -1.9531708
p 90 105 101.2797 -1.9754295
p 91 106 102.239624 0.76189804
p 92 107 103.15461 -1.1717453
p 91 108 104.328545 0.98734283
p 92 109 105.61041 -1.0009232
p 93 110 106.80473 -0.16480637
p 92 111 107.94844 0.8483505
p 93 112 108.93073 -1.4290466
p 94 113 110.223366 -0.9015579
p 93 114 111.50635 -0.056415558

c 36 0.3845291
p 89 213 46.609676 -0.03496933
p 90 214 46.573635 -0.17136192
p 90 215 46.573635 -0.060979843
p 90 216 46.42758 8.201599E-5
p 90 217 46.36534 0.004278183
p 91 218 46.29677 -0.042720795
p 91 219 46.292355 -0.034715652
p 91 220 46.24662 -0.049289703
p 90 221 46.24662 -0.32273865
p 89 221 46.225147 0.09710884
p 89 222 46.225147 -0.31427574

c 37 59.0583
p 89 213 46.609676 0.018154144
p 90 212 46.780033 -0.02835083
p 91 211 46.907867 0.09804726
p 92 210 46.907867 -0.0777874
p 92 209 47.077053 0.048246384
p 91 208 47.256187 0.06823349
p 90 207 47.3936 0.0074043274
p 91 206 47.55216 -0.051095963
p 92 205 47.689632 -0.14469528
p 93 204 48.078842 0.105119705
p 94 203 48.44033 -0.09827423
p 94 202 48.6713 -0.13822174
p 95 201 49.081253 0.26114464
p 96 200 49.495667 0.06630707
p 97 199 49.791573 0.12936974
p 98 198 50.283276 0.24992561
p 99 197 50.493637 -0.2251854
p 100 196 51.097485 0.08174896
p 101 195 51.223175 -0.2300148
p 102 195 51.725426 -0.5970669
p 103 194 52.31282 -0.5824928
p 104 193 53.01283 5.179224
p 105 193 53.763264 5.000807
p 106 192 54.44561 -1.3415623
p 107 192 55.24786 2.5426903
p 108 191 56.05675 -0.7433739
p 107 190 56.872375 -1.4343452
p 106 189 57.695824 -6.8360596
p 105 188 58.549843 -6.846142
p 104 187 59.330276 -7.853039
p 103 186 60.224133 -6.3630943
p 102 185 61.076817 -3.886982
p 103 184 61.795464 -4.339691
p 104 183 62.70725 -2.4473095
p 103 182 63.564358 3.1244278
p 104 181 64.52455 2.521656
p 103 180 65.35522 -4.312935
p 102 179 66.22539 -6.967247
p 101 178 67.10843 -7.4770737
p 100 177 68.16313 -3.0779343
p 101 176 69.278206 -7.6437454
p 102 175 70.2977 -7.6326866
p 103 174 71.40325 -4.6581573
p 102 173 72.47851 -5.979847
p 101 172 73.38488 -5.367634
p 102 171 74.278244 3.597805
p 101 170 75.45095 -6.1708946
p 100 169 76.40569 -6.8765106
p 99 168 77.67316 -3.6264
p 100 167 78.73735 2.4140587
p 99 166 79.64519 0.25799942
p 100 165 80.73931 4.50066
p 99 164 81.97386 -5.4341774
p 98 163 82.97862 -4.4189644
p 99 162 84.53014 2.3153496
p 98 161 86.01094 -0.05997467
p 99 160 87.16629 -6.8501816
p 100 159 88.22896 -4.205887
p 99 158 89.57246 1.4778442
p 100 157 94.84013 2.8890114
p 100 156 95.0498 -1.0581589
p 101 155 95.82498 0.05857849
p 100 154 96.93126 -2.8259697
p 99 153 99.13376 -0.7102051
p 98 152 101.40803 0.8060074
p 98 151 102.0495 -0.8519516
p 97 150 104.00681 -0.4531212
p 96 149 105.66798 -1.3886452

c 38 27.171867
p 97 92 84.62875 -0.33465576
p 98 93 85.83234 -0.9211807
p 99 94 87.00613 -1.658844
p 98 95 88.107414 1.1034966
p 99 96 88.97839 1.8203773
p 98 97 90.305504 0.53798294
p 99 98 91.57592 1.0444183
p 98 99 92.998024 -0.55275345
p 99 100 94.239914 -4.990181
p 100 101 95.77878 -0.40649033
p 99 102 97.205986 0.95529556
p 100 103 98.52429 0.9936371
p 99 104 99.762535 0.18299484
p 100 105 101.00298 -4.592045
p 101 106 102.28124 -4.3255615
p 102 107 103.56364 -3.9949188
p 103 108 105.08656 -2.2238693
p 102 109 106.35618 0.9752464
p 103 110 107.45455 -3.7396736
p 104 111 108.61132 -1.9198608
p 103 112 110.70025 -2.575863
p 102 113 111.80062 -0.9237709

c 39 0.24093246
p 105 218 46.251007 -0.04910469
p 105 219 46.251007 -0.0290699
p 105 220 46.201183 -0.050382614
p 106 221 46.17884 -0.17098999
p 106 222 46.17503 -0.04930687
p 106 223 46.16378 0.04566002
p 107 224 46.090225 -0.15760803
p 106 225 46.073452 0.083431244
p 106 226 46.06084 -0.03370285
p 106 227 46.041615 -0.16669846
p 106 228 46.022 0.046123505
p 107 229 46.010075 -0.20280647
p 108 229 46.010075 -0.0015983582

c 40 35.37784
p 108 87 81.356415 -2.8095436
p 109 86 79.79139 -6.3696747
p 110 85 79.12091 -1.9607544
p 109 84 77.180435 -0.7792511
p 110 83 75.933975 -6.094555
p 111 82 74.73949 -5.642418
p 110 81 73.65097 -7.325329
p 109 80 72.52931 -4.8773956
p 110 79 70.73407 -7.8842964
p 111 78 69.346535 -2.1084366
p 110 77 68.27082 2.8021011
p 111 76 67.13815 2.2688713
p 110 75 66.18647 1.2480736
p 111 74 65.3131 1.89674
p 110 73 64.33781 1.1016235
p 111 72 63.382977 2.7540092
p 110 71 62.451427 4.078308
p 111 70 61.43305 -0.66859436
p 110 69 60.671112 -4.461773
p 109 68 59.692043 -6.246809
p 110 67 58.71502 -7.75021
p 111 66 57.614002 -8.129402
p 112 65 56.65139 -3.5300827
p 113 64 55.79119 0.5594559
p 114 63 54.917786 2.1435127
p 115 62 54.115376 0.03651619
p 114 61 53.408695 -0.09422302
p 113 60 52.71675 -0.17956161
p 114 59 52.088715 0.040538788
p 113 58 51.40247 0.10468674
p 114 57 50.777058 0.023572922
p 115 56 50.222713 0.04237175
p 114 55 49.67502 -0.1960907
p 115 54 49.244617 0.10461426
p 114 53 48.64669 -0.07787132
p 115 52 48.29193 0.29319382
p 114 51 47.92906 -0.088905334
p 113 50 47.662586 -0.013893127
p 114 49 47.40215 0.011257172
p 114 48 47.215633 -0.12495041
p 114 47 46.997955 -0.033210754
p 113 46 46.911667 -0.089984894
p 113 45 46.829338 -0.09906769
p 112 44 46.7362 -0.07153702
p 112 43 46.68345 -0.02749443
p 112 42 46.557358 -0.15563393
p 112 41 46.467976 -0.10182953
p 112 40 46.465748 -0.02180481
p 112 39 46.439686 -0.10944748
p 111 38 46.435394 0.060476303
p 112 37 46.393036 -0.18367386
p 113 37 46.347813 -0.021112442
p 114 36 46.32876 0.094552994
p 113 35 46.30291 -0.035945892
p 114 34 46.262302 -0.1328659
p 114 33 46.215755 -0.017894745
p 114 32 46.188606 -0.041431427
p 113 31 46.188606 -0.013813019
p 114 30 46.17705 -0.09634209
p 114 29 46.12364 -0.17887497
p 113 28 46.12364 -0.13633347
p 112 27 46.11328 -0.0045108795
p 111 26 46.08349 -0.090379715
p 112 25 46.07666 -0.1519928
p 112 24 46.07666 -0.092983246
p 113 23 46.059597 0.06809044
p 114 22 46.04684 -0.10015106
p 115 21 45.99794 -0.0332489
p 116 20 45.98817 -0.092027664
p 117 19 45.978577 -0.06662941
p 118 20 45.978577 -0.14933205

c 41 67.73994
p 108 224 46.090225 -0.17216492
p 109 223 46.15146 -0.053588867
p 110 222 46.20956 -0.051734924
p 110 221 46.241657 -0.042434692
p 110 220 46.261387 -0.023199081
p 111 219 46.288605 -0.084121704
p 112 218 46.33541 -0.033964157
p 113 217 46.38792 0.07889938
p 112 216 46.38792 -0.046237946
p 111 215 46.586132 -0.14783287
p 111 214 46.586132 -0.080034256
p 110 213 46.6674 0.04710579
p 111 212 46.724777 -0.067790985
p 112 211 46.87736 -0.059631348
p 113 210 46.87736 -0.039117813
p 112 209 46.95126 -0.15995216
p 111 209 46.986076 -0.07094574
p 110 208 47.18441 0.030303955
p 109 207 47.42709 -0.019021988
p 110 206 47.646774 -5.493164E-4
p 111 205 47.791626 -0.030965805
p 112 204 48.076504 -0.12522125
p 113 203 48.587765 -0.16256905
p 113 202 48.88828 -0.12395096
p 113 201 49.30465 -0.11683655
p 113 200 49.950817 0.05114746
p 112 199 50.465683 -0.29834175
p 111 198 51.319656 0.18715668
p 112 197 51.989605 -0.0024852753
p 112 196 52.77708 -0.07949257
p 113 195 53.680794 0.10699463
p 112 194 54.437534 -0.6745739
p 113 193 55.291187 0.9680271
p 112 192 56.184933 1.7439651
p 113 191 57.143127 -0.43378448
p 114 190 58.08345 -4.1430073
p 115 189 58.977947 -7.3755608
p 116 188 59.878212 -6.1514015
p 117 187 60.822567 -3.2032108
p 116 186 61.791607 2.9554367
p 117 185 62.765373 -0.807415
p 116 184 63.737114 -5.3752747
p 115 183 64.70289 -6.479149
p 114 182 65.68651 -0.09138489
p 115 181 66.66675 -8.187397
p 116 180 67.6984 -9.934456
p 117 179 68.602 -8.825733
p 118 178 69.562874 -9.209095
p 119 177 70.597885 -8.9667015
p 120 176 71.75776 -10.000706
p 121 175 72.931755 -4.9420586
p 120 174 73.99249 -9.757805
p 119 173 75.03207 -5.49609
p 120 172 76.05215 -9.79401
p 121 171 77.054955 -5.5015564
p 120 170 78.069466 2.8803558
p 121 169 79.11882 -10.705265
p 122 168 80.21016 -11.487957
p 123 167 81.061325 -5.53611
p 122 166 82.72709 -11.103779
p 121 165 84.210785 -5.2464905
p 122 164 85.50782 -9.667801
p 123 163 86.802765 -8.33197
p 124 162 87.91824 -7.8427544
p 125 161 89.20113 -3.4392853
p 124 160 90.509445 0.44408035
p 125 159 91.509415 0.15227127
p 124 158 92.563034 -7.89172
p 123 157 93.95892 -2.9323082
p 124 156 95.26554 -5.4910316
p 125 155 96.59349 -6.005928
p 126 154 97.76975 -6.1303787
p 127 153 98.991486 -5.814167
p 128 152 101.02855 -4.6637344
p 129 151 101.89202 -4.940933
p 130 150 102.951065 -5.8225784
p 131 149 104.24896 -4.0079536
p 132 148 105.476166 -1.3738937
p 131 147 106.86047 1.2731514
p 132 146 108.42317 0.9955406
p 131 145 109.448845 -1.9216881
p 130 144 111.00304 -0.13124466
p 131 143 112.14769 -2.298954
p 132 142 113.83016 -1.3774986

c 42 43.01938
p 110 146 109.78525 -0.17764664
p 111 147 108.95826 0.4871788
p 112 148 108.23206 0.7437515
p 113 149 107.22227 0.4274025
p 114 150 106.11343 0.2379303
p 113 151 105.012085 0.27111816
p 112 152 103.7957 -0.14458847
p 113 153 102.91813 -0.6341934
p 112 154 101.99073 0.5079727
p 113 155 101.26257 -0.8894272
p 114 156 100.02876 -1.2322006
p 113 157 99.07385 -0.5490303
p 112 158 98.1917 0.08865738
p 111 159 97.43419 1.7029037
p 111 160 96.76783 1.3927727
p 112 161 95.17712 -0.38512802
p 111 162 94.3609 0.16589355
p 112 163 91.83938 0.94308853
p 112 164 91.307076 -1.8448753
p 111 165 87.41537 -2.3966408
p 112 166 85.88356 -0.6357689
p 111 167 84.70571 1.7053452
p 112 168 82.95702 -0.8915329
p 111 169 81.969315 1.367382
p 112 170 80.12935 0.3861847
p 111 171 78.74881 1.1524963
p 112 172 77.35843 1.1099205
p 111 173 76.162476 1.5196266
p 112 174 75.02051 -0.17324448
p 111 175 73.39174 0.8852806
p 112 176 72.01725 -0.041152954
p 111 177 70.83253 0.7876396
p 112 178 69.759 -0.45314026
p 111 179 68.6626 -0.7774391
p 112 180 67.644615 -9.253994
p 113 181 66.76587 -6.7481117

c 43 67.35144
p 113 112 113.37464 0.6220665
p 114 111 111.7411 -0.20909882
p 114 110 109.62921 -1.6624146
p 115 109 107.91491 -1.6436119
p 116 108 106.3862 -1.8028336
p 117 107 105.29188 -1.8725014
p 116 106 104.06639 0.54094696
p 117 105 103.221466 -3.3499985
p 118 104 102.424706 -0.41410446
p 119 103 101.458916 -1.8460617
p 120 102 100.40882 -0.6342468
p 121 101 99.35584 -1.2261047
p 122 100 98.10645 -0.6944275
p 123 99 96.92578 -1.1649208
p 124 98 96.055885 1.0574799
p 125 97 92.947014 -1.1533165
p 126 96 91.780754 0.15467072
p 125 95 90.51907 1.3253326
p 126 94 89.2226 0.7903366
p 127 93 87.606094 -2.3319244
p 128 92 85.9012 -3.5065498
p 129 91 84.22282 -2.8556366
p 130 90 82.26277 1.8098145
p 129 89 81.24042 1.8158035
p 129 88 81.058426 -3.328045
p 128 87 77.08479 -6.895767
p 127 86 76.5614 -2.5991516
p 126 85 75.99777 -5.8687363
p 125 84 73.81786 -5.694252
p 124 83 72.65364 -5.5632324
p 125 82 71.87731 -6.9459686
p 126 81 71.01311 -5.797985
p 127 80 70.22198 -2.5854988
p 126 79 69.114296 2.6945648
p 127 78 67.98096 -0.22903824
p 126 77 67.08655 -3.737053
p 125 76 66.17722 -8.715065
p 126 75 65.20315 -8.661312
p 127 74 64.20861 -3.0619888
p 126 73 63.275024 3.5326767
p 127 72 62.475178 -2.3825035
p 128 71 61.77853 -4.523609
p 127 70 60.82269 -3.5398445
p 126 69 59.828056 -4.8343678
p 127 68 58.979015 1.6504669
p 126 67 58.120926 -7.056782
p 125 66 57.24555 -10.264366
p 124 65 56.380497 -1.7285652
p 125 64 55.531723 -1.6389503
p 126 63 54.56659 -0.12999725
p 125 62 53.789146 4.1168747
p 126 61 53.150826 0.14321327
p 125 60 52.485622 -0.1804924
p 124 59 51.813107 -0.045837402
p 125 58 51.16492 -0.14901543
p 125 57 50.53582 -0.09226608
p 126 56 50.045696 0.0700531
p 126 55 49.466827 -0.2428379
p 125 54 48.99697 -0.032886505
p 126 53 48.568893 -0.1844368
p 127 52 48.158928 -0.07302666
p 128 51 47.907204 -0.19715881
p 129 50 47.719727 -0.12399101
p 129 49 47.39884 -0.115478516
p 128 48 47.181625 0.013212204
p 127 47 47.10946 -0.09467888
p 127 46 46.89557 -0.22322464
p 126 45 46.884903 -0.25677872
p 125 44 46.713467 0.06194687
p 125 43 46.607906 -0.06796265
p 124 42 46.575424 0.057273865
p 124 41 46.472473 0.12051773
p 123 40 46.434055 -0.06958389
p 123 39 46.410946 -0.072818756
p 123 38 46.410946 -0.035053253
p 123 37 46.406406 0.026399612
p 123 36 46.400803 -0.10238266
p 123 35 46.35764 -0.015619278
p 124 34 46.23583 -0.035158157
p 124 33 46.216343 0.085523605
p 123 32 46.168076 0.0062274933
p 124 31 46.168076 0.04660225
p 125 30 46.118744 -0.012226105
p 124 29 46.117714 -0.011508942
p 123 28 46.075783 -0.06208992
p 123 27 46.075783 0.049776077
p 123 26 46.072575 0.053020477
p 122 25 46.038624 0.004714966
p 121 24 46.027294 -0.1281929
p 120 23 46.0232 0.023097992
p 119 22 46.0232 -0.14976883

c 44 0.6084213
p 116 31 46.155106 -0.0694828
p 117 30 46.155106 -0.031629562
p 118 31 46.160103 -0.041082382
p 119 32 46.181538 -0.016199112
p 119 33 46.26353 -0.021551132
p 118 34 46.328575 0.01760292
p 119 35 46.361748 -0.07473755
p 119 36 46.361748 -0.06325722
p 119 37 46.3934 -0.062496185
p 120 38 46.3934 0.006008148
p 120 39 46.4191 -0.016082764
p 121 40 46.424553 -0.06782532
p 120 41 46.4543 -0.15270615
p 120 42 46.4543 -0.20755768
p 121 43 46.628345 0.1541977
p 122 44 46.703487 -0.13363457
p 123 45 46.763527 0.036319733
p 124 44 46.70055 -0.082172394

c 45 5.645767
p 121 60 52.513412 -0.107616425
p 122 59 51.947456 -0.02041626
p 123 58 51.265705 0.119031906
p 124 57 50.55174 -0.104572296
p 123 56 50.049038 0.06197548
p 122 55 49.418037 -0.07316589
p 123 54 49.016865 0.038557053
p 124 53 48.627117 0.09334755
p 123 52 48.195793 -2.7656555E-4
p 124 51 47.78259 -0.16722107
p 125 50 47.661613 -0.14411354
p 126 49 47.43678 0.015686035
p 126 48 47.224472 -0.045310974
p 125 47 47.059505 0.08163071
p 124 46 46.867645 0.052526474

c 46 21.272217
p 121 60 52.513412 -0.060731888
p 122 61 53.194542 0.121492386
p 121 62 53.893974 1.6918964
p 122 63 54.588753 -1.7265968
p 121 64 55.43927 2.8127747
p 122 65 56.351425 -1.4242859
p 121 66 57.446167 -1.2291603
p 122 67 58.278175 -2.78796
p 121 68 59.592583 2.420578
p 122 69 60.752346 -0.3550644
p 121 70 64.090454 4.002865
p 122 71 65.88484 -6.1544228
p 123 72 67.040276 -7.9465027
p 124 73 68.84792 -6.38789
p 123 74 71.30138 -11.020969
p 122 75 73.78563 -0.6982956

c 47 7.397255
p 122 191 53.51769 2.0115452
p 123 192 52.707294 -0.09012604
p 123 193 52.05214 3.607132
p 124 194 51.48961 0.06559563
p 125 195 50.983612 -0.22828293
p 125 196 50.645332 -0.18109322
p 126 197 50.373356 0.15946198
p 126 198 49.951237 -0.05290413
p 127 199 49.616104 -0.27095413
p 128 200 49.249092 -0.061006546
p 129 201 49.106445 -0.06518555
p 130 202 48.7206 -0.12662888
p 131 203 48.21091 -0.07166481
p 132 204 48.003834 0.20249939
p 131 205 47.749542 -0.1685772
p 131 206 47.569286 -0.3057499
p 130 207 47.328655 -0.014568329
p 131 208 47.174965 -0.20331001
p 132 209 47.036865 0.016586304
p 131 210 46.93294 -0.040786743
p 132 211 46.81379 -0.20814705
p 131 212 46.792614 0.13251305
p 131 213 46.732677 -0.14860535
p 131 214 46.573383 -0.05948448
p 132 215 46.558773 0.11930084
p 131 216 46.435642 -0.07585907
p 132 217 46.39187 -0.14152527
p 133 218 46.39187 0.08699036
p 132 219 46.240818 -0.14756775
p 131 220 46.238533 -0.023447037
p 130 221 46.120434 -0.2213459
p 129 222 46.120434 -0.101169586

c 48 11.23851
p 124 99 97.3517 -0.74547577
p 125 100 98.70996 -1.5357399
p 126 101 100.78889 0.30895233
p 127 102 101.94828 -0.113105774
p 126 103 102.71797 1.8568039
p 127 104 103.696144 1.3403854
p 128 105 104.71458 -0.49311447
p 127 106 105.452324 0.807518
p 128 107 106.49062 -0.28403473
p 129 108 108.11733 0.15350342
p 129 109 108.59021 0.76576614

c 49 0.9966202
p 129 39 46.47431 -0.14433098
p 130 39 46.47431 -0.10721207
p 130 40 46.47819 -0.097213745
p 130 41 46.570705 -0.060415268
p 129 42 46.58608 0.051244736
p 130 43 46.609066 -0.070142746
p 131 44 46.68622 0.02135086
p 130 45 46.909103 -0.022226334
p 129 46 46.909103 -0.19787216
p 130 47 47.133865 -0.074308395
p 131 48 47.26205 -0.06801796
p 132 49 47.470932 -0.06790924

c 50 21.525215
p 131 179 69.7645 -7.4482574
p 132 180 68.16723 -9.635197
p 133 181 66.42456 -8.786167
p 134 182 64.34981 -4.1766624
p 133 183 63.377697 0.74648666
p 134 184 61.73551 -7.8940315
p 135 185 60.35861 -4.9044743
p 134 186 58.92784 3.698166
p 135 187 57.859108 1.8023453
p 134 188 56.73354 1.6508217
p 135 189 55.529476 -0.8220978
p 134 190 54.168194 -7.391453
p 133 191 53.26963 0.16095924
p 134 192 52.49006 6.548044
p 133 193 51.69608 3.988556
p 132 194 51.12685 -0.37659264
p 131 195 50.712223 -0.055747986
p 131 196 50.112865 -0.084070206
p 132 197 49.858097 -0.122125626
p 132 198 49.72829 -0.011796951
p 132 199 49.449177 -0.13273811
p 133 200 49.121555 -0.06342316
p 134 201 48.75136 -0.03218651
p 133 202 48.535408 0.11176872
p 132 203 48.23929 -0.010881424

c 51 4.975666
p 135 59 51.067806 -0.03351593
p 136 58 50.437233 0.021642685
p 137 57 50.017414 -0.19523239
p 138 56 49.648975 0.07304573
p 139 55 49.20266 0.01292038
p 138 54 48.748837 0.060562134
p 139 53 48.289295 -0.07350159
p 139 52 48.075542 -0.1288395
p 139 51 47.889988 -0.04663086
p 140 50 47.59624 -0.13333893
p 141 49 47.41874 -0.025671005
p 140 48 47.246174 -0.07248497
p 141 47 47.103947 -0.012081146
p 141 46 47.035965 -0.013463974
p 141 45 46.92241 -0.061965942
p 140 44 46.87022 0.01011467
p 139 43 46.70507 -0.20191383
p 138 42 46.665882 -0.115694046
p 137 41 46.513542 0.005470276
p 137 40 46.488987 -0.035835266
p 137 39 46.486217 0.0572834
p 137 38 46.408463 -0.07352829
p 137 37 46.408463 -0.013906479
p 138 36 46.34792 -0.032203674
p 138 35 46.229946 0.056533813
p 137 34 46.119503 0.0048217773
p 137 33 46.119503 0.06893349
p 136 32 46.11913 -0.048074722
p 137 31 46.09214 -0.05667305
p 137 30 46.09214 -0.17689896

c 52 44.79383
p 136 161 90.90666 -5.184372
p 137 162 89.58992 -5.5394135
p 138 163 88.42601 -6.5826454
p 139 164 87.27402 -6.3789253
p 140 165 86.17292 -6.329357
p 141 166 84.91151 -6.3135567
p 142 167 83.48151 -7.0265236
p 143 168 82.22302 -7.623108
p 144 169 80.845055 -6.4781075
p 145 170 79.45901 -7.105175
p 144 171 78.03007 -8.400719
p 143 172 76.730316 -3.666191
p 144 173 75.22886 -0.59846115
p 143 174 73.68264 -0.7177086
p 144 175 72.49913 -8.92775
p 145 176 71.28588 -9.973129
p 144 177 70.094604 -1.4122887
p 145 178 68.88176 -16.522167
p 146 179 67.74963 -6.653511
p 147 180 66.80041 -7.5091324
p 148 181 65.68851 -2.5426369
p 149 182 64.695915 -2.3668938
p 150 183 63.70926 -6.103668
p 151 184 62.73258 -3.1424103
p 150 185 61.765984 5.8787346
p 151 186 60.809093 1.6687584
p 150 187 59.863976 4.301422
p 151 188 58.92906 -2.1579704
p 150 189 57.987633 -3.2702255
p 149 190 57.207615 -6.694336
p 150 191 56.103745 2.1296577
p 151 192 55.196465 3.548708
p 152 192 54.3169 0.59028244
p 153 193 53.4874 3.6005096
p 154 194 52.84915 -0.2351532
p 155 195 52.349083 -0.091337204
p 156 196 51.93685 -0.19040489
p 157 197 51.383286 -0.06029892
p 157 198 50.760895 -0.19953346
p 158 199 50.190514 0.04344368
p 157 200 49.57337 -0.0097408295
p 157 201 49.03739 0.04077339
p 158 202 48.53935 0.043567657
p 159 203 48.18076 0.18539238
p 160 204 47.771725 -2.1362305E-4
p 161 205 47.597073 0.039913177
p 160 206 47.46907 2.2888184E-4
p 160 207 47.21053 -0.045991898
p 161 208 47.003918 -0.17420006
p 162 209 46.864506 0.0064048767
p 163 210 46.825443 0.102760315
p 164 211 46.751297 -0.018314362
p 165 212 46.545246 -0.085222244
p 164 213 46.519135 0.067554474
p 163 214 46.49516 -0.111011505
p 164 215 46.432026 -0.02725792
p 163 216 46.404224 -0.056150436
p 163 217 46.37063 -0.0657177
p 162 218 46.35726 0.079013824
p 163 219 46.341785 0.09933281
p 163 220 46.262184 -0.041633606
p 164 221 46.24326 0.023500443
p 163 222 46.24326 -0.06211853
p 164 223 46.20337 -0.0044460297
p 163 224 46.20337 -0.089746475
p 162 225 46.14679 -0.046318054
p 163 226 46.11283 -0.035606384
p 164 226 46.11283 -0.063388824

c 53 13.752846
p 137 72 62.176777 -6.999874
p 138 71 61.19845 -4.925354
p 139 70 60.380287 -2.768301
p 138 69 59.137596 -0.13062668
p 139 68 58.234505 -4.0817184
p 140 67 57.34991 -4.050934
p 139 66 56.455673 -1.2659149
p 140 65 55.550236 -4.8732224
p 141 64 54.64407 0.29379272
p 141 63 53.78406 -0.69252205
p 141 62 52.987133 1.7618484
p 140 61 52.265038 -0.6261158
p 139 60 51.6807 -0.23498726
p 138 59 51.11212 -0.016735077
p 139 58 50.591923 0.17967415
p 140 57 50.009296 0.1998825
p 141 56 49.566357 0.11888313
p 142 55 49.144726 -0.0051136017
p 141 54 48.650948 -0.14164734
p 140 53 48.42393 0.021640778

c 54 2.7128448
p 138 200 49.14314 -0.014350891
p 138 201 48.80842 -0.15366173
p 138 202 48.47957 -0.11130333
p 139 203 48.31249 -0.016830444
p 138 204 47.836205 0.01130867
p 138 205 47.668594 0.026094437
p 139 206 47.535347 -0.01662445
p 140 207 47.38662 0.02122879
p 139 208 47.244522 -0.0037937164
p 140 209 47.192898 -0.046751022
p 141 210 46.971485 -0.15045738
p 142 211 46.843487 -0.028852463
p 143 211 46.793213 -0.12261772
p 144 212 46.73786 -0.18442154
p 145 213 46.663242 -0.14587212
p 146 214 46.545425 0.0094509125
p 146 215 46.490276 -0.06799507
p 147 216 46.430294 -0.027339935
p 147 217 46.430294 -0.056144714

c 55 65.07968
p 143 56 49.59861 -0.1726036
p 144 57 50.144043 -0.019302368
p 145 58 50.451202 -0.076976776
p 145 59 51.066498 -0.26698112
p 146 60 51.688396 0.14421082
p 147 61 51.864277 -0.019573212
p 147 62 51.8984 3.9947472
p 148 63 52.23825 -3.086916
p 149 62 52.752094 4.253723
p 150 62 53.590023 5.2265797
p 151 63 54.47762 3.0284863
p 152 64 55.38887 -0.028612137
p 151 65 56.29314 -5.5801334
p 152 66 57.063137 -7.1053696
p 153 67 58.13144 -3.9249668
p 152 68 59.808018 4.9841194
p 153 69 60.801273 -3.5127869
p 154 70 61.72256 -2.7630825
p 153 71 62.68125 2.372158
p 154 72 63.615505 1.0971031
p 153 73 64.59269 -6.746483
p 152 74 65.38007 -7.912815
p 151 75 66.48724 -3.6881104
p 152 76 67.453285 2.8848648
p 151 77 68.525696 -0.055454254
p 152 78 69.54742 -6.4146767
p 153 79 70.68727 -4.615814
p 152 80 71.62339 -7.081787
p 151 81 72.65286 -8.005711
p 150 82 73.70649 -2.9782906
p 151 83 74.76205 2.7953835
p 150 84 75.874245 0.90021133
p 151 85 77.12058 0.50115204
p 150 86 78.31398 -6.3984985
p 149 87 79.23168 -8.229359
p 148 88 80.42007 -7.737438
p 147 89 81.55986 -7.092682
p 146 90 82.709175 -4.5546455
p 147 91 84.832634 2.373188
p 146 92 86.657814 -5.0333023
p 145 93 88.357216 -3.9095993
p 146 94 90.01889 0.91422653
p 145 95 91.71313 -4.7938004
p 144 96 93.10951 -2.1097145
p 145 97 94.48439 1.2939072
p 144 98 95.87852 1.2637215
p 145 99 97.01383 0.8465576
p 144 100 98.197426 1.4601974
p 145 101 99.34316 0.9080734
p 144 102 100.4597 -0.93001175
p 143 103 101.90225 -0.5266533
p 144 104 103.05309 -1.0173836
p 145 105 104.21223 -0.81933594
p 144 106 105.378456 -0.11708069
p 145 107 106.70517 -1.2378998
p 146 108 107.755516 -1.2015953
p 147 109 108.69447 -0.14750671
p 146 110 109.63058 -1.2362823
p 145 111 110.98362 -1.9618416
p 144 112 112.18365 -1.8014336
p 143 113 113.52767 -0.42953873
p 144 114 114.67829 -1.6716042

c 56 37.94571
p 144 150 106.94196 -0.66897583
p 145 151 104.765335 -1.547226
p 146 152 102.64828 -2.142868
p 147 153 101.1103 -1.8957977
p 146 154 100.39397 -3.2479324
p 145 155 99.91602 -2.1462135
p 144 156 98.978874 -1.1247749
p 145 157 98.154366 -1.8433342
p 146 158 96.75973 -2.5505524
p 147 159 95.642746 -0.07135773
p 148 160 94.536354 -0.47920227
p 147 161 93.22543 -0.796505
p 148 162 92.04046 -1.4885216
p 149 163 90.87047 -2.6776695
p 148 164 89.575516 0.61330795
p 149 165 88.56428 -3.9357948
p 150 166 87.492134 -3.2852592
p 151 166 86.8134 -0.39476395
p 152 167 85.62891 -1.9439011
p 151 168 84.46528 -3.6904907
p 150 169 80.88087 -3.5803108
p 149 170 78.416916 -2.3929825
p 150 171 77.01033 -0.11587906
p 149 172 75.78606 -5.704403
p 148 173 74.60871 -6.3934746
p 147 174 73.439064 -10.275265
p 148 175 72.27007 4.7353897
p 147 176 71.105415 -5.7243156
p 148 177 69.95871 3.7988586
p 147 178 68.996254 -12.254963

c 57 27.26841
p 149 140 115.18632 -0.44469833
p 150 141 113.71925 -0.9301262
p 149 142 112.359344 -1.2707787
p 150 143 111.161804 -2.7581596
p 151 144 110.112785 -2.0450134
p 150 145 109.19455 -3.2223969
p 149 146 108.28613 -1.5457344
p 150 147 107.31892 -2.5732536
p 151 148 106.39897 -1.473259
p 152 149 105.48245 -1.8680992
p 153 150 104.55123 -2.2345238
p 154 151 103.60911 -2.1685562
p 155 152 102.764984 -0.8689995
p 156 153 101.97308 0.049819946
p 157 154 101.13172 0.5481224
p 156 155 99.97001 -1.0959053
p 157 156 99.14312 -0.93771744
p 158 157 97.23787 -1.4357071
p 157 158 95.48948 -1.882412
p 156 159 94.14538 -0.6981468
p 155 160 93.12019 -1.5987053
p 154 161 92.19895 -1.8320122
p 153 162 91.23681 -1.6971626
p 152 163 90.26924 -2.9534225
p 153 164 89.03858 1.3697968
p 152 165 87.91791 -1.9008713

c 58 64.597565
p 154 32 46.189686 -0.02462387
p 154 33 46.252678 -0.110342026
p 154 34 46.26655 -0.03855133
p 155 35 46.2821 -0.055971146
p 156 35 46.2821 -0.03822136
p 157 36 46.3736 -0.011270523
p 158 37 46.37606 -0.023233414
p 159 38 46.427933 0.036859512
p 158 39 46.471653 -0.11658859
p 158 40 46.538296 -0.07472038
p 159 41 46.58143 0.101070404
p 158 42 46.637882 -0.17800331
p 157 42 46.637882 -0.18974686
p 156 43 46.66238 -0.11924362
p 156 44 46.811234 -0.19685555
p 157 45 46.920547 -0.024679184
p 158 46 47.04238 -0.04392433
p 158 47 47.15354 0.15045929
p 159 48 47.21373 -0.1739273
p 160 49 47.361298 -0.09352684
p 161 50 47.493347 0.036823273
p 160 51 47.757725 0.0036468506
p 159 52 48.03656 0.0011577606
p 158 53 48.346672 -0.0686245
p 157 54 48.726994 -0.07650757
p 156 55 49.174984 0.19753647
p 157 56 49.65064 -0.14666748
p 157 57 50.24047 0.024557114
p 156 58 50.879566 -0.16905975
p 156 59 51.538303 -0.118047714
p 157 60 52.092373 -0.08005524
p 156 61 52.469513 -0.04866028
p 157 62 52.560703 4.594372
p 158 62 52.77251 4.5593796
p 159 63 53.030754 0.30264473
p 160 63 53.812572 0.21272087
p 161 63 54.64625 3.5877
p 162 64 55.445446 1.4195538
p 161 65 56.38255 -1.4927597
p 162 66 57.293324 -0.9247608
p 161 67 58.132057 1.0564804
p 162 68 59.02369 2.2701073
p 161 69 60.003727 2.973568
p 162 70 60.975437 3.1607285
p 161 71 61.91144 -0.8312187
p 162 72 62.946915 -4.0933914
p 163 73 63.72946 -3.6361256
p 162 74 64.65212 -5.881748
p 161 75 65.541336 -4.923752
p 160 76 66.41257 -5.441925
p 161 77 67.311615 3.0699692
p 160 78 68.23338 2.5228615
p 161 79 69.16112 0.2917137
p 160 80 70.11053 -5.215992
p 159 81 71.28658 -6.0838165
p 160 82 72.458405 -6.6790237
p 161 83 73.33759 -4.4152985
p 160 84 74.37276 2.1680145
p 161 85 75.429794 -6.0122147
p 162 86 76.396645 -4.313286
p 161 87 77.41752 1.0588074
p 162 88 78.207466 -9.190804
p 163 89 79.17183 -5.8855896
p 162 90 80.21535 -9.88179
p 161 91 81.321884 -8.948566
p 160 92 82.420685 -5.076885
p 161 93 83.53762 -0.15777588
p 160 94 84.641266 1.0476189
p 161 95 85.70812 -8.530609
p 162 96 86.89285 -9.851685
p 163 97 87.927704 -9.996971
p 164 98 95.69994 -1.8193016
p 165 99 96.86015 -5.49144
p 164 100 97.65355 2.0313034
p 165 101 98.65352 -3.0846977
p 166 102 99.50702 -2.1229439
p 167 103 100.25579 -1.4579544
p 168 104 101.0702 -3.4154396
p 169 105 102.00538 -1.8021698
p 170 106 102.75176 -4.211483
p 171 107 103.423004 -2.2318382
p 172 108 104.45009 -5.0222473
p 173 109 107.642044 -1.008316
p 173 110 109.47042 -1.3521194
p 174 111 110.787254 -1.1833191

c 59 15.139706
p 155 181 66.85277 -5.7957764
p 156 182 64.77554 -7.1912956
p 157 183 63.493603 -5.3310814
p 158 184 62.3305 -3.6984596
p 159 185 60.66904 -1.3960285
p 158 186 59.713535 0.5092926
p 159 187 58.732006 -3.1962357
p 160 188 57.66279 -7.446024
p 159 189 56.479706 -7.9206734
p 158 190 55.710995 -5.8646965
p 157 191 54.73473 -0.13589096
p 158 192 54.068604 2.1514492
p 159 193 53.30139 0.007856369
p 158 194 52.850117 -0.1942482
p 159 195 52.296608 -0.25003624
p 158 196 51.713062 -0.5416126

c 60 8.838135
p 164 192 55.001354 -0.09704399
p 164 193 54.219604 -0.006723404
p 165 194 53.459953 0.13686562
p 165 195 52.770706 0.12130928
p 166 196 52.04019 0.020938873
p 165 197 51.31545 0.12012482
p 166 198 50.57771 -0.03012085
p 165 199 50.11117 0.14992142
p 164 200 49.610188 -0.01629448
p 165 201 48.867214 -0.19711685
p 164 202 48.55075 -0.06956482
p 164 203 48.192013 0.03459549
p 165 204 47.794983 0.12920189
p 166 205 47.53827 -0.021341324
p 167 206 47.29296 -0.04941559
p 166 207 47.183304 -0.033168793
p 167 208 47.00279 -0.01802063
p 166 209 46.895657 0.06315994
p 167 210 46.740517 0.052196503
p 167 211 46.70503 -0.05025673
p 166 212 46.645008 0.06622124
p 166 213 46.543285 -0.050462723
p 167 214 46.502785 -0.15924263
p 168 215 46.502785 -0.022567749
p 167 216 46.46081 0.006340027
p 168 217 46.427372 0.025838852
p 168 218 46.306892 0.03286743
p 169 219 46.284565 -0.11481476
p 170 219 46.253586 0.011442184
p 171 219 46.25049 -0.008831024
p 172 220 46.225166 -0.13285446
p 173 221 46.225166 0.08894539
p 174 222 46.208035 -0.09495735
p 174 223 46.208035 0.022123337
p 173 224 46.16322 -0.05032158
p 172 224 46.16322 0.020843506

c 61 57.168095
p 164 192 55.001354 1.4457321
p 165 191 56.10186 -0.86995506
p 166 190 56.765354 -5.4657345
p 167 189 57.538998 -7.54887
p 168 188 58.3743 -6.2960243
p 169 187 59.24205 -1.6036282
p 168 186 60.075836 4.8031197
p 169 185 60.902653 1.0389519
p 168 184 61.842556 -1.3799667
p 167 183 62.68057 -4.2003765
p 168 182 63.60644 3.196392
p 167 181 64.52196 -5.226181
p 166 180 65.38098 -5.072075
p 165 179 66.153046 -2.1411438
p 166 178 67.05427 3.1543922
p 165 177 67.96409 0.786335
p 166 176 68.837364 -2.883072
p 167 175 69.71509 -4.672695
p 166 174 70.660446 2.9809837
p 167 173 71.60773 -1.1122437
p 168 172 72.51532 -7.3285866
p 169 171 73.42937 -7.163933
p 170 170 74.38444 -6.261219
p 171 169 75.74141 -3.380188
p 170 168 76.70629 -4.9114723
p 169 167 77.58523 -7.1880875
p 168 166 78.4613 -7.0763855
p 167 165 79.48222 -5.5090523
p 166 164 80.498795 -2.8164291
p 167 163 81.57079 -4.7458878
p 168 162 82.573235 -3.8837357
p 167 161 83.63103 2.6945763
p 168 160 85.31111 -1.5468788
p 169 159 86.34849 -6.235504
p 170 158 87.52789 -7.5914383
p 171 157 88.52179 -6.192173
p 172 156 89.64651 -3.1613464
p 171 155 90.60816 -5.0788956
p 170 154 91.69825 -3.5089836
p 171 153 92.9697 4.1794624
p 170 152 94.50199 -4.0561523
p 169 151 95.31943 -5.9315567
p 168 150 96.518295 -1.8448181
p 169 149 97.582275 2.3534126
p 168 148 99.98153 0.34093094
p 168 147 102.693695 0.89707565
p 169 146 103.886505 0.006450653
p 168 145 105.300476 -2.9400291
p 167 144 106.712456 -0.8119736
p 166 143 107.92993 -1.4696388
p 167 142 108.976425 1.9626732
p 166 141 110.69573 1.9303856
p 167 140 112.16945 0.8261261

c 62 1.4882317
p 171 51 47.67669 0.057819366
p 172 50 47.53187 0.008583069
p 173 49 47.3558 -0.06330109
p 172 48 47.270294 -0.008649826
p 173 47 47.253643 0.09277916
p 174 46 47.062756 -0.07049942
p 174 45 46.94686 -0.01941681
p 174 44 46.87885 0.03873253
p 173 43 46.788864 -0.055078506
p 174 42 46.72631 -0.030160904
p 174 41 46.599876 -0.08455086
p 174 40 46.599876 -0.089847565
p 174 39 46.517517 -0.028083801
p 173 38 46.390854 -0.08129883
p 172 37 46.390854 -0.07398987
p 173 36 46.35356 -0.13492584
p 174 35 46.244175 -0.021497726
p 175 34 46.18984 -0.39386368
p 176 33 46.188457 0.08280754
p 175 33 46.188457 0.10694885

c 63 31.616959
p 171 83 78.80918 -1.6459045
p 172 82 77.76165 -3.506298
p 173 81 76.71027 -3.0402412
p 172 80 75.5829 -0.6046791
p 173 79 74.268524 -3.4478035
p 174 78 73.09659 -3.9989738
p 175 77 71.90249 -4.144371
p 176 76 70.664085 -3.4864311
p 177 75 69.20504 -1.5807037
p 178 74 66.98712 -4.412983
p 177 73 65.28585 1.2266121
p 178 72 63.963604 -2.5207253
p 179 71 62.680035 -4.371292
p 180 70 61.222008 -5.0622673
p 181 69 60.132446 -5.3377037
p 182 68 59.046593 -2.6412163
p 183 67 58.160408 -2.5166245
p 184 66 57.122116 -3.2945442
p 185 65 56.12268 -2.7676907
p 186 64 55.08589 -3.21356
p 187 63 54.144997 0.06833458
p 186 62 53.29767 3.0924454
p 187 61 52.509583 0.1910801
p 186 60 51.77167 -0.2092514
p 186 59 51.167492 0.054431915
p 185 58 50.825382 0.10140991
p 184 57 50.340927 0.090631485
p 183 56 49.74177 0.06733322
p 182 55 49.310574 0.11948013
p 181 54 48.93839 -0.096097946
p 180 53 48.60616 0.32261848
p 179 52 48.172253 -0.13900948
p 178 51 47.87465 -0.04900551
p 177 50 47.628506 0.033452988
p 176 49 47.446533 -0.005508423
p 175 48 47.30923 -0.034139633
p 175 47 47.192223 -0.18605614

c 64 23.436424
p 171 83 78.80918 -3.2034225
p 172 84 79.85285 3.782528
p 171 85 80.91152 0.86154175
p 172 86 81.978096 0.4835205
p 171 87 83.436386 1.671814
p 172 88 84.320015 -2.2607422
p 173 89 86.9576 -1.7528038
p 174 90 88.24733 -3.5984993
p 175 91 89.36144 -4.7344666
p 176 92 90.47402 -4.1955147
p 177 93 91.60076 -4.0839767
p 178 94 92.71319 -3.078598
p 179 95 93.79574 -3.0733871
p 180 96 94.94901 -0.67019653
p 179 97 96.33439 1.5334549
p 180 98 97.52679 -0.08080292
p 179 99 98.65375 -0.17127609
p 180 100 99.66723 -2.7358513
p 181 101 100.89023 -0.9050865
p 180 102 102.245605 -0.95786667

c 65 1.4969978
p 171 217 46.446625 -0.056568146
p 172 216 46.446625 -0.04380989
p 172 215 46.548653 -0.002708435
p 173 214 46.579296 0.024276733
p 174 213 46.60957 -0.1694622
p 175 212 46.77826 0.096868515
p 176 211 46.837414 -0.080596924
p 177 210 46.896523 0.012466431
p 177 209 46.948494 -0.022258759
p 176 208 46.948494 0.032539368
p 177 207 47.13914 -0.033750534
p 176 206 47.44641 0.020565033
p 175 205 47.56797 -0.044799805
p 176 204 47.722195 0.009561539
p 175 203 47.943623 -0.06807327

c 66 35.427002
p 175 173 81.38333 -0.023921967
p 176 174 80.117165 0.96043396
p 175 175 79.16726 1.4081688
p 176 176 78.19146 2.1838837
p 175 177 77.20745 1.9727058
p 176 178 76.436844 2.4958878
p 175 179 75.32938 1.491642
p 176 180 74.48635 1.0264282
p 177 181 73.6279 0.8569031
p 176 182 72.50645 1.1715698
p 177 183 71.338974 1.9663162
p 178 184 70.219505 -3.646824
p 177 185 69.05039 1.963562
p 178 186 68.401474 2.1632538
p 178 187 63.294132 -6.446316
p 179 188 58.82543 -10.050949
p 180 189 56.250137 -11.099346
p 181 190 54.90571 -4.388695
p 182 191 54.078808 0.6632862
p 183 192 52.951164 1.8552208
p 184 193 52.11881 5.4446316
p 185 194 51.371494 0.07243729
p 185 195 50.75786 -0.1158371
p 185 196 50.37274 -0.0014019012
p 184 197 50.10522 0.10141373
p 183 198 49.74702 -0.08174896
p 182 199 49.378654 -0.006586075
p 182 200 49.157112 0.01367569
p 183 201 48.71775 -0.06170845
p 184 202 48.3047 0.07820511
p 185 203 48.02635 -0.047245026
p 186 204 47.73413 0.0032844543
p 187 205 47.465237 0.05275917
p 188 206 47.22599 0.0827446
p 189 207 47.05019 -0.115839005
p 188 208 46.983685 0.0068569183
p 188 209 46.891525 -0.08900261
p 189 210 46.80093 -0.05880928
p 190 211 46.76789 -0.13061714
p 189 212 46.76789 0.038698196
p 190 213 46.58569 -0.25464058
p 191 214 46.476524 -0.03203392
p 191 215 46.451534 -0.016376495
p 191 216 46.422718 -0.121694565
p 192 217 46.36469 -0.03305626
p 191 218 46.36469 -0.12909508
p 191 219 46.321163 -0.123643875
p 191 220 46.250114 -0.115407944
p 191 221 46.250114 -0.15344429
p 192 222 46.175526 0.045167923
p 191 223 46.143894 -0.06369972
p 190 224 46.130863 0.054523468
p 189 225 46.080124 -0.049757004
p 188 225 46.080124 -0.037942886
p 187 226 46.063194 -0.08612633
p 187 227 46.063194 -0.05931282
p 186 228 45.95633 0.1298027
p 185 229 45.95633 -0.07914734

c 67 32.39177
p 175 173 81.38333 1.6999931
p 176 172 82.3259 0.510376
p 177 171 83.17283 -2.390564
p 178 170 84.07092 -2.2767944
p 179 169 85.23643 -1.7172165
p 180 168 86.186714 -1.3508072
p 181 167 87.30385 -1.6486969
p 182 166 88.21916 -2.158043
p 183 165 89.22752 -2.654705
p 184 164 90.21424 -2.0214539
p 185 163 91.20895 -1.9979897
p 186 162 92.38681 -1.9948578
p 187 161 93.36056 0.21439743
p 186 160 94.53077 1.3414993
p 187 159 95.61321 1.0110817
p 188 158 97.043465 -0.41186905
p 187 157 98.61115 0.25070953
p 187 156 99.35447 -1.0849037
p 186 155 100.41959 -0.06417847
p 187 154 101.91827 -1.0711327
p 188 153 102.78274 -0.791172
p 189 152 103.846725 -1.5776558
p 190 151 105.13248 -0.34531403
p 189 150 106.38107 0.9376106
p 190 149 107.3859 -0.032447815
p 190 148 108.089676 -0.41282272
p 189 147 108.79835 0.07701111
p 190 146 110.479 -0.58000565
p 190 145 111.52171 -0.9324341
p 189 144 112.60812 -0.83586884
p 188 143 113.7751 -0.33898926

c 68 68.339
p 181 42 46.593987 -0.03809738
p 181 43 46.673546 -0.076931
p 182 44 46.811363 -0.01540184
p 183 45 46.820354 -0.034313202
p 183 46 46.948067 -0.00881958
p 184 47 47.116783 0.14956856
p 183 48 47.17376 -0.03342247
p 184 49 47.420288 0.18512344
p 185 50 47.543888 -0.04573822
p 185 51 47.979824 0.109731674
p 184 52 48.183926 -0.11271095
p 185 53 48.636497 0.20623016
p 184 54 49.036064 -0.07537651
p 185 55 49.459057 -0.14748192
p 186 56 50.062218 -0.13634682
p 187 57 50.60204 0.04714966
p 188 58 51.053345 -0.25265884
p 189 59 51.516537 -0.31614494
p 190 60 52.243015 -0.09575653
p 191 61 52.97493 -0.08431625
p 192 61 53.748634 0.6135311
p 193 62 54.539032 0.8363075
p 194 63 55.3661 -0.791708
p 195 64 56.23494 -2.840128
p 196 65 57.076656 -6.038643
p 197 66 57.933704 -6.7685738
p 198 67 58.793644 -2.3713245
p 197 68 59.65714 2.3244247
p 198 69 60.526943 -2.260479
p 199 70 61.40435 -4.3425922
p 198 71 62.285763 -3.8738594
p 197 72 63.14911 -5.6239853
p 196 73 63.85288 -4.468792
p 195 74 65.06936 -7.258831
p 194 75 65.85234 -6.7799416
p 193 76 66.62743 -2.790123
p 194 77 67.74888 -5.945442
p 195 78 68.67925 -6.8881493
p 196 79 69.6387 -3.213356
p 195 80 70.61819 2.150364
p 196 81 71.57487 1.2023888
p 195 82 72.50874 -5.2320213
p 194 83 73.45379 -4.2338104
p 193 84 74.37849 -4.559635
p 194 85 75.26364 3.0481415
p 193 86 76.143394 -6.040512
p 192 87 77.09081 -5.1876564
p 193 88 78.05502 -6.6292267
p 194 89 79.01542 -2.3379326
p 193 90 79.96382 -3.6237564
p 192 91 80.91656 -9.48872
p 191 92 81.88537 -7.65123
p 190 93 82.88022 -3.5657806
p 191 94 83.92893 -7.431473
p 192 95 84.94349 -9.407661
p 193 96 85.8918 -9.265049
p 194 97 86.88031 -1.3058739
p 193 98 87.95201 -8.9066925
p 192 99 89.08508 -10.0853
p 191 100 90.163734 -4.598137
p 192 101 91.313675 -7.264366
p 193 102 92.43471 -4.191387
p 192 103 93.58152 1.628788
p 193 104 94.7692 -0.6448059
p 192 105 95.87046 0.78990555
p 193 106 96.95557 -7.4590073
p 194 107 98.21896 -9.348705
p 195 108 99.565155 -3.6346283
p 194 109 101.065605 -9.751389
p 193 110 102.63136 -9.682053
p 192 111 104.16739 -8.562332
p 191 112 105.8782 -3.8243446
p 192 113 108.451065 3.2200356
p 191 114 111.45149 -4.4185104
p 190 115 114.93298 -0.2320404

c 69 31.104729
p 185 198 49.81894 -0.014465332
p 186 197 50.213253 0.0015678406
p 187 196 50.552837 -0.04996109
p 188 195 50.813293 -0.5108795
p 189 194 51.070442 -0.06320572
p 189 193 51.215427 4.6772213
p 190 192 51.35775 -2.2372684
p 191 193 52.16859 4.872875
p 192 193 52.926178 5.348173
p 193 192 53.6575 1.3575516
p 194 191 54.39288 -0.3056736
p 195 190 55.39203 -3.3478165
p 194 189 56.360157 -3.7514153
p 195 188 57.634903 -1.1183395
p 194 187 58.418896 -8.867958
p 193 186 59.345837 -6.5599937
p 192 185 60.399105 -5.036909
p 193 184 61.617676 0.17755508
p 192 183 62.827396 -10.3520355
p 191 182 63.956524 -11.771801
p 190 181 65.16773 -5.496956
p 191 180 66.48539 -11.180862
p 192 179 67.76907 -12.042511
p 193 178 69.03829 -10.575428
p 194 177 70.57832 -5.5726204
p 193 176 72.622505 -9.0343895
p 192 175 74.57227 -4.7264824
p 193 174 78.51694 4.820347
p 192 173 80.92367 -0.25872803

c 70 24.607563
p 200 174 70.699265 -5.363556
p 201 175 69.6475 -8.826351
p 202 176 68.68896 -5.141712
p 203 177 67.65689 -3.227127
p 202 178 66.74469 1.168354
p 203 179 65.824295 1.8922653
p 202 180 64.892784 0.16622162
p 203 181 64.032936 -5.278839
p 204 182 63.163963 -5.4238014
p 205 183 62.180264 -5.0273895
p 204 184 61.02215 -4.7095413
p 203 185 60.11922 -1.7469845
p 204 186 59.171722 4.9035454
p 203 187 58.357742 -0.15850067
p 204 188 57.46495 -4.2775803
p 205 189 56.634167 -7.4345665
p 204 190 55.80067 -3.1727257
p 203 191 55.011738 0.030824661
p 204 192 54.223686 3.9304848
p 205 193 53.469124 5.626274
p 206 194 52.6862 0.021533966
p 205 195 51.935028 -0.6630726
p 206 196 51.191914 0.018585205
p 205 197 50.644974 -0.004930496
p 204 198 50.08328 -0.023618698
p 205 199 49.601746 0.15333939
p 204 200 49.098846 0.10718346
p 203 201 48.638615 -0.052352905
p 203 202 48.244087 -0.031713486
p 202 203 47.915276 -0.013818741
p 202 204 47.707863 -0.039678574
p 202 205 47.48665 -0.12351036
p 202 206 47.291397 -0.009307861
p 202 207 47.196598 0.028776169
p 202 208 47.06306 -0.0072288513
p 202 209 46.919594 -0.058563232
p 202 210 46.8781 0.15402794
p 201 211 46.67631 -0.0740757
p 202 212 46.667988 -0.15171051
p 202 213 46.618073 -0.11505699
p 202 214 46.5182 -0.122486115
p 202 215 46.49283 -0.024515152
p 202 216 46.438103 -0.093761444
p 201 217 46.402935 0.101018906
p 202 218 46.25052 -0.05659485
p 202 219 46.23752 -0.08319855
p 201 220 46.23068 -0.2165947
p 201 221 46.20079 -0.091199875
p 202 222 46.16034 0.04193306
p 201 223 46.0917 0.025222778
p 202 224 46.0917 -0.23666763

c 71 44.389465
p 200 174 70.699265 -4.733223
p 201 173 71.84044 -9.847919
p 202 172 73.16329 -8.5119095
p 203 171 74.38349 -4.991131
p 202 170 75.5307 1.9408646
p 203 169 76.57132 -8.379917
p 204 168 78.03682 -4.762615
p 203 167 79.49564 6.3309555
p 204 166 85.14595 1.0585403
p 204 165 85.75784 -0.061336517
p 205 164 86.321465 -0.2969284
p 204 163 87.35692 -0.78531265
p 205 162 88.77418 3.5226479
p 204 161 90.28339 -3.8813095
p 203 160 90.935974 -3.2461472
p 202 159 92.84779 -0.94091034
p 203 158 94.19735 -3.4442787
p 204 157 95.63631 -3.6652565
p 205 156 96.93006 -3.074131
p 206 155 98.31757 -1.9620323
p 205 154 99.485 -2.7567024
p 204 153 101.07348 -2.677681
p 203 152 102.14827 -1.7151184
p 204 151 103.633766 0.18538666
p 203 150 105.321106 0.64533997
p 203 149 106.95798 0.4554062
p 202 148 108.21072 0.4283371
p 203 147 109.12478 -0.4780922
p 204 146 110.068245 -0.26277542
p 205 145 111.12894 0.1898346
p 204 144 111.90239 -0.51210785
p 203 143 112.841995 -0.86987686
p 204 142 113.96853 -1.118206
p 205 141 115.08873 -0.9275322

c 72 4.205494
p 202 38 46.403217 -0.18445015
p 202 39 46.422417 -0.044921875
p 202 40 46.5127 -0.011436462
p 203 41 46.5127 -0.10974121
p 204 42 46.54535 0.0015411377
p 203 43 46.616447 -0.008859634
p 202 44 46.647774 -0.079862595
p 202 45 46.762802 -0.19894409
p 203 46 46.961693 0.021503448
p 202 47 47.020977 -0.05437851
p 203 48 47.201145 -0.06245613
p 203 49 47.42425 -0.036857605
p 203 50 47.739475 0.040245056
p 204 51 48.014496 0.06468201
p 203 52 48.29846 -0.03269577
p 204 53 48.794838 0.09491348
p 205 54 49.079227 0.0348835
p 206 55 49.732193 7.915497E-4
p 207 56 50.206825 -0.08085251
p 208 56 50.378273 -0.044509888
p 209 55 49.810085 -0.11380005
p 209 54 49.233566 -0.075834274
p 210 53 48.80138 -0.112054825
p 211 52 48.292324 -0.29369354
p 212 51 47.912285 -0.10301018
p 212 50 47.516605 -0.19770241
p 211 49 47.409767 0.22076607
p 212 48 47.161713 0.010467529
p 213 47 46.982433 -0.049808502
p 212 46 46.90805 0.043060303
p 211 45 46.701096 -0.19677353
p 210 45 46.69841 -0.19825554
p 209 44 46.69841 0.019569397
p 208 43 46.58275 -0.11828804
p 209 42 46.5418 -0.04473877
p 210 41 46.520195 -0.004968643
p 211 40 46.472477 -0.06729317
p 210 39 46.422165 -0.1512146
p 210 38 46.309658 -0.15070343
p 209 37 46.25193 -0.012382507
p 210 36 46.22806 0.038564682
p 209 35 46.17278 -0.1146183
p 208 34 46.17278 0.030117035

c 73 58.995922
p 207 108 110.01703 0.3129654
p 208 107 108.89522 -0.102321625
p 208 106 108.30871 -0.14184189
p 208 105 107.11785 0.16457367
p 209 104 105.240234 0.018375397
p 210 103 103.87627 -1.3079643
p 211 102 102.251076 -1.1181984
p 212 101 100.82706 -0.4791565
p 211 100 99.652214 -0.99840546
p 212 99 98.130844 -1.8570938
p 213 99 97.39899 -3.8290405
p 214 98 90.583275 -13.616051
p 215 97 87.71302 -4.2493095
p 216 96 86.58966 -4.1693115
p 215 95 85.535095 -1.4593887
p 216 94 84.68084 -7.7592316
p 217 93 83.497025 -7.7801285
p 218 92 82.66144 -4.0277557
p 217 91 81.35583 -2.1905174
p 218 90 80.35222 -6.932747
p 219 89 79.44473 -4.4556694
p 218 88 78.359024 -5.848053
p 217 87 77.416145 -3.9862747
p 218 86 76.50031 1.3181076
p 217 85 75.628296 3.100315
p 218 84 74.76589 -1.1055756
p 217 83 73.712234 1.4163666
p 218 82 72.55125 -7.5741806
p 219 81 71.586426 -8.760166
p 220 80 70.63472 -2.8542366
p 221 79 69.74241 -4.9681587
p 220 78 68.88643 -5.788288
p 219 77 67.93932 -6.7276764
p 218 76 67.12826 -6.3991585
p 217 75 66.254074 -5.0959396
p 216 74 65.192986 -3.013958
p 217 73 64.35505 4.0531387
p 216 72 63.482903 -0.57823944
p 217 71 62.63654 2.2627144
p 216 70 61.80407 -4.2597427
p 215 69 60.977627 -3.931919
p 214 68 60.142143 -0.81972504
p 215 67 59.242615 -4.0831757
p 216 66 58.333443 -5.3337097
p 217 65 57.42071 -2.884859
p 216 64 56.54529 0.85635567
p 215 63 55.687843 1.5902538
p 214 62 54.841175 5.676695
p 213 61 54.01328 0.056051254
p 212 60 53.199913 0.20885086
p 211 59 52.389336 0.23344803
p 210 58 51.630226 0.035726547
p 209 57 51.021107 0.16160965

c 74 24.033714
p 209 83 85.047844 0.594738
p 210 82 83.18694 -2.4571266
p 211 81 81.96025 -1.5306892
p 210 80 80.25495 0.96725845
p 211 79 78.118805 -0.50785446
p 210 78 76.38581 1.2829361
p 211 77 74.57294 0.10377121
p 210 76 72.74064 0.21902466
p 211 75 68.80329 -8.641022
p 212 74 66.99939 -5.424015
p 211 73 65.69643 1.6272964
p 212 72 64.496025 -3.3289032
p 211 71 63.318584 2.5617065
p 212 70 62.1236 -8.937473
p 213 69 61.01413 -6.2416954

c 75 23.553947
p 213 176 69.68008 -4.0594826
p 214 177 68.79186 3.339939
p 213 178 67.92938 3.9640923
p 214 179 67.18533 0.22024918
p 213 180 66.09427 1.5777512
p 214 181 65.16192 -5.9625893
p 215 182 64.33784 -6.0878906
p 216 183 63.499844 -2.5723572
p 217 184 62.380676 -2.4579735
p 216 185 61.275 1.5680351
p 217 186 60.37596 0.20129395
p 216 187 59.53137 0.59558487
p 217 188 58.6137 -5.6861496
p 218 189 57.609455 -7.231434
p 219 190 56.681282 -3.2226944
p 218 191 55.791264 7.269348
p 219 192 54.952385 4.2474136
p 220 193 54.1675 5.326105
p 221 194 53.39609 0.289196
p 222 195 52.63102 0.24396706
p 223 196 51.88829 0.27095604
p 224 197 51.152397 0.18130112
p 225 198 50.50046 0.0020694733
p 226 199 50.051556 -0.015413284
p 226 200 49.342003 -0.07178497
p 226 201 48.889397 0.1656456
p 225 202 48.339676 0.029096603
p 224 203 48.15454 -0.06666565
p 224 204 47.816887 -0.110731125
p 224 205 47.48428 -0.04365921
p 223 206 47.21475 0.071558
p 224 207 47.145172 -0.075977325
p 224 208 47.07803 -0.06461334
p 223 209 46.763447 -0.24638176
p 222 210 46.756935 -0.018512726
p 221 211 46.70278 -0.060770035
p 220 212 46.63774 -0.0043315887
p 220 213 46.6263 0.0195961
p 221 214 46.53461 0.06821251
p 222 215 46.415215 -0.09924507
p 222 216 46.412983 -0.16649437
p 223 217 46.39641 0.015644073
p 223 218 46.38726 -0.24232292
p 223 219 46.266884 -0.21982193
p 222 220 46.266884 -0.044548035
p 223 221 46.204365 -0.050237656
p 222 222 46.204365 0.08581543
p 223 223 46.141155 -0.1022625
p 224 224 46.141155 0.04583168
p 223 225 46.12613 -0.10925293
p 222 226 46.12613 -0.0417881

c 76 42.223663
p 213 176 69.68008 0.856781
p 214 175 70.616425 -6.223343
p 215 174 71.62704 -6.9034805
p 216 173 72.84876 -9.168911
p 217 172 73.87852 -8.656658
p 218 171 74.795395 -8.350082
p 219 170 75.717155 -8.290859
p 220 169 76.68972 -4.2906265
p 219 168 77.706055 -5.6202736
p 218 167 78.97377 -3.672783
p 219 166 79.94181 0.3339653
p 218 165 80.91703 -0.36789322
p 219 164 82.132126 -6.440262
p 220 163 83.1613 -6.573742
p 221 162 84.81307 -2.3866768
p 220 161 85.58774 0.7907982
p 221 160 86.50253 -0.22142029
p 220 159 87.484795 1.003624
p 221 158 88.88709 -0.28798676
p 220 157 89.91453 -8.174805
p 219 156 90.74295 -3.730568
p 220 155 91.75196 -3.698948
p 221 154 92.947014 -9.684826
p 222 153 93.88313 -4.1252747
p 221 152 94.96653 0.16887665
p 222 151 96.17507 -0.035526276
p 221 150 97.434425 0.7208786
p 222 149 98.81525 -6.581112
p 223 148 99.85738 -6.5780983
p 224 147 100.9527 -3.7319908
p 225 146 102.50655 -8.058743
p 226 145 104.4507 -7.0184593
p 227 144 107.43003 -1.4885559
p 226 143 109.73102 -2.921936
p 225 142 111.90374 -1.8450317

c 77 23.255882
p 216 98 88.887825 -6.2717857
p 217 99 90.094826 -4.8838615
p 216 100 91.776375 -3.4650269
p 217 101 93.59652 0.81666565
p 216 102 95.86893 2.7511635
p 217 103 99.11128 -5.153061
p 218 104 100.74852 -3.9153595
p 217 105 104.37196 0.90620804
p 217 106 106.61364 0.91641235
p 218 107 107.43777 -0.13224411
p 217 108 108.27624 -0.1982956
p 216 109 109.84473 0.6828766
p 217 110 110.6828 -0.5037956
p 218 111 112.14371 -0.34988022

c 78 17.530342
p 223 182 63.778004 -4.5973854
p 224 183 62.619904 1.4039383
p 223 184 61.639557 4.4549255
p 224 185 60.649944 1.0003777
p 223 186 59.623203 1.6632271
p 224 187 58.46342 -8.754295
p 225 188 57.634644 -17.524136
p 226 189 56.703224 -12.25251
p 227 190 55.81381 -1.3778629
p 226 191 54.948948 0.17267609
p 225 192 54.077175 0.079013824
p 226 193 53.300545 0.37274742
p 227 194 52.603214 -0.66207886
p 228 195 51.96699 -0.08847427
p 227 196 51.318295 0.14190292
p 228 197 50.669254 -0.07431412
p 228 198 50.042923 -0.19754219
p 229 199 49.765114 0.16852379
p 230 200 49.328075 0.145401
p 231 201 48.91842 -0.068704605
p 231 202 48.417778 -0.14760208
p 231 203 48.063377 -0.042812347
p 231 204 47.77895 -0.07352066
p 232 205 47.552223 -0.07577515
p 232 206 47.247913 -0.15406227
p 233 207 47.13321 -0.123851776
p 233 208 47.078075 -0.16210365
p 233 209 46.997837 0.03239441
p 232 210 46.839638 -0.17672348
p 232 211 46.767197 -0.046211243
p 233 212 46.676216 -0.12342453
p 234 213 46.622295 -0.014770508
p 234 214 46.545788 -0.1234951
p 233 215 46.49966 0.19213104
p 232 216 46.38422 -0.051956177
p 232 217 46.354424 -0.023200989
p 231 218 46.258934 0.04160118
p 231 219 46.24766 0.016052246
p 230 218 46.24766 -0.23902512

c 79 5.7754555
p 225 61 51.962265 0.15766716
p 226 60 51.57487 0.07291031
p 227 59 51.207657 0.15208054
p 228 58 50.614944 0.045963287
p 229 57 50.199276 0.11719513
p 230 56 49.77858 0.03476715
p 231 55 49.316116 0.1330986
p 232 54 48.79161 -0.03895378
p 232 53 48.466934 0.0052051544
p 233 52 48.101185 -0.01366806
p 232 51 47.842968 0.046470642
p 233 50 47.63581 0.016242981
p 233 49 47.46623 -0.09066582
p 233 48 47.27981 -0.033771515
p 232 47 47.00727 0.04989624
p 232 46 46.866657 0.0048618317
p 232 45 46.85964 0.021568298
p 233 44 46.811375 -0.17710876
p 234 43 46.70932 -0.0188694
p 233 42 46.43435 0.02289772
p 233 41 46.422688 -0.16072083
p 233 40 46.386772 -0.101688385
p 234 39 46.334602 -0.32198524
p 235 38 46.27315 -0.070734024
p 236 37 46.211784 -0.06252861
p 236 36 46.18681 -0.09484291
p 237 35 46.18681 0.05447197

c 80 24.753601
p 233 83 73.21356 -4.5617905
p 234 82 72.26626 -7.067032
p 235 81 70.88542 -6.2548943
p 236 80 69.6075 -6.0140724
p 235 79 68.51212 -7.6282616
p 234 78 67.54279 -5.2213745
p 235 77 66.57457 -7.3115463
p 236 76 65.64345 -5.752598
p 237 75 64.64765 -4.85236
p 236 74 63.418457 -6.1064606
p 235 73 62.63804 -6.0348854
p 236 72 61.8152 -7.017521
p 237 71 60.937195 -7.088295
p 238 70 59.972107 -5.750866
p 237 69 58.95254 -6.8683243
p 236 68 58.155643 -4.945778
p 235 67 57.20976 -7.489313
p 236 66 56.386967 -6.1035995
p 237 65 55.535442 -4.8814144
p 236 64 54.713634 1.3187466
p 236 63 53.75444 2.6969337
p 235 62 53.164062 0.44431686
p 236 61 52.535915 -0.364151
p 237 60 51.795937 0.0024642944
p 237 59 51.20093 -0.083379745
p 237 58 50.605076 -0.090940475
p 236 57 50.16087 0.21099281
p 235 56 49.63969 -0.04874611
p 235 55 49.241306 -0.14293861
p 235 54 48.806534 -0.12558174
p 234 53 48.45996 -0.10075188

c 81 39.707947
p 233 83 73.21356 -3.7871475
p 234 84 76.45251 2.137848
p 234 85 80.21416 -0.30770874
p 235 86 81.44207 -0.24638748
p 236 87 82.28667 2.2543335
p 237 88 83.01188 0.84540176
p 236 89 83.8554 2.2419624
p 237 90 84.810616 1.7105408
p 238 91 85.74397 -4.823494
p 237 92 86.609566 -3.1750412
p 236 93 87.58734 -4.8591537
p 237 94 88.25744 -2.4994812
p 238 95 89.236275 -2.5527
p 237 96 90.01648 4.001999
p 238 97 91.20372 -7.62035
p 239 98 92.60259 -3.8163834
p 238 99 93.89046 0.39203644
p 239 100 95.35697 -5.920021
p 240 101 96.59816 -6.816101
p 241 102 97.83729 -3.730629
p 240 103 99.015305 -5.7625656
p 239 104 100.21458 -5.201092
p 238 105 101.52177 -5.474491
p 237 106 102.48598 -3.074028
p 238 107 104.00281 2.6810532
p 237 108 105.296005 -4.0017166
p 236 109 106.6506 -4.2294464
p 235 110 108.12314 -0.7158928
p 236 111 109.80995 -2.697651
p 237 112 111.38909 -2.1629143
p 238 113 112.92151 -1.8598709

c 82 1.7606277
p 235 39 46.306267 -0.20728302
p 236 40 46.3785 -0.064920425
p 237 41 46.522087 0.026115417
p 238 42 46.57279 -0.19411469
p 239 43 46.64185 -0.005821228
p 239 44 46.72482 -0.052186966
p 238 45 46.840088 -4.310608E-4
p 238 46 46.896458 -0.042549133
p 239 47 46.98433 -0.22793198
p 240 48 47.15335 -0.032756805
p 240 49 47.259567 0.012256622
p 240 50 47.59184 -0.17908287
p 240 51 47.74623 -0.22094727
p 241 52 48.066895 0.09771538

c 83 56.798252
p 236 154 103.05795 -0.9864845
p 237 155 102.003815 -1.0496902
p 238 156 100.730675 -0.6321411
p 237 157 99.016556 -0.18974686
p 238 158 96.835846 -3.177414
p 239 159 95.50825 -3.9750671
p 240 160 93.5258 -4.1190186
p 241 161 91.800354 -5.195259
p 242 162 89.8717 -6.1418533
p 243 163 87.88785 -7.215725
p 244 164 86.04741 -8.129959
p 245 165 84.24891 -9.596523
p 246 166 82.83703 -6.084919
p 247 165 81.72295 6.7102776
p 248 166 80.42243 -7.760334
p 249 167 79.4973 -4.9897003
p 250 168 78.39288 -4.1258507
p 249 169 77.34874 0.473835
p 250 170 76.47693 -0.3133583
p 249 171 75.51937 -4.4634056
p 248 172 74.352974 -5.604862
p 249 173 73.0266 -6.229992
p 250 174 72.17784 -4.47353
p 249 175 70.99396 -5.87249
p 248 176 70.003975 -3.6953583
p 249 177 69.00632 3.2417755
p 248 178 67.98583 -0.33495712
p 249 179 66.96931 -5.2071877
p 250 180 65.94679 -2.378273
p 249 181 64.9597 -3.513279
p 250 182 64.06798 -7.6373024
p 251 183 63.265602 -4.788616
p 250 184 62.142918 -3.7826424
p 249 185 61.273 4.095352
p 250 186 60.384956 -0.48522186
p 249 187 59.450947 0.07356262
p 250 188 58.55287 -6.5813446
p 251 189 57.654438 -5.8457375
p 252 190 56.673435 -2.7501125
p 251 191 55.726498 -0.4644661
p 250 192 54.847645 1.3914204
p 249 193 53.964542 0.02446556
p 248 192 53.084267 -1.2610645
p 247 193 52.17663 3.7465115
p 246 194 51.549004 -0.37040138
p 245 195 51.018333 -0.4170742
p 244 196 50.596596 -0.418705
p 243 197 50.197422 0.13366508
p 243 198 49.809 -0.2562294
p 242 199 49.560925 -0.0286026
p 241 200 49.05617 -0.07528305
p 241 201 48.645733 -4.1389465E-4
p 240 202 48.322666 0.04049301
p 241 203 47.938515 -0.055246353
p 241 204 47.68181 0.024272919
p 240 205 47.47075 0.046230316
p 239 206 47.21484 -0.04811287
p 239 207 47.08731 -0.034017563
p 239 208 47.05719 -0.14508629
p 240 209 46.95459 -0.1948471
p 241 210 46.87416 0.020353317
p 240 211 46.77151 -0.054367065
p 239 212 46.692684 0.031591415
p 240 213 46.56552 -0.06278229
p 240 214 46.56552 -0.1013546
p 240 215 46.52987 0.050193787
p 239 216 46.372482 -0.1467514
p 240 216 46.372482 -0.22867584
p 241 217 46.389595 0.02276802
p 240 218 46.327106 -0.035289764
p 240 219 46.29225 -0.023950577
p 241 220 46.2597 0.022996902
p 242 220 46.2597 -0.01776886

c 84 18.448795
p 239 173 82.21029 1.0745087
p 240 174 81.0735 -2.745201
p 241 175 80.010666 -0.7284889
p 240 176 78.95718 -0.7172127
p 241 177 77.944756 -0.3268242
p 242 178 76.9547 -0.037158966
p 243 179 75.55366 -0.859745
p 244 180 74.22833 -3.3048172
p 245 181 72.800995 -1.9694824
p 244 182 71.56202 1.7513924
p 245 183 70.498436 -1.4014854
p 246 184 68.623634 -3.787529
p 247 185 66.63469 -3.9478073
p 248 186 63.761494 -1.571024

c 85 67.83938
p 245 35 46.221474 -0.135643
p 246 36 46.221474 -0.060760498
p 247 36 46.221474 -0.08644104
p 248 37 46.363506 -0.058689117
p 249 38 46.363506 0.022073746
p 249 39 46.408516 -0.028697968
p 249 40 46.427128 -0.036132812
p 248 41 46.50532 -0.015275955
p 247 42 46.561836 0.05896759
p 247 43 46.68988 -0.09559059
p 247 44 46.68988 -0.0070667267
p 247 45 46.851307 0.10708046
p 248 46 46.9853 -0.15957451
p 249 47 47.13265 0.08345604
p 248 48 47.237 0.009250641
p 249 49 47.43392 0.022109985
p 250 50 47.639297 -0.17318726
p 251 51 47.790005 0.05301094
p 251 52 48.044632 0.008558273
p 250 53 48.41993 0.07868576
p 249 54 48.821785 0.0022144318
p 249 55 49.354122 0.093250275
p 250 56 49.96121 0.099580765
p 251 57 50.457596 0.07145119
p 250 58 51.141018 -0.11123276
p 249 59 51.869038 -0.4899826
p 250 60 52.514805 -0.02631569
p 249 61 53.275845 0.22388268
p 250 62 54.05634 5.9164944
p 251 63 54.867287 2.5742378
p 252 64 55.70786 -0.21009254
p 251 65 56.579876 0.178936
p 252 66 57.5196 -3.9536247
p 253 67 58.506073 -5.2799263
p 254 68 59.36865 -1.9768791
p 255 69 60.22035 -0.010875702
p 254 70 61.10347 -6.6893463
p 255 71 61.9709 9.637253
p 254 72 62.8498 -7.811554
p 255 73 63.706993 12.124039
p 254 74 64.52368 -5.6118927
p 253 75 65.343895 -5.5047913
p 254 76 66.11372 -6.980072
p 255 77 67.08781 0.20425415
p 254 78 68.07167 -7.5109177
p 253 79 69.11199 -5.625229
p 254 80 70.15532 15.766678
p 253 81 71.35944 -9.484016
p 252 82 72.1742 -9.11208
p 251 83 73.24325 -4.87677
p 252 84 74.22238 2.5197792
p 251 85 75.43713 -9.263508
p 250 86 76.63285 -10.286316
p 249 87 77.900475 -3.724392
p 250 88 79.30027 -5.139591
p 251 89 80.895615 -7.8014603
p 252 90 82.63594 -3.631157
p 251 91 84.15433 1.411438
p 252 92 86.131996 1.8988686
p 251 93 88.524 1.7361908
p 252 94 90.24302 2.934864
p 251 95 91.845924 -1.9494438
p 250 96 94.61065 -0.9532051
p 250 97 96.88842 -0.7420349
p 250 98 97.35763 -1.2883339
p 249 99 98.339226 -1.6203079
p 248 100 99.38873 -1.65662
p 247 101 100.57989 -1.6453018
p 246 102 102.12033 -0.62044144
p 247 103 103.522545 0.6366081
p 246 104 104.78569 0.9571152
p 247 105 105.85898 0.27632523
p 246 106 106.89303 0.64411545
p 247 107 107.94386 -0.12792587
p 246 108 109.69192 0.7861557
p 247 109 110.53841 -0.44330978
p 248 110 111.3534 -0.93572617
p 249 111 112.17859 -1.1058846
p 250 112 113.05362 -0.6405754
p 249 113 114.06085 -0.5681381

c 86 24.356255
p 247 147 108.46722 0.0097846985
p 248 148 107.43029 -0.04296112
p 249 149 105.79263 0.8237915
p 249 150 105.37714 1.1394196
p 250 151 104.21911 0.1543045
p 249 152 103.52728 0.7164726
p 250 153 102.61072 1.0422287
p 250 154 101.78826 0.69076157
p 250 155 99.33029 -1.9880371
p 249 156 97.14193 -1.066246
p 248 157 94.6563 -2.0301132
p 247 158 93.27922 -1.7123375
p 248 159 92.35984 -2.1117516
p 247 160 91.50963 0.9091072
p 248 161 90.5783 -1.7202377
p 249 162 89.92777 0.74279404
p 248 163 88.41587 -0.5125122
p 248 164 84.11096 -0.86709976

avg 26.736048
end