//fileLoc: inputData/gradient13.png
//fluxMulti: 3.0 channelCutOff: 10
//wk_fmin: 0.0 wk_fmax: 0.5
//total_mass_shift: 176.0
//colorstage1: 2 colorstage2: 3
# 88
avgCurve 0.70665115

c 0 9.543797
p 0 66 58.004044 16.521286
p 1 65 57.382153 4.8400307
p 2 64 56.57201 -0.107421875
p 3 63 55.15767 1.1680965
p 4 63 54.658417 3.7563877
p 5 62 54.60926 0.2283535
p 5 61 54.595993 -0.16064644
p 6 60 54.40743 -0.0017681122
p 5 59 53.92254 -0.13210678
p 5 58 53.363968 0.045713425
p 5 57 52.942673 -0.03617668
p 5 56 52.481426 0.0023212433
p 4 55 51.970036 -0.055009842
p 5 54 51.634335 -0.039711
p 6 53 51.219036 -0.29740334
p 5 52 50.8731 0.057130814
p 4 51 50.56401 0.0062561035
p 5 50 50.333656 0.16199684
p 6 49 50.130165 0.02878189
p 6 48 50.017414 0.085323334
p 5 47 49.834587 -0.0244236
p 6 46 49.666245 -0.026285172
p 6 45 49.631916 -0.038492203
p 7 44 49.585533 -0.011007309
p 7 43 49.475674 -0.02864647
p 8 42 49.31934 -0.1673317
p 9 41 49.266666 -0.030288696
p 9 40 49.188816 -0.019029617
p 10 39 49.09104 0.062236786
p 11 38 49.029625 0.011510849
p 11 37 48.98331 -0.20127869
p 12 36 48.98331 0.019176483
p 11 35 48.887024 -0.07976341
p 11 34 48.87059 -0.029319763
p 10 33 48.80821 -0.027545929
p 10 32 48.80821 0.115852356
p 11 31 48.717327 8.9645386E-5
p 12 30 48.69876 -0.09863281
p 12 29 48.69066 -0.11252785
p 12 28 48.661705 -0.096580505
p 11 27 48.661705 0.054777145
p 10 26 48.57736 -0.04536438
p 9 25 48.56723 -0.024593353
p 8 24 48.525387 -0.039468765
p 9 23 48.4771 0.012620926
p 9 22 48.46432 -0.046829224
p 8 21 48.460247 -0.08190155
p 8 20 48.460247 -0.23832703

c 1 15.393799
p 0 66 58.004044 -0.1882515
p 1 67 58.632915 -8.440128
p 0 68 59.27049 10.6656685
p 1 69 59.92265 -6.863598
p 2 70 60.60457 -4.819233
p 3 71 61.3015 -4.0095024
p 4 72 62.106117 -5.5439873
p 3 73 62.758614 9.301247
p 4 74 63.355904 -0.51595306
p 3 75 64.24141 6.650688
p 4 76 64.87137 3.2264519
p 3 77 65.51963 2.1094666
p 4 78 66.24059 -6.7789
p 5 79 66.972404 -5.338516
p 6 80 67.78144 -13.896889
p 7 81 68.64454 -13.129734
p 8 82 69.5121 -6.8611603
p 7 83 70.41968 5.229809
p 8 84 71.44185 0.7502556
p 7 85 72.4446 -10.399551
p 6 86 73.39784 -12.579285

c 2 0.77726746
p 0 212 49.30962 -0.045330048
p 0 213 49.261524 0.012699127
p 1 214 49.233097 0.14030457
p 2 215 49.141357 -0.07075119
p 3 216 49.097958 -0.14705086
p 2 217 49.021767 -0.01861
p 3 218 48.975468 0.052444458
p 2 219 48.92864 -0.030353546
p 1 220 48.900524 0.005645752
p 0 221 48.861607 -0.1706047
p 0 222 48.861607 -0.14100266
p 1 223 48.789505 -0.04831314
p 2 224 48.721085 -0.14648438
p 3 224 48.71738 -0.13002014
p 4 224 48.691948 -0.115623474
p 5 225 48.684837 -0.18452072
p 6 226 48.624966 -0.015670776
p 7 226 48.58007 -0.06516647
p 8 227 48.564564 -0.022033691
p 9 228 48.532352 -0.07992935
p 8 229 48.532352 -0.022693634

c 3 14.333786
p 3 180 62.75979 -7.6289062
p 4 181 62.22261 -5.706917
p 5 182 61.444794 -15.905697
p 4 183 60.56117 -9.418812
p 3 184 59.886463 -5.475483
p 4 185 59.251633 -3.7574692
p 5 186 58.6506 -5.2473145
p 6 187 58.075573 -1.6324711
p 7 188 57.478783 -5.817644
p 6 189 56.896606 6.1667633
p 7 190 56.283478 5.416376
p 6 191 55.640926 5.725294
p 7 192 55.05405 5.602707
p 8 193 54.48925 1.6525726
p 9 194 54.033276 0.06495094
p 8 195 53.58294 -0.20841217
p 9 196 53.1587 0.030191422
p 8 197 52.795635 -0.18477058
p 7 198 52.370083 0.00938797
p 8 199 51.971043 0.025569916
p 7 200 51.655346 0.009346008
p 7 201 51.17936 -0.17490578
p 8 202 51.006283 -0.049922943
p 8 203 50.891003 -0.14968681
p 8 204 50.48752 0.012294769
p 8 205 50.36529 0.081466675
p 7 206 50.10551 -0.08197594
p 8 207 49.96823 -0.13409233
p 9 208 49.85665 0.036197662
p 10 209 49.747482 -0.103717804
p 11 210 49.574104 -0.12359619
p 12 211 49.44492 -0.032346725
p 11 212 49.3804 -0.0073566437
p 11 213 49.317184 -0.048391342
p 11 214 49.274616 0.0066165924
p 11 215 49.21362 -0.20945358
p 11 216 49.21362 -0.038471222
p 12 217 49.16441 -0.018669128
p 13 217 49.10734 -0.005012512
p 14 218 49.058247 0.001832962
p 15 219 48.989708 -0.0345726
p 16 220 48.958023 0.0120716095
p 16 221 48.895252 -0.027008057
p 16 222 48.821903 -0.046001434
p 16 223 48.813335 -0.04196167
p 15 224 48.751987 0.04241371
p 15 225 48.74076 0.05635643
p 14 226 48.659542 0.0055770874
p 14 227 48.659542 0.15802193
p 13 228 48.60771 -0.14656067
p 12 228 48.60771 -0.05669403
p 11 229 48.567524 0.053670883
p 10 230 48.535656 -0.047985077
p 9 231 48.535656 -0.060735703
p 8 232 48.4892 -0.008176804
p 7 232 48.4892 -0.018535614
p 6 233 48.486767 0.052476883
p 6 234 48.452316 -0.08885193
p 5 235 48.426003 0.013763428
p 4 235 48.426003 -0.0014381409

c 4 58.488026
p 5 108 108.59141 -0.046463013
p 6 107 108.372955 0.07177353
p 7 106 107.862564 -0.03060913
p 8 105 106.53482 -0.65047455
p 9 104 105.52515 -0.9428024
p 10 103 104.685326 0.49942398
p 10 102 103.55826 -0.61151123
p 11 101 101.17011 -2.8380432
p 12 100 99.369484 -4.067074
p 13 99 97.66302 -0.56860733
p 12 98 95.94614 -3.5144958
p 11 97 94.24692 4.296505
p 11 96 90.590485 -6.1108055
p 12 95 83.56919 -14.605263
p 13 94 81.47267 -15.351074
p 14 93 79.85792 -17.05914
p 15 92 78.60385 -16.8325
p 16 91 77.495735 -9.266956
p 15 90 76.29158 -15.217602
p 14 89 75.486855 -6.652775
p 15 88 74.413666 -13.781349
p 16 87 73.462234 -15.266327
p 17 86 72.60226 -11.839478
p 18 85 71.75999 -7.4190826
p 17 84 71.06517 -10.402817
p 16 83 70.37608 -10.035084
p 15 82 69.62091 -9.300133
p 14 81 68.752464 -10.410877
p 13 80 67.95916 -12.047852
p 12 79 67.167915 -12.601376
p 11 78 66.546455 -10.329769
p 10 77 65.84299 -5.864464
p 11 76 65.12655 -3.1586227
p 12 75 64.445244 -0.67184067
p 13 74 63.746094 -0.64528275
p 12 73 63.05866 1.1314125
p 11 72 62.360806 -3.5589333
p 12 71 61.67437 -0.4512825
p 13 70 61.001366 -4.4313107
p 12 69 60.325775 0.24131775
p 11 68 59.656475 -3.5715942
p 12 67 58.98361 6.237446
p 11 66 58.312534 3.880518
p 12 65 57.662365 5.84663
p 11 64 57.02034 5.2211533
p 10 63 56.363216 4.2051716
p 9 62 55.727257 0.011421204
p 10 61 55.13601 -0.5538273
p 9 60 54.544262 -0.10573006
p 9 59 53.997032 -0.050733566
p 10 58 53.477345 0.04759407
p 10 57 53.053066 0.08956909
p 9 56 52.46639 0.048210144
p 9 55 52.078712 0.10062981
p 10 54 51.654747 -0.05573845
p 9 53 51.257225 0.0296669
p 9 52 50.95283 0.1336174
p 8 51 50.507515 -0.09615135
p 8 50 50.334885 0.10730934
p 7 49 50.103382 0.056446075

c 5 42.721687
p 7 158 91.4002 -9.6707535
p 8 159 89.032074 -10.116875
p 9 160 87.211784 -10.850128
p 10 161 85.24118 -4.596733
p 11 162 84.29107 -8.972103
p 12 163 83.283676 -9.918346
p 13 164 82.174286 -9.71489
p 14 165 81.07283 -10.076305
p 15 166 79.853325 -8.438595
p 16 167 78.741264 -8.606876
p 17 168 77.4777 -7.6924286
p 18 169 76.11639 -9.027775
p 19 170 74.83327 -9.899639
p 20 171 73.35075 -8.442207
p 21 172 71.68945 -5.6899033
p 22 173 70.21081 -4.586441
p 23 174 69.09941 -4.9352837
p 24 175 68.22076 -6.113785
p 25 176 67.46718 -1.5163574
p 26 177 66.74334 -5.6519127
p 25 178 65.99265 -10.372864
p 26 179 65.24955 1.8623047
p 25 180 64.580284 6.3974915
p 26 181 63.92147 15.497326
p 25 182 63.236744 11.9940605
p 26 183 62.609524 -0.5021057
p 25 184 61.8565 -1.4295769
p 26 185 60.750095 0.7436447
p 27 186 60.09151 10.895351
p 26 187 59.43793 2.1074944
p 27 188 58.79213 3.6018066
p 26 189 58.150837 -1.2258205
p 27 190 57.520515 6.942913
p 26 191 56.899303 4.584875
p 27 192 56.269302 5.72822
p 28 193 55.55049 3.0801353
p 29 194 54.952156 -0.51257896
p 30 195 54.23211 -0.47815704
p 31 196 53.707882 -0.6076069
p 32 197 53.314663 -0.38132858
p 33 198 52.8197 -0.24368477
p 34 199 52.37512 -0.15993118
p 35 200 51.8934 -0.07985687
p 35 201 51.548313 -0.003730774
p 36 202 51.139103 -0.18260384
p 37 203 50.849117 0.13106155
p 38 204 50.621407 0.07241249
p 39 205 50.341217 -0.013355255
p 38 206 50.1445 -0.018901825
p 37 207 50.03347 -0.02650261
p 37 208 49.924248 -0.03728676
p 38 209 49.824417 0.03296852
p 38 210 49.7148 -0.009830475
p 37 211 49.578156 0.02481842
p 37 212 49.453156 0.026582718
p 38 213 49.332993 -0.08929443
p 38 214 49.2482 -0.08752823
p 37 215 49.19989 0.016620636
p 36 216 49.16002 -0.027072906
p 36 217 49.150326 0.019687653
p 37 218 49.103706 -0.029310226
p 38 219 49.037582 -0.048221588
p 38 220 48.948643 -0.010044098
p 39 221 48.93626 -0.12254906
p 39 222 48.870365 -0.043172836
p 38 223 48.808205 0.042957306
p 37 224 48.69601 0.012363434
p 37 225 48.678513 0.011285782
p 36 226 48.678513 0.020406723

c 6 27.308083
p 15 153 94.7377 -4.4743767
p 16 154 91.50265 -10.651783
p 17 155 90.3127 -8.885925
p 18 156 88.561646 -10.379734
p 19 157 86.63171 -10.859226
p 20 158 84.6829 -5.048931
p 21 159 83.21499 -7.332443
p 22 160 82.08525 -7.906887
p 23 161 81.26662 -6.1493454
p 24 162 80.237076 -1.9918861
p 25 163 79.22035 -1.7802887
p 26 164 78.21438 -4.169506
p 27 165 77.181786 6.3581924
p 27 166 76.15727 -2.3703194
p 28 167 74.04669 -1.9980087
p 29 168 73.256485 -8.51321
p 28 169 72.4238 3.9397278
p 29 170 71.74139 -4.1376266
p 30 171 71.31848 -2.808239
p 31 172 70.98041 -10.65836
p 30 173 69.35157 -11.503597
p 29 174 68.7076 -12.128574
p 28 175 68.08022 -13.135307
p 27 176 67.42962 -11.3785515

c 7 0.9811249
p 16 25 48.548374 -0.08820915
p 16 26 48.58091 -0.041786194
p 16 27 48.624084 -0.12286568
p 17 28 48.634052 -0.15018272
p 18 29 48.63754 0.027402878
p 18 30 48.712395 0.040636063
p 19 31 48.73803 -0.012325287
p 20 32 48.740643 -0.006351471
p 21 33 48.790974 0.028202057
p 20 34 48.83397 -0.13586807
p 19 35 48.907898 0.009244919
p 20 36 48.96236 -0.0040893555
p 19 37 49.01304 0.06389618
p 18 38 49.074055 -0.06301117
p 18 39 49.08939 -0.051475525
p 19 40 49.173233 -0.02468872
p 20 41 49.212517 0.01999855
p 21 42 49.307087 0.037353516
p 20 43 49.4177 -0.038295746
p 19 44 49.472126 -0.046253204
p 19 45 49.5295 -0.047403336

c 8 0.6167793
p 25 216 49.205593 0.06659889
p 26 217 49.076015 0.0067920685
p 25 218 49.04219 -0.11268425
p 25 219 49.04219 -0.016025543
p 26 220 48.969196 -0.09957123
p 27 221 48.909542 -0.056224823
p 28 222 48.909542 -0.019317627
p 28 223 48.892525 -0.033460617
p 27 224 48.828175 0.048295975
p 27 225 48.740627 -0.11946869
p 26 226 48.72457 -0.04938698
p 26 227 48.72457 -0.05532837
p 25 228 48.683506 -0.06516266
p 26 229 48.588814 -0.10556412
p 27 229 48.588814 -0.0667572

c 9 3.6218872
p 26 58 52.119003 -0.0675354
p 27 57 51.837162 -0.13983345
p 28 56 51.63558 0.20472336
p 29 55 51.260147 0.040662766
p 30 54 51.021843 -0.043605804
p 31 53 50.76969 0.014074326
p 32 52 50.50132 0.036737442
p 32 51 50.35966 0.007162094
p 31 50 50.214714 -0.048137665
p 32 49 50.010265 -0.013736725
p 33 48 49.83201 -0.101932526
p 32 47 49.731117 -8.277893E-4
p 33 46 49.680878 -0.086717606
p 34 45 49.51365 -0.16683388
p 35 44 49.49329 -0.019964218
p 36 43 49.48004 0.10707092
p 37 42 49.36048 -0.16051483
p 38 41 49.349148 0.0524292
p 39 40 49.19336 -0.017213821
p 39 39 49.140053 0.060951233
p 38 38 49.062542 0.014120102
p 39 37 49.013363 0.003578186
p 40 36 48.976246 -0.048196793
p 41 35 48.878902 -0.10398865
p 41 34 48.878902 -0.17071533
p 42 33 48.807724 -0.02892685
p 41 32 48.758625 0.0057525635
p 42 31 48.758625 -0.13535118
p 42 30 48.728363 -0.012104034
p 41 29 48.704967 -0.08971977
p 40 28 48.66974 -0.07759285
p 39 27 48.627377 -0.04273033
p 39 26 48.627377 -0.0231781
p 40 25 48.563385 -0.1134243
p 40 24 48.563385 -0.045850754
p 41 23 48.497116 -0.094285965
p 41 22 48.497116 -0.09976959

c 10 0.39769363
p 27 35 48.915436 -0.058238983
p 28 34 48.821587 -0.058986664
p 29 34 48.821587 0.018945694
p 30 33 48.80457 0.01651001
p 29 32 48.686234 -0.05511093
p 29 31 48.68452 -0.13841438
p 30 30 48.646908 -0.0030670166
p 30 29 48.646908 -0.04276657
p 31 28 48.63713 0.019376755
p 32 28 48.63093 0.028741837
p 33 27 48.59284 -0.084220886
p 33 26 48.583187 -0.11091232
p 33 25 48.572258 -0.080755234
p 34 24 48.517742 -0.040697098
p 35 24 48.517742 -0.092344284
p 36 23 48.517742 -0.05624199

c 11 26.582573
p 28 165 77.11944 -2.3646545
p 29 164 77.86504 -6.8530846
p 30 163 78.93071 -6.2834587
p 31 162 79.565186 -6.1244164
p 32 161 80.39038 -6.680992
p 33 160 81.47651 -5.9430504
p 34 159 82.29059 -1.24963
p 35 158 82.54102 -6.87405
p 36 157 82.89646 -10.403244
p 37 156 85.77909 -7.8308105
p 38 155 87.67743 -8.495445
p 39 154 93.8608 -6.209675
p 40 153 97.08403 -4.4012756
p 41 152 99.325554 -2.9017448
p 42 151 102.27688 -2.082203
p 43 150 103.70201 -1.4420586

c 12 27.097145
p 31 171 71.210106 -5.7082825
p 32 170 71.91098 -11.457775
p 33 169 72.91873 -13.51157
p 34 168 73.841576 -12.383545
p 35 167 74.75438 -12.464851
p 36 166 75.48452 -13.096458
p 37 165 76.33145 -13.4139595
p 38 164 77.20317 -12.619305
p 39 163 78.3931 -12.670727
p 40 162 79.97682 -13.687923
p 41 161 81.965866 -12.429272
p 42 160 85.490105 -10.648834
p 43 159 88.34865 -1.6248283
p 44 159 95.51343 -0.8584213
p 45 158 96.14716 -0.49404526
p 46 157 97.39635 -0.8272896
p 47 156 98.30725 -2.0973244

c 13 10.56963
p 35 72 60.04967 -7.665222
p 36 71 59.313572 -10.060036
p 37 70 58.538685 -11.054993
p 38 69 57.778477 -8.072823
p 39 68 57.22214 -3.6060925
p 40 67 56.61897 -3.308689
p 41 66 56.02556 -5.9740925
p 40 65 55.45227 11.026794
p 41 64 54.90848 3.761715
p 40 63 54.38387 4.958254
p 39 62 53.893078 2.9699726
p 38 61 53.40413 -0.12809181
p 38 60 52.936176 -0.029052734
p 38 59 52.57936 -0.078336716
p 39 58 52.20421 -0.09784317
p 38 57 51.83326 -0.049589157
p 38 56 51.38341 -0.2597599
p 37 55 51.1926 0.077487946
p 38 54 50.936764 -0.116817474
p 39 53 50.653244 0.017824173
p 40 52 50.500423 0.035705566
p 41 51 50.257423 -0.083337784
p 41 50 50.190407 -0.07589722
p 41 49 49.998264 -0.11460304
p 40 48 49.8785 0.15807915
p 39 47 49.68165 -0.20609093
p 38 46 49.631298 0.029455185
p 39 45 49.569492 -0.0050754547
p 38 44 49.5314 -0.048131943
p 37 44 49.48004 -0.16982079

c 14 17.29366
p 38 80 75.231445 6.4524803
p 39 79 74.133095 4.188492
p 40 78 72.63556 -2.6878357
p 40 77 66.00127 -0.8147011
p 41 76 62.76017 0.15655899
p 40 75 62.195736 -7.096485
p 41 74 61.305878 -4.2961235
p 42 73 60.493694 -0.845171
p 41 72 59.890213 2.3219032
p 42 71 59.272243 2.934063
p 41 70 58.62631 -2.7410545
p 40 69 57.937786 -0.738884

c 15 13.091934
p 41 181 62.310463 -0.15239716
p 42 182 61.574947 -6.0196953
p 43 183 60.9273 -5.263241
p 44 184 59.965954 -6.423176
p 45 185 59.17029 -7.603306
p 46 186 58.510376 -12.446733
p 45 187 57.95898 -8.695171
p 44 188 57.212547 -6.779278
p 45 189 56.56193 8.579147
p 44 190 55.975742 5.695116
p 45 191 55.376064 2.3348694
p 46 192 54.771626 0.279562
p 46 193 54.20639 -0.15576172
p 45 194 53.7545 0.088638306
p 45 195 53.363758 0.07574272
p 46 196 52.92721 -0.09510422
p 46 197 52.513874 -0.08008194
p 45 198 52.245316 0.046503067
p 46 199 51.91588 -0.09453964
p 47 200 51.403587 -0.29432487
p 48 201 51.271713 0.12711716
p 47 202 50.982388 0.037483215
p 48 203 50.70249 -0.128788
p 49 204 50.401157 -0.16187668
p 50 205 50.352604 -0.010313034
p 51 206 50.1211 -0.028417587
p 52 207 49.922718 -0.037031174
p 51 208 49.798267 -0.1303978
p 50 209 49.733353 -0.01725769
p 49 210 49.69785 -0.054275513
p 49 211 49.47244 -0.14902687
p 48 212 49.35232 0.11322975
p 49 213 49.21853 -0.012653351
p 50 214 49.21853 -0.11559868

c 16 2.8532333
p 41 200 51.656876 -0.20746613
p 42 201 51.37435 -0.051389694
p 43 202 51.016308 0.0019569397
p 44 203 50.684273 -0.06777763
p 43 204 50.574974 -0.05340767
p 43 205 50.394997 0.025568008
p 42 206 50.136433 -0.0845356
p 41 207 49.99721 -0.035902023
p 42 208 49.891766 -0.06709099
p 43 209 49.792408 -0.054819107
p 43 210 49.574844 -0.13126755
p 42 211 49.484844 -0.016019821
p 43 212 49.377647 -0.022724152
p 42 213 49.292896 -0.056791306
p 42 214 49.218983 -0.0441761
p 42 215 49.19504 0.05426979
p 43 216 49.150772 -0.12264252
p 44 217 49.04093 0.0049476624
p 44 218 49.04093 -0.028764725
p 43 219 49.01108 0.109428406
p 44 220 48.905064 -0.050567627
p 43 221 48.866512 0.122413635
p 43 222 48.803642 -0.007703781
p 43 223 48.803642 -0.0531559

c 17 1.33424
p 43 36 48.923676 -0.10255051
p 44 36 48.923676 -0.23810196
p 45 37 49.02103 -0.06036949
p 45 38 49.06976 -0.1485691
p 44 39 49.08991 0.04459381
p 45 40 49.249416 -0.12870598
p 45 41 49.28818 0.02248764
p 44 42 49.327057 0.0013771057
p 45 43 49.370525 -0.0071849823
p 45 44 49.461216 -0.06736946
p 45 45 49.524715 -0.026994705
p 46 46 49.636497 0.016139984
p 46 47 49.743065 -0.11333275
p 46 48 49.84215 -0.06613541
p 46 49 50.006145 -0.05262375
p 45 50 50.126076 -0.07936859
p 46 51 50.257915 0.04695511

c 18 25.5597
p 43 89 74.137634 -13.920998
p 44 88 73.08093 -14.231388
p 45 87 72.20084 -14.273533
p 46 86 71.38108 -13.250244
p 47 85 70.505 -12.748451
p 48 84 69.823326 -12.928181
p 49 83 68.955444 -9.870148
p 50 82 68.052414 -7.1187706
p 49 81 67.39374 3.3813858
p 50 80 66.805756 -9.585552
p 51 79 65.88441 -12.252281
p 52 78 65.015816 -9.569912
p 53 77 64.45008 -6.1563606
p 52 76 63.820744 -6.561989
p 51 75 63.112537 -4.633774
p 50 74 62.318764 -2.060339
p 51 73 61.52861 0.30460358
p 52 72 60.799084 -4.7930374
p 51 71 60.118103 3.1998749
p 52 70 59.492344 0.77710724
p 53 69 58.878967 6.257599
p 54 68 58.076126 -7.666502
p 53 67 57.29668 -2.7866173
p 52 66 56.64475 -1.4750137
p 53 65 56.004543 8.359579
p 52 64 55.387093 3.7984867
p 53 63 54.80817 4.2492867
p 54 62 54.29646 3.0725384
p 55 61 53.76887 -0.025968552
p 54 60 53.296936 -0.050994873
p 54 59 52.666603 -0.13359833
p 53 58 52.395763 -0.053487778
p 53 57 51.971386 -0.053707123
p 52 56 51.56566 0.0076675415
p 53 55 51.22291 -0.19380951
p 53 54 50.89697 -0.12817001
p 54 53 50.721333 0.04237175
p 54 52 50.556713 0.14281273
p 55 51 50.313484 -0.19986534
p 54 50 50.1628 -0.06398392
p 55 49 50.072395 -0.015680313
p 55 48 49.901093 -0.019111633
p 56 47 49.80105 -0.25977135
p 57 46 49.741535 -0.083452225
p 58 45 49.70634 -0.019487381
p 58 44 49.554504 -0.09757614
p 58 43 49.44967 -0.115091324
p 57 42 49.440716 0.10675049
p 58 41 49.290314 0.057621002
p 58 40 49.238113 0.1169796
p 59 39 49.17063 -0.03700638
p 60 39 49.167736 0.027147293
p 61 38 49.15888 0.05269432
p 62 37 49.06801 -0.2748661
p 61 36 48.963654 0.08745766
p 61 35 48.941772 -0.09228325
p 61 34 48.88451 -0.11171913
p 60 33 48.88451 -0.004348755
p 60 32 48.82191 -0.066625595
p 60 31 48.775185 -0.09188461
p 60 30 48.705906 -0.061019897
p 59 29 48.665577 -0.022562027
p 58 28 48.621044 -0.05890274
p 57 27 48.577934 0.019870758
p 58 27 48.577934 -0.022129059

c 19 51.39391
p 46 99 100.56253 -2.21978
p 47 98 98.811295 -2.4081612
p 48 97 98.05931 -1.0966263
p 49 96 94.95604 -4.3444557
p 50 95 93.88113 -5.148403
p 51 94 92.83642 -3.7921944
p 52 93 91.71749 -2.633522
p 53 92 90.479 -3.0578651
p 54 91 89.65118 -1.0338478
p 53 90 88.32955 0.5970497
p 54 89 87.47439 -0.92912674
p 55 88 86.39185 -3.6902046
p 54 87 85.365234 1.8873978
p 55 86 84.28658 -1.111023
p 56 85 83.241165 -3.2191658
p 57 84 82.48237 -0.019950867
p 58 83 81.85232 0.47026062
p 59 82 81.17494 0.6889458
p 60 81 80.70337 -0.101364136
p 59 80 80.20276 1.570446
p 60 79 79.756775 6.4961433
p 60 78 79.40531 5.9245415
p 61 77 79.136734 3.8684387
p 61 76 79.09991 4.470085
p 61 75 79.06378 4.322735
p 62 74 71.3976 -12.017448
p 61 73 68.84166 2.452156
p 62 72 66.81547 -6.5664215
p 63 71 64.09256 7.981781
p 63 70 60.721016 -5.5906105
p 62 69 58.98754 -9.587992
p 63 68 57.920464 -6.7150116
p 64 67 57.135242 -4.609474
p 63 66 56.318306 5.897106
p 64 65 55.711853 7.372572
p 63 64 55.023796 4.4459476
p 62 63 54.394688 3.9099655
p 61 62 53.836494 2.841898
p 60 61 53.38855 0.0763073
p 59 60 52.98022 -0.1161499
p 60 59 52.70297 -0.08028984
p 60 58 52.40304 0.01653862
p 61 57 51.9432 -0.01855278
p 61 56 51.543346 0.022632599
p 62 55 51.219704 0.14152145
p 63 54 50.892075 0.014801025
p 62 53 50.682537 0.02103424
p 61 52 50.405605 -0.09531975
p 61 51 50.320873 -0.0430336
p 62 50 50.18994 -0.07829094
p 62 49 50.091732 -0.021230698
p 62 48 49.910366 -0.00715065
p 63 47 49.745697 -0.06083107
p 63 46 49.718372 -0.021858215
p 63 45 49.624035 -0.084236145
p 63 44 49.57732 -0.0124435425
p 62 43 49.492424 -0.013101578
p 62 42 49.398895 0.020694733
p 61 41 49.289097 -0.054849625
p 61 40 49.16862 0.09843063

c 20 7.4332886
p 49 187 57.963184 -7.7983055
p 50 188 57.22032 5.229519
p 49 189 56.54918 4.3266144
p 50 190 55.883854 6.2342567
p 49 191 55.258694 -0.47122002
p 49 192 54.616093 -0.43268585
p 49 193 54.16233 0.4461174
p 50 194 53.663334 -0.43146896
p 51 195 53.24101 0.078697205
p 50 196 52.795372 -0.056444168
p 50 197 52.54899 -0.08236694
p 50 198 52.12215 -0.26327705
p 51 199 51.85352 0.008525848
p 51 200 51.47828 0.053913116
p 52 201 51.16772 -0.023622513
p 53 202 50.958767 0.0043182373
p 52 203 50.7507 -0.068496704
p 51 204 50.529896 -0.019073486

c 21 3.0133553
p 56 225 48.764397 0.0099544525
p 57 224 48.772655 -0.01861
p 58 223 48.824318 -0.011165619
p 59 222 48.92705 0.040063858
p 60 221 48.95117 -0.058254242
p 60 220 49.06129 -0.025201797
p 59 219 49.06129 -0.068193436
p 60 218 49.127472 0.05719948
p 59 217 49.127472 -0.2001419
p 59 216 49.227825 -0.21466064
p 60 215 49.283195 -0.007989883
p 61 214 49.298557 -0.11065483
p 61 213 49.318428 -0.15059853
p 62 212 49.383144 -0.009506226
p 61 211 49.480408 -0.10013771
p 61 210 49.638756 -0.16672516
p 61 209 49.64825 -0.06624031
p 61 208 49.709114 -0.015911102
p 60 207 49.887665 0.08070946
p 61 206 50.05775 -0.058944702
p 61 205 50.250202 0.00825882
p 60 204 50.424603 -0.12866402
p 59 203 50.726654 0.15486717
p 60 202 50.846767 -0.27968407
p 59 201 51.137264 -0.009851456
p 59 200 51.460743 -0.06518364
p 59 199 51.777752 -0.08291435

c 22 39.664055
p 57 164 88.640945 -3.1814842
p 58 165 87.63061 -4.947975
p 59 166 86.45591 -5.494671
p 60 167 84.762245 -6.2359505
p 61 168 83.18114 -1.6968422
p 60 169 81.0751 -2.6818085
p 59 170 78.16365 -5.913395
p 58 171 71.10877 -8.718502
p 59 172 69.59847 -11.382862
p 60 173 68.73882 -9.549332
p 61 174 67.845665 -8.272556
p 62 175 67.014404 -6.289009
p 63 176 66.206795 -1.6514473
p 64 177 65.47355 -2.165413
p 65 178 64.73106 -2.1882133
p 66 179 64.03971 -1.1537743
p 67 180 63.39327 1.2509842
p 68 181 62.71832 -5.864338
p 67 182 62.035305 -3.2382774
p 66 183 61.352917 -8.3786335
p 67 184 60.67486 -5.0056343
p 68 185 59.993877 -3.845024
p 69 186 59.30568 -3.041729
p 70 187 58.62853 -8.928671
p 69 188 57.98134 -3.6930618
p 68 189 57.375053 -5.656706
p 69 190 56.710056 3.2012653
p 70 191 55.88574 2.338194
p 71 192 55.361115 2.5898438
p 72 192 54.75571 -1.5570736
p 73 193 54.401546 -0.20050621
p 74 194 53.83373 -0.26829147
p 75 195 53.45577 -0.06144333
p 76 196 53.04839 -0.15691185
p 77 197 52.742237 0.04555893
p 76 198 52.275154 -0.15917397
p 75 199 51.971798 -0.006750107
p 75 200 51.659954 -0.09223747
p 76 201 51.267876 -0.08356285
p 77 202 50.979065 0.0086193085
p 78 203 50.797977 -0.023345947
p 79 204 50.542778 0.022655487
p 80 205 50.33045 -0.050107956
p 81 206 50.101513 -0.07618141
p 82 207 49.999817 0.1442604
p 81 208 49.76304 0.013395309
p 80 209 49.642185 -0.113464355
p 79 210 49.593132 0.021131516
p 80 211 49.49973 0.036626816
p 79 212 49.42328 0.057281494
p 80 213 49.329914 0.04458618
p 79 214 49.271694 -0.013244629
p 78 215 49.16395 0.028961182
p 77 216 49.12232 -0.030464172
p 76 217 49.03659 0.010387421
p 76 218 48.97689 -0.040855408
p 75 219 48.97689 -0.012308121

c 23 15.00425
p 57 164 88.640945 0.9872551
p 58 163 89.963715 -5.80814
p 59 162 91.12301 -4.9405975
p 60 161 92.67707 -3.7309685
p 61 160 93.87634 -3.4387321
p 60 159 94.81581 1.3093376
p 61 158 95.72274 0.5085907
p 60 157 97.006516 -1.9745102
p 59 156 101.456955 -0.7589226
p 58 155 102.53237 -1.5475655
p 59 154 102.913414 -3.5139275
p 60 153 103.645195 -4.177307

c 24 24.641651
p 64 71 61.665592 -10.6847725
p 65 72 62.746803 -12.761898
p 66 73 64.13531 -8.184422
p 67 74 65.70737 -5.027069
p 66 75 67.62284 -0.4107666
p 67 76 69.628586 -4.3202744
p 68 77 72.423676 -1.0108986
p 67 78 73.99161 -5.494087
p 66 79 75.44612 -6.764351
p 65 80 76.594185 -3.8997688
p 66 81 77.87469 -5.1940727
p 67 82 79.07573 -3.3670921
p 66 83 80.310196 5.3219376
p 67 84 84.62722 3.6615028
p 67 85 86.30724 0.36800003

c 25 33.93296
p 64 175 66.76286 -6.4069633
p 65 174 67.584 -9.622444
p 66 173 68.56334 -5.560524
p 67 172 69.40838 -4.610298
p 66 171 70.9122 -2.1646957
p 67 170 72.11248 2.325447
p 66 169 74.216 -2.9359245
p 66 168 84.24599 3.2368813
p 67 167 84.38719 2.4925346
p 68 166 84.76926 -4.045933
p 67 165 85.241325 2.0135498
p 68 164 86.42683 2.8070984
p 67 163 90.985085 -4.6367455
p 66 162 93.74199 -4.331402
p 65 161 95.516335 -2.193821
p 66 160 97.248886 -4.6328964
p 67 159 99.02946 -5.050995
p 68 158 100.69582 -2.6892433

c 26 0.73931503
p 66 215 49.19324 -0.0034751892
p 67 215 49.19324 -0.109176636
p 68 216 49.10612 -0.066381454
p 68 217 49.10612 -0.10672188
p 67 218 49.056774 -0.124313354
p 67 219 49.056774 -0.101270676
p 68 220 49.02611 -0.17841148
p 69 221 48.958088 -0.06601524
p 70 222 48.943943 -0.03271103
p 71 223 48.84815 0.0041656494
p 71 224 48.775314 -0.036268234
p 70 225 48.77338 -0.055692673
p 70 226 48.725727 -0.06438637
p 69 227 48.708836 0.057516098
p 70 228 48.681717 -0.012384415
p 71 228 48.652317 0.03241539
p 71 229 48.652317 -0.017951965
p 71 230 48.64302 -0.091264725
p 72 231 48.63423 -0.10439682
p 73 232 48.51026 -0.10128975
p 74 233 48.493748 -0.05408287
p 75 234 48.45756 -0.05444336
p 76 234 48.45756 -0.2511406
p 77 234 48.453926 -0.079229355
p 78 233 48.453926 -0.08741951

c 27 47.679207
p 71 95 96.159225 -4.1705284
p 72 94 92.742645 -0.5472145
p 73 94 91.419754 -0.045562744
p 74 93 90.26711 -2.677475
p 75 92 89.25987 -2.8536339
p 76 91 87.90652 1.8703461
p 75 90 86.90949 2.8283882
p 76 89 85.3838 -0.98119736
p 75 88 83.785614 -1.5200272
p 74 87 82.20954 -2.928337
p 75 86 80.552216 -2.623375
p 76 85 78.34046 -3.3376083
p 77 84 74.995575 -4.050457
p 78 83 70.9579 -5.190773
p 79 82 69.507706 -3.9027328
p 78 81 68.6801 3.6506386
p 79 80 67.8673 -5.7681274
p 80 79 67.159874 -5.4057884
p 81 78 66.2576 -4.61071
p 80 77 65.48424 8.377693
p 81 76 64.758995 0.7613182
p 82 75 64.09858 1.0615082
p 83 74 63.43793 -1.0113525
p 84 73 62.76089 -2.0792809
p 85 72 61.949203 -1.7692451
p 86 71 61.25594 -1.4532471
p 87 70 60.55023 3.6972046
p 86 69 59.87402 -0.22097015
p 85 68 59.278965 -4.084402
p 86 67 58.52915 6.296871
p 85 66 57.857723 3.9746475
p 86 65 57.186237 3.3544178
p 85 64 56.532585 5.1315613
p 86 63 55.863907 4.9264755
p 87 62 55.211315 4.346945
p 88 61 54.656048 0.055440903
p 87 60 54.094112 -0.5204849
p 88 59 53.55795 -0.49915886
p 89 58 53.046516 -0.4089203
p 90 57 52.56557 0.02107811
p 89 56 52.12447 0.04970932
p 90 55 51.70044 -0.011306763
p 91 54 51.318207 -3.8719177E-4
p 92 53 50.99904 0.122341156
p 91 52 50.67568 0.026821136
p 92 51 50.42638 -0.14689064
p 92 50 50.140987 -0.10746193
p 92 49 50.071762 0.008142471
p 93 48 49.980698 0.013849258
p 92 47 49.868996 -0.0023174286
p 91 46 49.743168 -3.3569336E-4
p 92 45 49.669872 -0.06621361
p 93 44 49.538002 0.038532257
p 93 43 49.42708 -0.013025284
p 92 42 49.297493 -0.08154869
p 92 41 49.246212 -0.013717651
p 92 40 49.204117 0.03208542
p 91 39 49.14032 -0.030326843
p 90 38 49.051346 -0.020860672
p 89 37 48.96674 0.0019359589
p 90 36 48.91385 -0.008722305
p 90 35 48.90949 -0.06967163
p 89 34 48.870808 0.12323952
p 88 33 48.84301 -0.032014847
p 88 32 48.75375 -0.058851242
p 87 31 48.749382 0.06533623
p 88 30 48.698696 -0.1069603
p 88 29 48.698696 -0.040870667
p 88 28 48.688023 -0.08895111
p 87 27 48.688023 0.044023514
p 86 26 48.618572 -0.05340004
p 87 25 48.570766 0.01309967
p 88 24 48.556744 0.0035705566
p 88 23 48.487617 0.030311584
p 89 22 48.48002 0.044914246
p 90 21 48.48002 -0.09223938

c 28 10.21175
p 75 190 55.942364 -1.4203167
p 76 189 56.512333 -1.3328495
p 77 188 58.274853 -1.1723175
p 78 187 58.73863 -3.4651642
p 79 186 59.224045 -3.6947937
p 80 185 59.745502 -2.0704708
p 79 184 60.637054 -3.1434975
p 78 183 61.376728 -6.560131
p 77 182 62.24914 -4.6620255
p 78 181 62.990646 9.453838
p 77 180 64.073296 0.88339996
p 78 179 64.52225 4.2767906
p 77 178 65.13039 4.3332863
p 78 177 66.15411 5.112747

c 29 29.32088
p 81 166 77.64396 -5.476368
p 82 167 76.832405 2.7467918
p 81 168 75.99798 -0.5460434
p 82 169 74.833664 -11.732136
p 83 170 73.74614 -13.983013
p 84 171 73.000275 -12.93338
p 85 172 72.2717 -11.819344
p 86 173 71.49682 -11.831219
p 87 174 70.77765 -9.540535
p 88 175 70.226776 -1.6668968
p 89 176 69.405075 -4.0633087
p 88 177 68.73235 0.32001114
p 89 178 68.07342 -2.7237053
p 88 179 67.429016 -7.282795
p 87 180 66.65469 -7.281639
p 86 181 66.01091 -1.5300903
p 87 182 65.22522 3.5636864
p 88 183 64.5184 2.7623672
p 89 184 63.835854 5.15831
p 89 185 63.375866 0.27275085
p 88 186 62.582745 -4.8012276
p 89 187 59.09355 -4.188923
p 90 188 58.348522 -1.4017944
p 91 189 57.774803 -2.476385
p 90 190 57.138336 9.121073
p 91 191 56.50721 2.7920399
p 90 192 55.89135 4.3832664
p 89 193 55.29486 2.763813
p 88 194 54.70033 -0.50076675
p 87 195 54.131733 -0.103652954
p 87 196 53.62074 -6.6185E-4
p 87 197 53.12826 0.018190384
p 86 198 52.64038 -0.0660038
p 86 199 52.15933 0.016290665
p 86 200 51.740795 -0.17285156
p 85 201 51.356934 -0.031661987
p 85 202 50.975784 -0.07781792
p 86 203 50.671867 8.392334E-5
p 87 204 50.493668 0.04179573
p 87 205 50.249702 -0.0011711121
p 87 206 50.00005 -0.010625839
p 88 207 49.939156 0.07746315
p 89 208 49.717472 -0.16183472
p 89 209 49.64913 -0.037830353
p 89 210 49.537636 -0.11075401
p 90 211 49.441742 -0.027801514
p 89 212 49.345562 -0.105867386
p 88 213 49.247673 0.020069122
p 89 214 49.185596 -0.049625397
p 89 215 49.185104 -0.044189453
p 89 216 49.162342 -0.048244476
p 90 217 49.026695 -0.09287834
p 90 218 49.016167 -0.075344086
p 91 219 49.003826 -0.014501572
p 90 220 48.927017 -0.012121201
p 91 221 48.839725 -0.062311172
p 92 222 48.761696 -0.21987915
p 91 223 48.715897 0.10383606
p 91 224 48.68754 -0.113500595
p 90 225 48.655643 -0.009153366
p 91 226 48.599503 -0.0040569305
p 90 227 48.58024 0.0034675598
p 91 228 48.58024 -0.0680294
p 90 229 48.551006 -0.07479668
p 89 230 48.530823 -0.05583763
p 90 231 48.530823 0.0055389404
p 89 232 48.48325 0.040218353
p 90 233 48.42771 -0.02677536
p 89 234 48.420273 -0.115177155
p 90 235 48.420273 -0.029724121
p 89 236 48.33998 -0.016376495
p 89 237 48.32308 -0.10816383
p 90 238 48.32308 0.044080734

c 30 12.314476
p 82 87 73.55934 -6.7480507
p 83 86 72.70503 -9.417343
p 84 85 71.924255 -10.080029
p 85 84 71.09389 -9.697407
p 86 83 70.28554 -8.182098
p 87 82 69.53331 -3.7406883
p 88 81 68.82899 -1.4994202
p 89 80 68.1808 -1.8928261
p 90 79 67.46883 2.4639854
p 91 78 66.806465 -8.676479
p 90 77 66.15908 6.282707
p 91 76 65.52268 -0.010211945
p 92 75 64.86943 4.903763
p 91 74 64.23697 1.6897545
p 92 73 63.627632 0.46414185
p 91 72 62.982834 0.33678055
p 90 71 62.48404 -2.3696404
p 89 70 61.83531 -4.9915237
p 88 71 61.244865 -6.029375

c 31 29.038628
p 82 87 73.55934 -5.373638
p 83 88 74.20315 -6.8928566
p 84 89 75.014824 -8.631241
p 85 90 75.92515 -9.095093
p 86 91 76.74429 -6.657955
p 85 92 77.84673 5.5181656
p 86 93 78.957375 3.140873
p 85 94 80.14605 -7.687458
p 84 95 81.24353 -6.428749
p 85 96 82.119286 1.8342476
p 84 97 83.145996 -10.504635
p 83 98 84.92416 -5.977478
p 84 99 86.402245 -7.578827
p 85 100 90.71093 -10.782726
p 86 101 95.60749 -6.677906
p 87 102 99.822205 -1.990818
p 88 103 102.59797 -1.0247841

c 32 41.38006
p 90 184 63.934998 -3.4101944
p 91 183 64.53718 -6.754551
p 92 182 65.337814 -6.389206
p 93 181 65.8947 -4.5228386
p 94 180 66.52158 -2.3211212
p 95 179 67.12292 -1.0871925
p 96 178 67.82699 -4.029274
p 95 177 68.43693 5.3694115
p 96 176 69.016945 -0.6279564
p 97 175 69.571236 -1.8813171
p 98 174 70.15106 -3.44516
p 99 173 70.84103 -3.9242897
p 100 172 71.531044 -5.74123
p 101 171 72.10605 -4.890209
p 102 170 72.76164 -5.5067825
p 103 169 73.499954 -6.2554855
p 104 168 74.16293 -4.409336
p 105 167 74.88582 -5.6760635
p 106 166 75.65108 -9.338654
p 107 165 76.390854 -8.20013
p 108 164 77.40083 0.051425934
p 107 163 78.13086 2.8466682
p 108 162 79.00056 -4.277855
p 109 161 79.80442 -10.060677
p 110 160 81.463715 -10.844692
p 111 159 82.01562 -9.261608
p 112 158 82.52407 -13.003513
p 113 157 83.51038 -13.223473
p 114 156 84.26351 -11.48217
p 115 155 86.24289 -14.853447
p 116 154 91.358894 -3.9283447
p 115 153 94.67804 1.7692757
p 116 152 98.2635 -5.1372795
p 117 151 103.504036 -0.0031433105
p 117 150 105.315056 0.98968124

c 33 36.19207
p 91 80 68.212204 -11.522724
p 92 81 69.07539 -18.678585
p 93 82 69.909546 -16.672394
p 94 83 70.77842 -12.724556
p 95 84 71.527954 -12.278221
p 96 85 72.24755 -10.061996
p 97 86 73.13333 -6.049164
p 96 87 73.98378 3.382038
p 97 88 80.9426 -1.0560265
p 98 89 81.818275 -3.965004
p 99 90 82.44858 -5.588436
p 100 91 82.762726 -3.0310936
p 99 92 83.2938 -1.9807663
p 100 93 83.747925 -7.122761
p 101 94 85.52485 -1.6799507
p 101 95 92.483894 0.33066177
p 102 96 92.99389 -0.83057785
p 103 97 93.48086 -3.291481
p 102 98 95.31009 0.9630699
p 103 99 96.63833 -4.8299522
p 104 100 100.22239 0.103702545
p 104 101 100.57914 -2.1985054
p 103 102 101.72922 1.021553
p 104 103 103.07923 1.0583763
p 103 104 104.404274 -0.09031677

c 34 1.1642418
p 92 227 48.611927 -0.0027675629
p 93 226 48.611927 -0.15995407
p 94 225 48.688793 -0.023956299
p 95 224 48.714058 -0.0075263977
p 94 223 48.714592 -0.25082207
p 94 222 48.726276 -0.19613266
p 93 221 48.791096 -0.045375824
p 93 220 48.860188 -0.01657486
p 94 219 48.975895 0.045084
p 93 218 48.989178 0.041683197
p 94 217 49.038208 0.01512146
p 94 216 49.121746 0.038383484
p 93 215 49.183403 -0.24433708
p 94 214 49.183403 -0.13654137
p 95 214 49.24801 -0.13545227
p 96 213 49.28394 -0.06298065
p 96 212 49.386074 0.056947708
p 97 211 49.38937 0.0029392242
p 96 210 49.514626 -0.14858246
p 95 209 49.629272 -0.044261932
p 95 208 49.77617 0.06274986

c 35 14.851818
p 96 33 48.87453 -0.16287231
p 97 33 48.87453 -0.0877285
p 97 34 48.894367 -0.10785103
p 98 35 48.952747 -0.17397118
p 99 36 49.10409 -0.010383606
p 100 37 49.10409 -0.08353996
p 100 38 49.146492 -0.04781723
p 99 39 49.166 -0.024686813
p 100 40 49.22136 -0.06422424
p 100 41 49.280994 0.03624916
p 100 42 49.297977 0.021650314
p 100 43 49.396435 -0.053699493
p 100 44 49.510235 -0.07336235
p 100 45 49.56668 -0.022174835
p 99 46 49.698334 0.03744316
p 98 47 49.870514 0.049467087
p 99 48 49.981464 0.025913239
p 98 49 50.027157 -0.08320618
p 98 50 50.343136 0.082588196
p 97 51 50.506035 0.033740997
p 98 52 50.773396 -0.11470413
p 99 53 51.01163 0.048887253
p 100 54 51.26453 -0.095653534
p 100 55 51.53345 -0.07448387
p 100 56 51.713127 -0.07604027
p 99 57 51.865177 0.036491394
p 100 58 52.09553 0.018720627
p 99 59 52.430733 -0.0218544
p 98 60 52.7762 -0.13036346
p 99 61 53.12967 -0.39632607
p 100 62 53.518753 0.09669876
p 99 63 53.92246 6.330637
p 100 64 54.528168 3.3594112
p 101 65 55.41232 3.112341
p 102 66 56.090725 -1.5315685
p 103 67 56.66187 -6.0966454
p 104 68 57.317696 -6.4423523
p 105 69 58.007748 -4.242672
p 106 70 58.874874 -1.6809311
p 105 71 59.72847 -1.9790611
p 104 72 60.475018 -4.155237
p 105 73 61.079994 6.6559563
p 104 74 61.7812 -0.773468
p 105 75 62.648308 -8.787968
p 106 76 63.72635 -10.010769

c 36 17.112648
p 97 157 92.30017 -4.3056107
p 98 158 91.303055 -8.711033
p 99 159 90.28413 -9.4107895
p 100 160 89.160904 -2.0837097
p 99 161 87.890564 4.596611
p 100 162 86.63765 3.4233894
p 99 163 85.513954 0.6618576
p 100 164 85.440994 -3.0890884
p 101 164 85.440994 -2.6551895
p 102 165 77.12122 -11.642555
p 103 166 76.34289 -10.267822
p 104 167 75.18752 -4.3472824

c 37 9.842026
p 98 186 58.498737 -3.6409264
p 99 187 57.719418 6.07238
p 98 188 57.042194 2.2907677
p 99 189 56.363396 -1.1918736
p 100 190 55.797497 0.821743
p 101 191 55.18865 2.7944946
p 102 192 54.61065 4.504442
p 103 193 54.18131 -0.08312988
p 103 194 53.71941 -0.041496277
p 102 195 53.3415 -0.1624794
p 103 196 52.942436 -0.20972061
p 104 197 52.52273 -0.35533333
p 105 198 52.231037 -0.25439835
p 106 199 51.790443 -0.25083542
p 107 200 51.51309 -0.14894104
p 108 201 51.167603 0.12685966
p 109 202 50.94231 -0.09348297
p 109 203 50.750065 0.013908386
p 108 204 50.481186 -0.13070107
p 107 205 50.369823 0.13610649
p 108 206 50.09556 -0.03816223
p 108 207 49.877262 -0.019680023
p 108 208 49.723785 -0.12827301
p 107 209 49.691273 0.04021454
p 106 210 49.489197 -0.1258583
p 107 211 49.4309 -0.09673691
p 108 212 49.345284 -0.0062732697
p 108 213 49.193394 -0.08549881
p 108 214 49.161613 0.04481697
p 107 215 49.11641 0.0139865875
p 106 216 49.00904 -0.15453148
p 107 217 48.999233 -0.07156181
p 108 218 48.999233 -0.06476402
p 107 219 48.957657 -0.07943344
p 107 220 48.8537 -0.08952522
p 108 221 48.803867 -0.070856094
p 109 222 48.783726 -0.053771973
p 108 223 48.783726 0.0410614
p 109 224 48.68342 -0.041345596
p 108 225 48.65671 -0.05117798
p 107 226 48.65671 -0.04205513

c 38 2.8352509
p 111 200 51.45617 0.0030002594
p 112 201 51.159855 -0.054662704
p 113 202 50.880276 0.037626266
p 114 203 50.667732 -0.011386871
p 115 204 50.48037 -0.07165909
p 116 205 50.29403 0.027441025
p 115 206 50.014103 -0.044633865
p 114 207 49.935158 4.9591064E-4
p 114 208 49.743523 -0.15258026
p 115 209 49.61209 0.009801865
p 116 210 49.516113 -0.038614273
p 117 211 49.46339 0.014993668
p 116 212 49.361885 0.06146431
p 117 213 49.2216 -0.09590912
p 118 214 49.17936 0.04257393
p 119 215 49.177574 -0.10582924
p 120 215 49.15813 -0.009237289
p 121 216 49.15813 -0.027280807
p 120 217 49.14975 0.080013275
p 119 218 48.9407 -0.08467293
p 118 219 48.9407 -0.009216309
p 118 220 48.90127 -0.080366135
p 119 221 48.847553 -0.066049576
p 120 222 48.847553 -0.09779167
p 121 223 48.845142 0.006559372
p 122 223 48.77586 -0.17336273
p 123 224 48.77586 0.022518158
p 122 225 48.73204 0.017997742
p 123 226 48.676 -0.073122025
p 123 227 48.6521 -0.0096588135
p 122 228 48.6521 -0.124176025
p 121 229 48.62092 -0.07125473
p 120 228 48.62092 -0.05460167

c 39 34.54796
p 112 94 83.355606 -4.142765
p 113 93 80.631935 -8.224297
p 114 92 79.65683 -7.3639946
p 115 91 78.90234 -5.4031143
p 116 90 77.986275 -4.1445084
p 117 89 77.11227 -3.375721
p 116 88 76.34885 -2.7394905
p 117 87 75.538864 -11.692673
p 118 86 74.642555 -12.933945
p 119 85 73.826965 -11.632912
p 120 84 72.91356 -9.649532
p 121 83 72.065056 -8.896
p 122 84 71.36821 9.385052
p 123 83 69.95554 -0.43399048
p 124 82 69.30331 -5.369667
p 123 81 68.53318 1.2412682
p 124 80 67.79192 -3.2242699
p 125 79 67.10208 10.90942
p 124 78 66.405045 -0.9245682
p 123 77 65.73543 -4.2292366
p 122 76 65.2334 6.34103
p 123 75 64.29722 -1.4853973
p 124 74 63.65256 -3.209835
p 125 73 63.04388 -1.4923058
p 126 72 62.35643 1.791502
p 125 71 61.73685 2.0139008
p 124 70 61.194427 1.0842857
p 123 69 60.41914 2.0411682
p 122 68 59.762787 -0.27004242
p 123 67 59.06396 3.3389854
p 122 66 58.59982 3.367834
p 123 65 57.816334 4.2509766
p 122 64 57.198803 3.2835197
p 123 63 56.584106 0.6378155
p 122 62 55.998463 0.06521988
p 123 61 55.42008 -0.12196922
p 122 60 54.831707 -0.0034427643
p 123 59 54.24965 -0.13938332
p 124 58 53.721237 0.0030097961
p 123 57 53.25216 -0.03188896
p 123 56 52.73995 0.055225372
p 123 55 52.288345 0.04401779
p 122 54 51.843582 -0.06559372
p 123 53 51.468967 0.038532257
p 124 52 51.071186 -0.07675171
p 124 51 50.79396 8.621216E-4
p 124 50 50.603207 0.1057415
p 125 49 50.242752 -0.08864975
p 126 48 50.13272 0.1434555
p 125 47 49.879345 -0.08221054
p 125 46 49.72886 -0.12872505
p 125 45 49.69707 -0.0038871765
p 126 44 49.601418 0.03896141
p 127 43 49.51556 -0.057922363
p 128 42 49.48298 0.04362297
p 127 41 49.316776 0.02692604
p 127 40 49.242386 0.087537766
p 126 39 49.220627 -0.08450508
p 125 38 49.142548 -0.09350395
p 126 37 49.090343 -0.035787582
p 127 36 48.97211 -0.095401764
p 126 35 48.954258 0.017961502
p 126 34 48.919456 0.019163132
p 125 33 48.919456 0.017612457
p 125 32 48.834305 -0.033706665
p 124 31 48.807648 -0.08029556
p 125 31 48.807648 0.0037231445

c 40 9.481747
p 120 210 49.480938 0.065280914
p 121 209 49.59912 -0.029865265
p 122 208 49.773426 0.030138016
p 121 207 49.946056 -0.14657974
p 121 206 50.00971 -0.10484123
p 122 205 50.194588 0.094932556
p 121 204 50.389053 -0.026968002
p 122 203 50.66271 -0.014030457
p 123 202 50.957916 -0.04768181
p 123 201 51.144802 0.042259216
p 123 200 51.705498 0.22092819
p 122 199 51.85819 -0.10892105
p 122 198 51.999805 -0.1402092
p 121 197 52.437065 0.19665146
p 122 196 52.712936 -0.13474274
p 121 195 53.059036 -0.18718338
p 122 194 53.461674 -0.290596
p 123 193 53.89037 -0.008520126
p 123 192 54.283535 5.0316925
p 124 191 54.775955 5.4611797
p 123 190 55.399414 2.528843
p 124 189 55.99303 1.4927349
p 123 188 56.634575 -3.5397835
p 124 187 57.341576 0.1812706
p 123 186 58.10111 -3.5790825
p 122 185 58.962685 -7.6852875

c 41 28.390015
p 122 102 96.17771 1.1921082
p 123 101 89.77887 -12.126423
p 124 100 88.87258 -13.082012
p 125 99 87.89662 -12.442429
p 126 98 87.30361 -10.24062
p 127 97 86.558914 -10.029217
p 128 96 85.881134 -10.354881
p 129 95 85.04489 -10.411774
p 130 94 83.60263 -4.9846077
p 131 93 82.5773 -1.7926979
p 130 92 77.81716 -6.701626
p 129 91 76.950386 -6.429714
p 130 90 76.219315 -6.6017838
p 131 89 75.46752 -7.3300514
p 130 88 74.76141 2.1810913
p 131 87 74.11432 -7.2443504
p 132 86 73.49402 -6.7107124
p 133 85 72.624954 -3.8454247
p 132 84 71.91201 -7.806671
p 131 83 71.24466 -7.35421
p 130 82 70.5818 -8.159206
p 129 81 69.886444 -9.834171
p 128 80 69.14935 -12.430363
p 127 79 68.46694 -13.324059
p 126 78 67.7877 -11.861942

c 42 1.1259041
p 127 44 49.60351 0.13578033
p 128 43 49.48541 -0.16640472
p 129 42 49.47817 0.061216354
p 130 41 49.26043 0.017213821
p 131 41 49.260197 -0.0699234
p 132 40 49.260197 0.014497757
p 131 39 49.22326 -0.0035591125
p 132 38 49.14871 -0.04991722
p 133 38 49.112167 -0.086940765
p 134 37 49.112167 0.059793472
p 135 38 49.105484 0.04662323
p 136 37 49.08351 -0.041168213
p 137 36 49.030693 -0.11958313
p 137 35 48.997883 -0.1208477
p 136 34 48.905964 0.045269012
p 137 33 48.88363 -0.099882126
p 138 32 48.80967 -0.021507263
p 137 31 48.783237 -0.087724686
p 136 30 48.767605 -0.033988953
p 136 29 48.709045 -0.037786484
p 136 28 48.700523 -0.00481987
p 137 28 48.700523 -0.053388596
p 138 27 48.69627 0.026403427
p 137 26 48.621025 0.023885727
p 138 25 48.573936 -0.18066406
p 139 24 48.52623 -0.112342834
p 140 24 48.52623 -0.011859894
p 141 23 48.49736 -0.092279434
p 142 23 48.477608 -0.10214043
p 143 24 48.477608 -0.0724144

c 43 1.2362747
p 129 207 49.96023 0.05641365
p 129 208 49.715786 -0.05558014
p 130 209 49.569527 -0.12098503
p 131 210 49.451717 0.004556656
p 130 211 49.401787 -0.11070442
p 129 212 49.318474 -0.097229004
p 130 213 49.318474 0.0430851
p 131 214 49.222004 -0.06394386
p 132 214 49.21034 -0.07002449
p 133 215 49.13487 0.026504517
p 134 216 49.12836 1.0108948E-4
p 133 217 49.102055 -0.022993088
p 134 218 49.035152 -0.03494644
p 133 219 48.958797 -0.038394928
p 133 220 48.93763 0.013345718
p 133 221 48.880966 -0.030942917
p 134 222 48.835983 -0.199749
p 135 223 48.789875 -0.12326431
p 136 224 48.73603 -0.089113235
p 137 225 48.723957 -0.113515854
p 136 225 48.723957 -0.03844261

c 44 13.946075
p 129 207 49.96023 0.16791916
p 130 206 49.98333 -0.080797195
p 131 205 50.237988 -0.09802818
p 132 204 50.449917 -0.117204666
p 133 203 50.736965 0.079315186
p 134 202 51.028217 0.029970169
p 135 201 51.31556 -0.05176735
p 135 200 51.632008 -0.21540642
p 134 199 52.1096 0.10967636
p 135 198 52.36314 -0.04406166
p 134 197 52.56415 -0.12838173
p 134 196 53.010677 -0.049491882
p 133 195 53.413513 -0.14051056
p 132 194 53.867474 -0.057697296
p 131 193 54.440968 3.793785
p 132 192 54.97429 2.4925556
p 131 191 55.57284 0.81066513
p 132 190 56.215313 3.3149567
p 133 189 56.769226 -0.75201225
p 132 188 57.388824 0.7575989
p 133 187 57.99451 0.29453278
p 132 186 58.598225 4.287056
p 133 185 59.22583 -0.50787354
p 134 184 59.862484 -2.638626
p 135 183 60.510853 -4.9394493
p 134 182 61.142387 -4.4861946
p 133 181 61.921635 -5.212311
p 132 180 62.503426 -7.220421
p 131 179 63.180614 -8.222725
p 130 178 63.906307 -8.384785

c 45 21.051384
p 131 94 83.53869 -1.8750839
p 132 95 84.9203 -6.18771
p 133 96 85.87937 -7.40839
p 134 97 86.67895 -0.61283875
p 133 98 88.84503 -9.997387
p 132 99 94.89497 -1.1875343
p 132 100 96.96521 -0.6180115
p 131 101 98.2455 0.76023483
p 132 102 100.73945 -0.37321472
p 133 103 101.41577 -0.87480164
p 132 104 101.812294 0.0736084
p 133 105 103.32899 0.15740967
p 134 106 104.59007 0.53463745

c 46 52.53012
p 134 153 101.45335 -2.6848602
p 135 154 99.021866 -7.098213
p 136 155 97.75333 -7.7440796
p 137 156 96.85514 -6.964321
p 138 157 96.250336 -3.2944183
p 137 158 95.234566 -6.1852837
p 136 159 94.275085 1.1385689
p 137 160 93.18942 -1.2358932
p 138 161 91.67937 -1.9280853
p 139 162 90.15178 -0.5137062
p 139 163 87.96295 -3.1178246
p 138 164 84.190956 -5.6300926
p 139 165 83.316345 -8.106411
p 140 166 82.44882 -3.6613274
p 139 167 81.60637 -6.7195816
p 138 168 80.8125 -6.4250183
p 137 169 79.96723 -3.9201927
p 138 170 79.15695 -5.490837
p 139 171 78.34297 -6.367813
p 140 172 77.764114 -4.8684044
p 141 173 76.77831 -4.992939
p 142 174 75.85411 -2.4292374
p 141 175 75.02266 -1.3341064
p 140 176 74.09978 1.2339401
p 141 177 73.16525 5.0243034
p 142 178 71.62067 2.9083939
p 143 179 70.36585 -1.986084
p 144 180 68.996315 -2.6151314
p 143 181 67.184296 3.0556374
p 144 182 64.17958 -4.5388794
p 145 183 63.407528 -3.670597
p 146 184 62.812237 1.9286537
p 147 185 62.182045 11.215576
p 147 186 61.48835 2.9765816
p 146 187 58.938263 -3.4329834
p 147 188 58.16497 1.4774742
p 146 189 57.571667 5.320423
p 147 190 56.985542 5.991167
p 146 191 56.390396 5.644663
p 147 192 55.797607 5.628208
p 148 193 55.218983 0.029363632
p 147 194 54.66646 0.0028324127
p 146 195 54.157387 -0.0138607025
p 145 196 53.68855 0.019744873
p 146 197 53.208153 -0.13764572
p 146 198 52.670578 -0.0711956
p 146 199 52.249832 0.01068306
p 145 200 51.839405 0.015907288
p 144 201 51.45076 -0.022592545
p 143 202 51.08692 0.17206573
p 142 203 50.7281 -0.10705185
p 142 204 50.42631 -0.04450035
p 141 205 50.22748 0.024019241
p 141 206 50.121162 -0.09606171
p 141 207 50.044647 -0.12985611
p 141 208 49.90633 -0.21040344
p 140 209 49.818813 0.05888176
p 141 210 49.666084 -0.105768204
p 142 211 49.57988 -0.0021686554
p 141 212 49.49263 -0.021621704
p 142 213 49.371002 -0.0037269592
p 143 214 49.23537 -0.06663513
p 143 215 49.23537 0.024625778
p 144 216 49.075966 -0.17857361
p 143 217 49.075966 0.122047424
p 142 218 48.923225 -0.14510345
p 143 218 48.923225 -0.039396286

c 47 4.116352
p 135 39 49.134727 -0.023462296
p 135 40 49.24356 0.019382477
p 135 41 49.278404 -0.02677536
p 135 42 49.35709 0.0013160706
p 136 43 49.427673 -0.02854538
p 136 44 49.484413 -0.16758537
p 137 45 49.65608 -0.118284225
p 137 46 49.76717 -0.24251938
p 138 47 50.022877 0.17268753
p 137 48 50.168613 -0.062015533
p 137 49 50.347862 -0.0058956146
p 136 50 50.505905 0.036287308
p 137 51 50.598923 -0.026334763
p 136 52 51.03378 -0.022918701
p 135 53 51.34504 -0.004896164
p 136 54 51.59444 -0.11981964
p 136 55 51.860447 -0.03870392
p 136 56 52.16558 -0.086444855
p 136 57 52.431522 0.049037933
p 135 58 52.59646 -0.10017967
p 135 59 52.97208 -0.05750656
p 135 60 53.25108 -0.0061473846

c 48 3.725586
p 139 57 52.257244 0.0600605
p 140 56 51.94278 -0.029478073
p 141 55 51.70468 0.07956314
p 142 54 51.51 0.03601265
p 142 53 51.2512 -0.0054531097
p 143 52 50.966557 0.005088806
p 143 51 50.655834 0.029088974
p 144 50 50.5361 -0.06663895
p 145 49 50.39432 0.01981926
p 146 48 50.069824 -0.08085251
p 146 47 49.969986 -0.046365738
p 147 46 49.85321 0.06323433
p 148 45 49.655537 -0.1300602
p 147 44 49.62241 -0.035507202
p 146 43 49.534733 -0.07734871
p 145 42 49.4132 0.038352966
p 145 41 49.340446 0.029922485
p 144 40 49.219673 -0.048801422
p 145 39 49.140736 -0.08985329
p 145 38 49.09412 -0.10829353
p 145 37 48.956097 -0.21544456
p 146 36 48.93767 -0.011007309
p 147 35 48.90303 -0.012710571
p 148 34 48.90303 -0.038593292
p 147 33 48.860695 -0.065956116
p 146 32 48.82237 0.045459747
p 146 31 48.757805 -0.08843231
p 147 30 48.73063 -0.008869171
p 148 29 48.656628 -0.12269592
p 148 28 48.647015 -0.023571014
p 147 27 48.63912 0.015937805
p 147 26 48.63912 -0.026983261
p 148 25 48.59816 -0.05186844
p 147 24 48.53166 -0.0766201
p 146 24 48.53166 -0.040725708

c 49 10.857941
p 139 57 52.257244 -0.05803871
p 139 58 52.49854 -0.16760445
p 140 59 52.907852 -0.11525726
p 140 60 53.289673 -0.060632706
p 140 61 53.71158 -0.003900528
p 141 62 54.124687 4.467161
p 142 63 54.67216 5.442993
p 143 64 55.27969 5.038553
p 144 65 55.82001 3.1117954
p 143 66 56.43846 0.9963646
p 144 67 57.10527 -0.82369804
p 143 68 57.817066 -1.1366272
p 144 69 58.50862 -3.255783
p 145 70 59.154514 -2.5507088
p 146 71 59.986904 -3.7884789
p 145 72 60.619644 0.75595856
p 144 73 61.38997 -3.9141903
p 145 74 61.940914 8.799438
p 144 75 62.468998 -0.25671387
p 145 76 63.115185 -3.0205498

c 50 31.751549
p 144 158 94.004776 -0.31453323
p 145 159 93.50329 2.8957405
p 145 160 92.96417 0.43680954
p 146 161 91.886536 -0.94327545
p 147 162 85.66916 -8.009579
p 148 163 84.65687 -0.34918976
p 149 163 84.26961 0.8642845
p 150 164 83.267075 -1.8241768
p 151 165 82.77495 -3.6043434
p 152 166 82.15627 -0.36008835
p 151 167 81.3659 1.6838531
p 150 168 80.12134 4.440357
p 151 169 78.71987 5.3272705
p 152 170 77.0145 -2.8111267
p 152 171 74.25352 -4.0287476
p 153 172 69.41649 -8.169323
p 154 173 68.98512 -9.503204
p 155 174 67.695335 -11.542023
p 156 175 67.110596 -7.4101562
p 157 176 66.57695 -3.2682152
p 156 177 66.009445 -5.1010246
p 155 178 65.405655 -5.915512
p 154 179 64.97719 -4.861191
p 153 180 64.766174 -4.365143
p 152 181 64.12925 -0.36346436
p 151 182 63.69013 -2.1102219
p 150 183 63.21978 -3.2504463
p 149 184 62.77091 -3.9263496
p 148 185 62.253227 -2.943779

c 51 3.342472
p 147 36 48.92672 -0.08797455
p 148 37 49.03595 -0.065496445
p 148 38 49.07503 0.03109169
p 149 39 49.167393 -0.021928787
p 150 40 49.24125 -0.008272171
p 149 41 49.367214 -0.1333065
p 149 42 49.462585 -0.22618294
p 150 43 49.57963 -0.11532593
p 151 44 49.679256 -0.0033035278
p 150 45 49.769855 0.06646156
p 151 46 49.802963 -0.0693531
p 152 47 49.975414 -0.035375595
p 153 48 50.046364 -0.04439926
p 152 49 50.220818 -0.08725357
p 151 50 50.448406 0.17210388
p 152 51 50.63926 -0.114522934
p 152 52 50.83644 -0.1030426
p 153 53 51.181755 0.13410568
p 152 54 51.321262 -0.15698814
p 151 55 51.63315 0.022447586
p 152 56 51.94352 0.019479752
p 151 57 52.188942 0.04283333
p 152 58 52.26919 -0.09516525

c 52 50.572712
p 148 105 99.07531 -2.1824112
p 149 104 97.3832 -3.6561852
p 150 103 96.13938 -3.1678467
p 151 102 95.41266 -3.2639046
p 152 101 94.23862 -2.3822594
p 153 100 92.64928 -2.8018875
p 154 99 91.341 -3.807972
p 155 98 90.56424 -3.743782
p 156 97 90.233986 -4.3345337
p 157 96 90.12482 -2.031067
p 158 95 89.83923 -1.2449417
p 159 95 79.92575 -8.914814
p 160 94 78.19207 -10.242992
p 161 93 77.670525 -9.011662
p 162 92 77.61167 -7.35231
p 163 91 77.59564 -8.08894
p 164 90 77.13139 1.0897942
p 165 90 77.228584 2.5594215
p 166 89 76.51539 4.6680145
p 167 88 75.964836 2.7446976
p 167 87 75.66023 -3.0018768
p 168 86 73.05958 -4.6227036
p 169 85 72.40931 -3.5956955
p 170 84 70.898186 -5.5923805
p 171 83 70.10441 -3.249649
p 172 82 69.5016 -1.0893059
p 171 81 68.90796 0.27301407
p 170 80 68.25449 2.46949
p 171 79 67.65067 3.3347626
p 170 78 67.01212 3.59058
p 169 77 66.47056 3.4208946
p 168 76 65.74474 -7.563156
p 169 75 65.10206 5.099983
p 168 74 64.50361 1.7829819
p 169 73 63.810417 0.55290604
p 168 72 63.227276 16.314392
p 169 71 62.62727 6.863346
p 170 70 62.024876 4.6492004
p 171 69 61.49078 3.7581768
p 170 68 61.062225 3.8704643
p 170 67 60.59664 -2.9862099
p 171 66 58.203514 -0.5508461
p 170 65 57.475174 3.4517555
p 169 64 56.721794 4.050171
p 168 63 55.958496 4.2579346
p 167 62 55.32734 2.2591915
p 166 61 54.767582 0.07613945
p 167 60 54.187992 -0.5713558
p 166 59 53.73414 -0.45746994
p 165 58 53.25192 -0.4407692
p 164 57 52.840813 -0.33434296
p 163 56 52.376648 -0.24498367
p 162 55 51.97498 -0.20516014
p 161 54 51.468872 -0.044706345
p 162 53 51.21374 -0.037706375
p 162 52 50.91983 -0.014760971
p 162 51 50.612118 -0.13383102
p 163 50 50.384136 0.12729263
p 162 49 50.106564 -0.014749527
p 163 48 50.02323 0.06500244
p 164 47 49.856647 0.03537941
p 165 46 49.73195 -0.030546188
p 166 45 49.630215 0.02722168
p 166 44 49.60234 -0.0012607574
p 167 43 49.496445 -0.08447838
p 167 42 49.378178 -0.0883255
p 166 41 49.378178 -0.021507263
p 165 40 49.255375 -0.07319069
p 164 39 49.206997 -0.085638046
p 165 38 49.206997 0.062408447
p 164 37 49.069427 -0.12751198
p 163 36 49.02019 0.009469986
p 163 35 49.011448 -0.036132812
p 163 34 48.932926 -0.1230011
p 164 33 48.932926 0.08802223
p 164 32 48.87353 -0.07273102
p 163 31 48.82443 -0.09554672
p 162 30 48.762703 -0.06649208
p 161 29 48.70969 0.045627594
p 160 28 48.622322 -0.021968842
p 160 27 48.622322 -0.011697769
p 159 26 48.60975 -0.030704498
p 159 25 48.5969 -0.111047745
p 159 24 48.572018 -0.057966232
p 159 23 48.565243 0.028921127
p 160 22 48.54093 -0.051502228
p 161 21 48.54093 -0.03561783
p 162 20 48.502598 -0.042201996
p 163 20 48.502598 -0.02690506

c 53 12.724495
p 150 162 84.68145 -7.170658
p 151 161 85.23719 -7.616993
p 152 160 85.73445 -7.310898
p 153 159 86.18708 -7.6241035
p 154 158 86.90421 -9.423744
p 155 157 87.88998 -6.0050545
p 154 156 88.94961 2.2037315
p 155 155 90.367004 -10.118557
p 156 154 92.35522 -3.5255852
p 155 153 93.57227 -7.093235
p 154 152 97.405945 -6.053089

c 54 19.139488
p 158 104 97.21042 -2.7228012
p 159 103 94.55907 -5.8363724
p 160 102 92.72428 -6.7579727
p 161 101 91.69929 -1.3115883
p 162 102 90.61958 4.0140953
p 163 101 89.78097 -0.86434937
p 164 100 88.88086 -1.7257042
p 165 99 87.97217 -2.1248589
p 166 98 87.06262 -3.1015282
p 167 97 86.20783 -4.025364
p 168 96 85.2035 -2.6829605
p 169 95 84.2486 4.5697327
p 168 94 83.46213 -0.09233093
p 168 93 83.07522 1.3827477
p 167 92 78.92449 -2.9970436
p 166 91 78.07093 -1.5309029

c 55 3.8099594
p 162 195 52.42675 -0.07829094
p 162 196 52.247326 -0.055063248
p 163 197 52.046974 -0.09038925
p 164 198 51.86536 -0.039064407
p 165 199 51.530525 -0.107271194
p 166 200 51.439762 0.008493423
p 167 201 51.057472 -0.15551949
p 168 202 50.810356 -0.029123306
p 168 203 50.542248 -0.002752304
p 168 204 50.43509 0.058433533
p 169 205 50.229004 0.04668045
p 170 206 50.061146 -0.08500099
p 171 207 49.920174 0.011253357
p 170 208 49.783836 -0.043109894
p 170 209 49.699932 -0.06278801
p 169 210 49.629803 -0.06983566
p 168 211 49.612843 0.0014362335
p 168 212 49.426525 -0.19299698
p 168 213 49.327698 -0.14170265
p 167 214 49.25965 -0.016435623
p 167 215 49.222797 -0.05035591
p 166 216 49.222797 0.04603386
p 165 217 49.114082 -0.15836334
p 165 218 49.07425 -0.1456604
p 165 219 49.038185 -0.09956169
p 166 220 49.014225 -0.011167526
p 166 221 48.92882 -0.06127739
p 165 222 48.91163 -0.083553314
p 164 222 48.859577 -0.13207054
p 163 223 48.85193 -0.09790039
p 162 224 48.840904 -0.033664703
p 163 225 48.796413 -0.0857811
p 164 226 48.733772 -0.030151367
p 163 227 48.697414 -0.085289
p 163 228 48.697414 -0.07228279
p 164 229 48.61679 -0.09834099
p 163 229 48.61679 -0.069826126

c 56 21.53978
p 167 172 69.8974 -5.316498
p 168 173 69.09086 -4.0028496
p 169 174 68.425896 -5.341976
p 170 175 67.177025 -5.535759
p 171 176 66.408 -7.124531
p 172 177 65.71695 -5.425411
p 173 178 65.09911 1.0849533
p 174 179 64.45825 -0.19393921
p 175 180 63.238632 -5.307579
p 176 181 62.46964 -1.4749031
p 177 182 61.710083 -0.65826035
p 176 183 61.00413 -1.5667896
p 177 184 60.296272 3.7237244
p 176 185 59.600872 0.0026893616
p 177 186 58.950344 0.6348343
p 178 187 58.31834 -3.6773052
p 177 188 57.58316 0.375
p 176 189 56.894527 -3.4556408
p 177 190 56.196335 9.828632
p 176 191 55.510002 5.802147
p 175 192 54.796707 4.9890194
p 174 193 54.24851 3.6777077
p 173 194 53.694416 0.042102814
p 174 195 53.13295 -0.057714462
p 175 196 52.66537 0.07624817
p 174 197 52.222214 -0.029956818
p 173 198 51.85369 0.045326233
p 174 199 51.517788 0.002128601
p 175 200 51.233032 0.0607872
p 176 201 50.920315 -0.17053795
p 175 202 50.626877 -0.14255142
p 176 203 50.5135 0.028657913
p 176 204 50.325447 -0.06799698
p 175 205 50.103443 0.036478043
p 174 206 49.99635 -0.019111633
p 173 207 49.93187 0.030191422
p 174 208 49.802387 -0.101099014
p 174 209 49.69307 -0.017921448
p 175 210 49.588474 0.05955696
p 174 211 49.48033 -0.016540527
p 175 212 49.45418 0.08189201
p 174 213 49.398956 0.032510757
p 175 214 49.298523 -0.03075409
p 174 215 49.238346 -0.07478714
p 174 216 49.229263 0.032302856
p 175 217 49.188572 -0.12436676
p 175 218 49.07697 -0.17969894
p 176 219 49.040894 -0.118421555
p 176 220 49.040894 -0.0028324127
p 175 221 48.99598 -0.085128784
p 175 222 48.935375 -0.030118942
p 174 223 48.86833 -0.023210526
p 174 224 48.827744 -0.06158638
p 175 225 48.7909 0.04394722
p 175 226 48.707336 0.041965485
p 176 227 48.703728 -0.07463646
p 177 228 48.689415 -0.0053195953
p 176 229 48.62683 -0.0313015
p 175 230 48.61277 -0.019334793
p 175 231 48.61277 -0.028879166
p 175 232 48.56414 -0.060209274
p 174 233 48.56414 0.04857254
p 175 234 48.533638 -0.06734657
p 175 235 48.51072 -0.04953575
p 174 236 48.478344 0.0077552795
p 175 237 48.478344 -0.06046486
p 175 238 48.47443 -0.04628563
p 175 239 48.448853 -0.099998474
p 174 240 48.432407 -0.10760307
p 174 241 48.40673 -0.036136627
p 173 242 48.39952 -0.031930923
p 173 243 48.39952 -0.029460907
p 174 244 48.391575 -0.0046749115
p 175 245 48.35762 0.04358864
p 174 246 48.35762 -0.015659332

c 57 31.981415
p 167 172 69.8974 -9.012753
p 168 171 70.791306 -13.520664
p 169 170 71.71981 -12.142113
p 170 169 72.65818 -10.036232
p 171 168 73.67853 -9.43362
p 172 167 74.4435 -9.744843
p 173 166 75.70867 -10.029697
p 174 165 76.64057 -0.3203354
p 173 164 79.03479 -11.696857
p 172 163 80.95633 -13.342178
p 171 162 82.684166 -10.711227
p 170 161 88.37522 3.3590622
p 170 160 89.40249 -0.95364
p 171 159 91.270706 -1.151329
p 170 158 93.09097 -4.2006264
p 169 157 94.44034 -0.74869156
p 170 156 95.932 -5.073864
p 171 155 96.89573 -4.843525
p 172 154 98.021355 -0.3514328
p 171 153 100.090546 -4.688835
p 170 152 101.878815 -3.5810966

c 58 0.6414223
p 168 21 48.494793 -0.07108307
p 168 22 48.494793 -0.009252548
p 169 22 48.503876 -0.1013813
p 170 23 48.527233 -0.06119919
p 171 24 48.576317 0.033420563
p 171 25 48.63265 -0.018096924
p 172 26 48.69455 -0.013856888
p 172 27 48.726994 0.012622833
p 173 28 48.727684 0.062480927
p 174 29 48.78413 -0.09910011
p 175 30 48.853207 0.025278091
p 174 31 48.86297 -0.061798096
p 174 32 48.891857 -0.048950195
p 173 33 48.891857 -0.027763367
p 173 34 48.950214 0.024972916
p 173 35 49.056396 5.5885315E-4
p 174 36 49.061745 -0.01329422
p 173 37 49.10669 0.008211136
p 172 38 49.136215 0.02301979

c 59 14.889351
p 169 94 83.72286 2.340252
p 170 95 84.438354 -0.010662079
p 171 96 85.30337 -1.6619911
p 172 97 86.20111 0.074832916
p 171 98 87.11989 3.4895477
p 172 99 88.12467 4.3778725
p 173 100 88.98871 4.7567406
p 174 101 89.89101 -1.2534676
p 173 102 90.71916 1.0553513
p 174 103 92.358536 -3.441101
p 175 104 93.27189 -6.213909
p 176 105 94.17745 -7.072586
p 177 106 95.00759 -5.551861
p 178 107 96.10276 -6.1454506
p 179 108 97.03895 -6.87529
p 180 109 98.61221 -5.617817

c 60 37.377926
p 171 68 61.316303 -0.25912094
p 172 69 61.840775 -1.8075829
p 173 70 62.468548 -1.8112411
p 174 71 63.162495 -0.5807266
p 175 72 63.899315 -0.77041626
p 176 73 64.59013 -0.5039673
p 177 74 65.215355 -0.45270538
p 178 75 65.86069 -2.7787971
p 177 76 66.50083 6.418846
p 178 77 67.13726 1.4985428
p 179 78 67.816635 1.52631
p 180 79 68.519585 1.5013542
p 181 80 69.35175 -4.0978737
p 180 81 69.97888 4.241642
p 181 82 70.791885 -1.8732948
p 182 83 71.46625 -1.0687675
p 183 84 72.2487 -4.0401573
p 182 85 73.008354 2.4687462
p 183 86 73.799255 -4.1933556
p 184 87 74.57579 -4.335434
p 185 88 75.30075 -4.600609
p 186 89 76.025085 -5.113312
p 187 90 76.79752 0.32392883
p 186 91 77.50111 -7.2053947
p 185 92 78.654045 -9.169376
p 184 93 79.561615 -6.7173576
p 185 94 81.54746 -10.219112
p 186 95 85.96182 -1.4156342
p 186 96 90.84757 -1.2259483
p 185 97 92.13973 -0.5469551
p 184 98 92.77198 -3.0714302
p 185 99 93.27217 -2.7732925
p 186 100 93.66194 -2.460514
p 187 101 94.345825 -2.9691925
p 188 102 95.58906 -3.3362694
p 189 103 97.17603 -3.6448135
p 190 104 98.69423 -3.9500427

c 61 4.4758797
p 181 60 53.71082 -0.09176445
p 182 59 53.248577 -0.028787613
p 183 58 52.84504 -0.08669281
p 184 57 52.474735 -0.011035919
p 183 56 52.156826 -0.019355774
p 184 55 51.90615 0.013578415
p 184 54 51.557404 -0.06576347
p 185 53 51.231544 0.023582458
p 184 52 50.93857 -0.19828606
p 183 51 50.74299 0.022504807
p 184 50 50.43204 -0.042057037
p 183 49 50.200974 -0.041181564
p 183 48 50.114788 0.029752731
p 184 47 49.871895 -0.07671547
p 185 46 49.832634 -0.040668488
p 186 45 49.750572 -0.024791718
p 185 44 49.64782 -5.7411194E-4
p 186 43 49.504192 0.07669258
p 186 42 49.4694 0.023384094
p 185 41 49.344887 -0.24084663
p 184 41 49.344887 -0.10450745
p 183 40 49.273518 -0.0650959
p 182 39 49.23494 -0.0033512115

c 62 17.777187
p 181 60 53.71082 0.073387146
p 181 61 54.14049 -0.026397705
p 182 62 54.59723 0.18954086
p 183 63 55.103294 0.48636055
p 184 64 55.70189 -0.8519821
p 185 65 56.320583 0.4785881
p 186 66 56.934303 3.4117222
p 187 67 57.571293 -3.7255192
p 186 68 58.21282 1.7665062
p 187 69 58.912354 -0.8666687
p 188 70 59.569687 0.036247253
p 189 71 60.165268 0.20138168
p 188 72 60.773434 8.417294
p 189 73 61.46455 5.1990395
p 188 74 62.18665 2.0613937
p 187 75 62.76302 -1.5862942
p 188 76 63.409042 6.957245
p 187 77 64.08696 -1.1762352
p 188 78 64.71508 -4.5533943
p 189 79 65.36118 -3.7516136
p 190 80 65.96413 -5.2456017
p 189 81 66.59709 6.4614105
p 190 82 67.33485 -2.7339516
p 191 83 68.20173 -4.720501
p 192 84 68.89415 -6.41811
p 193 85 69.64649 -6.9441757
p 194 86 70.48296 -7.162159
p 195 87 71.48801 -7.814949

c 63 4.4095993
p 184 193 53.307568 0.39128113
p 185 194 52.953575 0.21427727
p 186 195 52.559734 -0.09597397
p 186 196 52.317795 0.18708801
p 187 197 51.914474 -0.011035919
p 188 198 51.605663 0.11400032
p 189 199 51.18329 0.015016556
p 189 200 51.00243 0.057617188
p 190 201 50.76588 -0.009815216
p 189 202 50.52387 -0.10258484
p 190 203 50.46466 -0.0018749237
p 190 204 50.264114 -0.0994606
p 191 205 50.192596 -0.02428627
p 192 206 50.071186 -0.037899017
p 193 207 49.977074 -0.015497208
p 193 208 49.814762 -0.054151535
p 192 209 49.652035 -0.04540062
p 192 210 49.55335 0.0399971
p 191 211 49.50211 0.111120224
p 190 212 49.41605 -0.021036148
p 191 213 49.369606 -0.04544449
p 192 214 49.303482 -0.027210236
p 191 215 49.142944 -0.1014328
p 191 216 49.11599 -0.09039116
p 191 217 49.04588 -0.1027832
p 190 218 48.959675 -0.07055855
p 189 219 48.917973 -0.024341583
p 190 220 48.907963 -0.059574127
p 191 220 48.907963 -0.026521683
p 192 220 48.89797 -0.03326416
p 192 219 48.89797 0.029123306

c 64 0.38490295
p 190 32 48.89663 -0.098321915
p 191 31 48.842175 -0.13525963
p 192 30 48.76188 -0.21488762
p 193 29 48.754303 0.08675957
p 193 28 48.74289 0.04094124
p 192 27 48.74289 0.013528824
p 193 26 48.71031 -0.0358181
p 193 25 48.66158 -0.022249222
p 193 24 48.630592 -0.0708828
p 193 23 48.60201 -0.0639267
p 194 22 48.579746 -0.007329941
p 193 21 48.56274 0.029651642
p 192 20 48.553406 -0.02865982
p 192 19 48.511726 -0.079322815
p 193 18 48.511726 -0.07449913

c 65 26.326523
p 196 172 75.41799 -6.9433403
p 197 173 74.37137 -10.195496
p 198 174 73.28799 -9.465462
p 199 175 72.44726 -7.4121857
p 200 176 71.71495 -7.2930107
p 201 177 71.083466 -4.637043
p 202 178 70.60332 1.8087578
p 203 179 70.12071 -2.0764809
p 202 180 69.552376 0.52352524
p 203 181 68.88468 0.16616821
p 204 182 68.124016 -0.37163544
p 205 183 67.24723 -1.2435837
p 206 184 66.18634 -2.4784546
p 207 183 65.003494 5.7053185
p 208 184 63.190277 3.9340744
p 209 185 61.255474 -1.1994934
p 210 186 60.672493 0.868351
p 209 187 60.538807 7.696888
p 209 188 60.538807 -0.55288696
p 208 189 55.273678 -4.625086
p 209 190 54.243496 9.590893
p 208 191 53.687325 6.6612206
p 207 192 53.0375 3.8513927
p 206 193 52.653595 3.5695992
p 205 194 52.26064 -0.02632904
p 206 195 51.919678 -0.013837814
p 207 196 51.6699 -0.15579605
p 207 197 51.4491 -0.019309998
p 206 198 51.185696 -0.024522781
p 205 199 50.988564 0.077480316
p 205 200 50.74434 0.016431808
p 204 201 50.638893 -0.02124405
p 203 202 50.461403 -0.040332794
p 203 203 50.290718 0.016904831
p 202 204 50.241634 0.050434113
p 203 205 50.163307 -0.01533699
p 204 206 50.094696 -0.045898438
p 204 207 49.960354 -0.080524445
p 204 208 49.91856 -0.055768967
p 204 209 49.809345 -0.038316727
p 204 210 49.64087 -0.070957184
p 204 211 49.636677 0.05861473
p 203 212 49.556896 -0.1219368
p 202 212 49.480724 -0.028047562
p 202 213 49.480724 -0.008214951
p 203 214 49.399033 -0.06119156
p 202 215 49.364155 -0.076789856
p 202 216 49.293797 0.021923065
p 202 217 49.208378 -0.017044067
p 201 218 49.09147 -0.04986763
p 202 218 49.09147 -0.065366745

c 66 3.141121
p 199 56 51.774307 -0.0055789948
p 200 55 51.49598 -0.06494522
p 201 54 51.233364 -0.12047768
p 202 53 51.00469 -0.031282425
p 202 52 50.75433 -0.08688736
p 203 51 50.50381 -0.023231506
p 202 50 50.357944 0.022079468
p 201 49 50.054024 -0.11891556
p 202 48 50.042828 0.022989273
p 203 47 49.89825 -0.079761505
p 202 46 49.773605 -0.054985046
p 203 45 49.698875 0.036985397
p 203 44 49.625736 0.06127739
p 204 43 49.541252 -0.036132812
p 203 42 49.446293 -0.11865997
p 202 41 49.405235 0.09521866
p 202 40 49.24766 -0.043727875
p 203 39 49.21421 -0.022691727
p 204 38 49.21421 -0.024597168
p 203 37 49.14388 -0.046182632
p 203 36 49.095917 -0.10192108
p 202 35 49.04019 -0.16565895
p 201 34 49.001442 -0.038936615
p 202 33 48.9891 -0.07665825
p 203 32 48.933224 -0.099910736
p 202 31 48.884495 -0.04022789
p 203 30 48.834293 -0.067733765
p 202 29 48.831448 0.023759842
p 202 28 48.7711 -0.03393936
p 201 27 48.69529 0.03983879
p 202 26 48.633186 -0.067647934
p 203 25 48.633186 -8.8882446E-4

c 67 46.659477
p 200 156 95.639946 -4.826851
p 201 157 94.71272 -4.363308
p 202 158 93.73155 -3.4009895
p 203 159 93.020615 -2.3288612
p 204 160 92.22914 -4.53141
p 205 161 91.31722 -4.735756
p 206 162 90.76079 -3.6560287
p 207 163 89.88311 -2.0066986
p 208 164 89.17019 0.037826538
p 209 165 88.422806 -0.59506226
p 210 166 87.97337 -0.53896713
p 211 167 87.24223 -1.0583458
p 212 168 86.64371 2.227726
p 213 169 85.87385 -1.5826683
p 214 168 85.2661 2.6698227
p 215 169 84.67866 1.6718369
p 216 170 84.04495 2.4348335
p 217 171 83.47742 2.1799202
p 218 172 82.81228 0.0131073
p 219 173 82.25355 0.21909332
p 220 174 81.65776 1.384098
p 221 175 80.87936 2.167385
p 222 176 80.11173 2.8584518
p 223 177 79.60845 2.8993073
p 224 178 78.81752 4.484066
p 225 179 78.20214 -0.95941544
p 226 178 77.63229 1.2031174
p 227 179 77.11583 2.568081
p 228 180 76.51812 6.9086113
p 229 181 75.99368 8.319424
p 230 182 75.26692 4.4476776
p 231 183 74.69824 4.7841263
p 232 184 74.113556 4.1146355
p 233 185 73.55058 -1.2846146
p 234 184 73.0017 6.8157806
p 235 185 72.44462 2.6430664
p 236 186 71.85171 -1.81316
p 237 185 71.22847 9.193459
p 238 186 70.629524 0.43343353
p 239 185 70.04911 6.2963867
p 240 186 69.4647 0.43232727
p 241 185 68.87755 3.965664
p 242 186 68.29968 0.2407341
p 243 185 67.7407 3.0154915
p 244 184 67.20599 3.274807
p 245 183 66.68973 2.382721
p 246 182 66.24184 0.96086884
p 247 183 65.67175 2.5441818
p 248 184 65.05994 5.742939
p 249 185 64.37277 2.323372
p 250 184 63.809635 1.9832573
p 251 185 63.293243 7.700451
p 252 186 62.45695 8.093445
p 253 187 61.8035 21.269253
p 254 188 61.159676 0.009624481
p 253 189 60.54034 17.927471
p 252 190 59.8209 -2.279911
p 251 191 59.30745 0.2856083
p 250 192 58.72518 2.6809826
p 249 193 58.14074 5.874634E-4
p 248 192 57.558243 7.104683
p 247 193 56.988358 0.80615044
p 246 194 56.461063 -0.5183029
p 245 195 55.913097 -0.49795723
p 244 196 55.386127 -0.54066277
p 243 197 54.89185 -0.049468994
p 242 196 54.499207 0.10136032
p 241 197 54.036503 -0.027700424
p 240 198 53.59011 -0.12310028
p 239 197 53.2818 0.070056915
p 238 198 52.89004 -0.08727455
p 237 199 52.557095 0.07767105
p 236 200 52.2557 0.027498245
p 235 201 51.93668 -0.059515
p 234 202 51.73119 -0.092941284
p 233 203 51.564747 0.042369843
p 232 204 51.368496 -0.07689476
p 232 205 51.338802 -0.01389122
p 231 206 51.187546 0.006969452
p 230 207 50.910206 -0.09110832
p 230 208 50.722927 -0.056972504
p 229 209 50.544872 -0.016889572
p 229 210 50.249733 -0.24208069
p 228 211 50.069958 -0.04203987
p 227 212 49.884632 -0.063676834
p 227 213 49.631195 0.013786316
p 227 214 49.44161 -0.16355515
p 226 215 49.401054 0.016241074
p 225 216 49.30674 -0.031042099
p 225 217 49.271156 -0.059970856
p 225 218 49.141724 -0.11846924
p 224 219 49.064156 -0.0056209564
p 223 220 48.98377 0.037817
p 222 221 48.98047 -0.07714081
p 221 221 48.98047 -0.0217762

c 68 2.825634
p 203 41 49.433407 0.06857109
p 204 42 49.526882 0.062885284
p 205 43 49.540424 -0.047784805
p 206 44 49.60916 -0.010881424
p 207 45 49.68444 -0.051063538
p 206 46 49.810875 0.011604309
p 205 47 49.872005 4.5394897E-4
p 206 48 49.997913 -0.110378265
p 206 49 50.156734 -0.08564758
p 207 50 50.317062 0.049871445
p 206 51 50.477016 -0.076696396
p 206 52 50.684242 0.053733826
p 205 53 50.96401 -0.071063995
p 204 54 51.18028 1.6975403E-4
p 204 55 51.444633 -0.052257538
p 204 56 51.651657 -0.024383545
p 204 57 52.128605 0.07138634
p 205 58 52.25904 -0.28143692

c 69 0.542984
p 205 220 48.985455 -0.05814743
p 205 221 48.985455 -0.09887886
p 206 222 48.957623 -0.036289215
p 207 223 48.889057 -0.18541336
p 208 224 48.889057 -0.044122696
p 209 225 48.85418 -0.025770187
p 209 226 48.77264 -0.021783829
p 209 227 48.741688 0.023155212
p 209 228 48.722492 -0.056362152
p 209 229 48.6688 -0.12630081
p 208 230 48.659348 -0.005455017
p 207 231 48.629433 0.0080013275
p 207 232 48.597866 -0.119400024
p 206 233 48.591328 -0.013116837
p 207 234 48.538513 -0.1195755
p 208 235 48.538513 -0.08961105
p 208 236 48.485027 -0.040205
p 209 237 48.473328 -0.077280045
p 210 238 48.46617 -0.014312744
p 209 239 48.451313 -0.113845825
p 208 239 48.44247 -0.012876511
p 207 239 48.44247 0.02028656

c 70 1.2568169
p 205 220 48.985455 -0.17689705
p 206 219 49.042477 -0.100645065
p 206 218 49.205936 -0.06728935
p 206 217 49.261715 -0.102090836
p 207 216 49.304317 -0.003129959
p 206 215 49.41575 -0.14117432
p 206 214 49.439137 -0.027381897
p 207 213 49.498302 -0.093364716
p 207 212 49.628468 -0.066516876
p 208 211 49.793583 0.0012512207
p 209 210 49.793583 -0.052007675
p 210 209 49.894512 -0.04026413
p 211 208 49.981834 -0.046772003
p 212 207 50.12109 -0.08318901
p 212 206 50.162838 0.028404236
p 213 206 50.182495 -0.03330612
p 214 206 50.24227 -0.03401375

c 71 16.771915
p 206 79 65.341385 -4.804825
p 207 78 64.622 -5.969303
p 208 77 63.846764 -5.483837
p 209 76 63.14955 -2.1171913
p 210 75 62.558956 -2.6892128
p 209 74 61.88896 1.1526871
p 210 73 61.17884 -6.272606
p 211 72 60.557735 -9.614769
p 212 71 59.93097 -9.49659
p 213 70 59.329643 -8.587128
p 214 69 58.719685 -4.970829
p 215 68 58.060345 -0.37755013
p 216 67 57.43844 -4.3974056
p 215 66 56.840603 2.4322777
p 216 65 56.253475 4.3635693
p 217 64 55.674595 4.699871
p 218 63 55.12902 -0.09575462
p 218 62 54.596916 -0.1944027
p 218 61 54.111088 -0.119277954
p 218 60 53.577995 -0.026737213
p 217 59 53.089638 0.039302826
p 216 58 52.68136 0.00737381
p 216 57 52.264244 -0.03640175
p 216 56 51.82361 -0.0052490234
p 217 55 51.53081 0.05927086
p 218 54 51.234077 0.008144379
p 218 53 50.98161 -0.055664062
p 218 52 50.799213 -0.04365349
p 218 51 50.632446 0.15689278
p 217 50 50.42492 -0.13716125
p 216 49 50.272495 0.011325836
p 215 49 50.19129 -0.12102127
p 214 48 50.043533 -0.03589058
p 213 47 49.953064 0.0031700134
p 214 46 49.85764 0.011550903
p 213 45 49.761948 -0.15423775
p 213 44 49.63621 -0.1504898
p 212 43 49.522873 0.09838867
p 213 42 49.456646 -0.12147331
p 214 41 49.402107 -0.019691467
p 213 40 49.3398 -0.06455994
p 213 39 49.205444 -0.039520264
p 212 38 49.19481 0.047727585
p 211 37 49.19481 -0.057195663
p 210 36 49.155506 0.016698837
p 211 35 49.110714 -0.044359207
p 212 34 49.05714 -0.1419735
p 213 33 49.017815 0.026712418
p 212 32 48.942173 -0.07920647
p 212 31 48.868942 -0.06842995
p 212 30 48.86741 -0.12037277
p 211 29 48.841507 -0.09672737
p 210 28 48.77923 -0.02696228
p 210 27 48.746834 -0.060756683
p 211 26 48.711735 -0.056848526
p 211 25 48.69364 -0.025291443
p 212 24 48.59702 -0.082546234
p 212 23 48.57695 0.0065631866
p 213 22 48.57695 -0.060359955
p 214 21 48.56947 0.0383358
p 213 21 48.56947 0.036525726

c 72 26.317123
p 206 150 93.14198 -3.757244
p 207 149 92.32378 3.5009003
p 208 150 91.40061 -2.5984688
p 209 151 90.653915 -0.92194366
p 210 152 90.24406 -1.688221
p 211 151 89.55151 3.2789955
p 212 152 88.834854 -0.6044731
p 213 153 88.10322 -0.7623329
p 214 154 87.52861 -0.35998917
p 215 155 86.77529 0.044612885
p 216 156 86.14433 0.5585823
p 217 157 85.54287 2.0653687
p 218 158 84.95377 4.8842773
p 218 159 84.43428 6.3995514
p 219 160 83.84958 5.21912
p 219 161 82.883835 3.6615486
p 220 162 82.318924 3.1446152
p 221 163 81.63577 6.005436
p 222 164 80.98992 5.804413
p 223 165 80.258194 3.4818344
p 224 166 79.54707 0.6029396
p 225 167 78.91255 -0.7187996
p 226 168 78.35688 -1.6269531
p 227 169 77.81567 -2.2354622
p 228 170 77.058945 -2.3225212
p 229 171 76.40281 -0.09510422
p 230 172 75.762505 3.090126
p 231 173 75.17552 -1.5400352
p 232 172 74.57949 -0.20877457
p 233 173 73.97334 2.4142494
p 234 172 73.41584 3.5083275
p 235 173 72.828064 6.99271
p 236 174 72.31476 8.876869
p 237 175 71.80025 8.948349
p 238 176 71.11354 8.56918
p 239 177 70.34841 7.64571
p 240 178 69.70592 -1.8820839
p 241 177 69.14161 8.280003
p 242 178 68.56274 4.7042427
p 243 179 68.01764 1.8471031
p 244 180 67.45292 3.2422943
p 245 181 66.82486 2.6411362

c 73 24.887848
p 212 142 98.96221 -1.4390182
p 213 143 96.94251 -2.1777267
p 214 144 95.534035 -3.518013
p 215 145 94.61786 -4.2525597
p 216 146 93.66925 -3.9491959
p 217 147 92.90478 -2.5878792
p 218 148 92.2615 -1.8741684
p 219 149 91.38513 -2.091179
p 220 150 90.34993 -2.085884
p 221 151 89.43941 -1.7832718
p 222 152 88.62811 -2.053852
p 223 153 87.8198 -1.2224007
p 224 154 86.98598 0.31931686
p 225 155 85.82661 1.6516647
p 226 156 84.716095 0.4447174
p 227 157 83.56377 0.3858757
p 228 158 82.878876 0.41239166
p 229 159 82.16951 0.5243912
p 230 160 81.40646 -0.8713722
p 231 161 80.70182 -3.9130783
p 232 162 80.03439 -5.9769096
p 233 163 79.34825 -7.147007
p 234 164 78.6248 -1.63414
p 233 165 77.91045 2.5876007
p 234 166 77.3391 1.3576698
p 233 167 76.70108 9.495026
p 234 168 76.03104 1.5141869
p 235 169 75.351555 -0.8653412
p 236 170 74.730804 -2.0749931
p 235 171 74.07436 -0.5578575

c 74 13.891132
p 214 87 72.597244 -7.607189
p 215 86 71.66265 -7.5014114
p 216 85 70.9215 -8.289322
p 217 84 70.1402 -8.750946
p 218 83 69.257416 -10.233276
p 219 82 68.51404 -10.453529
p 220 81 67.77797 -9.111214
p 221 80 67.09486 -8.427868
p 220 79 66.357124 -11.257919
p 219 78 65.628 -12.35733
p 218 77 64.819145 -6.0794945
p 217 76 63.918194 -3.1427689
p 218 75 63.085835 -4.177738
p 217 74 62.439674 2.5217552
p 218 73 61.642715 12.579857
p 217 72 61.17234 0.71375656
p 218 71 60.28476 10.938049
p 217 70 59.317654 0.5340462
p 216 69 58.706112 -1.5266266

c 75 0.8951416
p 214 223 48.91631 0.087350845
p 215 222 48.952324 -0.14084816
p 216 221 48.997746 -0.0038414001
p 215 220 49.067844 0.08942032
p 216 219 49.08657 -0.034370422
p 215 218 49.20701 0.11187172
p 216 217 49.253048 -0.13537788
p 216 216 49.373367 -0.04125786
p 215 215 49.45919 0.03707695
p 216 214 49.576702 0.012639999
p 217 213 49.619762 0.080596924
p 218 212 49.709583 0.0075645447
p 217 211 49.81145 -0.0317173

c 76 44.634586
p 215 98 93.01028 -2.9121017
p 216 97 92.35573 -3.1765823
p 217 96 91.761345 -2.4824257
p 218 95 90.57254 -1.0840912
p 219 94 89.49155 0.39318848
p 220 93 88.29172 -0.58522034
p 220 92 87.62876 -1.6361923
p 221 91 84.78204 -3.0424767
p 222 90 83.78733 -1.9023018
p 223 89 82.77821 -1.7142181
p 224 88 81.94595 -2.299488
p 225 87 81.18844 -2.2078705
p 226 86 80.204544 -1.6145973
p 227 85 79.063034 0.11537552
p 228 84 77.83499 0.0010681152
p 229 83 77.283875 0.7770386
p 230 82 76.323654 0.8553009
p 231 81 75.31644 -2.9390678
p 232 82 74.63401 6.341095
p 233 81 73.984566 4.2347984
p 234 80 73.14798 0.10681915
p 235 79 72.56078 1.4090958
p 236 78 71.95485 2.494175
p 237 77 71.38201 2.0016937
p 238 76 70.606575 1.809597
p 239 75 69.66802 4.2397423
p 240 74 69.02082 4.5958557
p 241 73 68.27483 -4.121502
p 242 74 67.637825 1.132946
p 243 73 67.034676 3.5895615
p 244 72 66.484474 11.789234
p 245 71 65.95104 3.9497795
p 246 70 65.18582 1.7010536
p 247 71 64.421364 3.9042358
p 248 70 63.948017 3.8764076
p 249 71 63.176727 -2.333477
p 250 70 62.549934 1.1579247
p 251 71 61.939896 7.877598
p 252 70 61.338596 8.3528595
p 253 69 60.730057 11.538399
p 254 68 60.092766 -0.028751373
p 253 67 59.447178 15.169823
p 254 66 58.859905 11.00124
p 253 65 58.280262 3.3494892
p 252 64 57.7049 4.105591
p 251 63 57.135128 0.0061397552
p 252 62 56.56136 1.2714329
p 251 61 56.05079 -0.5293026
p 250 60 55.50763 -0.027362823
p 251 59 54.94823 -0.034671783
p 250 58 54.466072 -0.027175903
p 249 57 53.96385 0.1002903
p 248 56 53.47886 -0.12135124
p 249 55 52.994835 0.023971558
p 250 54 52.513947 -0.113456726
p 251 53 51.995827 -0.0024719238
p 250 52 51.627876 -0.037996292
p 251 51 51.28456 -0.09066963
p 250 50 51.00062 -0.08323288
p 251 49 50.73704 -0.03410721
p 251 48 50.424076 -0.16248894
p 250 47 50.19444 -0.0075569153
p 249 46 49.99664 -0.06451416
p 248 45 49.883873 -0.063524246
p 247 44 49.78654 -0.10854149
p 247 43 49.603016 -0.23627472
p 248 42 49.577667 0.16803169
p 247 41 49.408802 -0.041843414
p 247 40 49.354996 0.047956467
p 246 39 49.354237 0.08016586
p 245 38 49.242275 -0.091033936
p 245 37 49.172295 -0.16430664
p 244 36 49.172295 -0.015525818
p 243 35 49.09878 -0.083740234
p 244 34 49.078194 -0.0077781677
p 245 33 49.008617 -0.014011383
p 246 32 48.926025 -0.06360245
p 247 31 48.90377 -0.06498718
p 248 30 48.873898 0.102142334
p 248 29 48.76416 -0.016227722
p 249 28 48.69745 -0.1092968
p 250 27 48.691624 0.024843216
p 250 26 48.691624 0.058525085
p 251 25 48.644356 -0.071128845
p 250 24 48.644356 -0.0048770905
p 251 23 48.63891 -0.054008484
p 251 22 48.63891 -0.10152054
p 251 21 48.594524 -0.06882286
p 250 20 48.577984 -0.0646534
p 249 19 48.5732 0.011314392
p 250 18 48.542583 -0.047338486
p 249 17 48.46518 -0.008405685
p 250 16 48.46518 -0.058275223
p 251 16 48.451397 -0.11031914
p 252 15 48.43138 -0.117427826
p 253 14 48.40754 -0.07976341
p 253 13 48.388405 -0.07642937
p 254 12 48.37569 -0.033304214
p 255 12 48.37569 0.06655502
p 255 13 48.393635 -0.06422806
p 255 14 48.424862 -0.1267662
p 255 15 48.424862 -0.109241486
p 255 16 48.454193 -0.061901093
p 255 17 48.46033 -0.0081214905
p 255 18 48.465416 0.062763214
p 254 19 48.521313 0.054172516
p 255 20 48.548794 -0.0030784607
p 254 21 48.555573 -0.03284836

c 77 29.750813
p 215 108 92.22804 -7.7451057
p 216 107 91.20011 -5.1984596
p 217 106 90.40046 -4.690483
p 218 105 89.67894 -4.1231003
p 219 104 88.8591 -3.5922089
p 220 103 88.2231 -2.740387
p 221 102 87.64861 -1.3453026
p 222 101 86.88251 -1.7414169
p 223 100 86.38382 -1.8030434
p 224 99 85.84255 0.41756058
p 225 98 85.30647 1.7531509
p 226 97 84.69712 2.018673
p 227 97 84.16664 2.229351
p 228 96 83.871765 0.5635872
p 228 95 83.69279 5.65184
p 229 94 83.034584 3.798275
p 230 93 82.45352 4.513153
p 231 93 81.98301 4.1918983
p 232 92 81.259895 3.8728485
p 233 91 80.66117 4.36475
p 234 90 80.04893 6.2522125
p 235 89 79.45595 6.4362717
p 236 88 78.97367 6.7439003
p 237 87 78.4647 6.3392105
p 238 86 78.16928 4.6463165
p 239 85 77.269714 4.274494
p 240 84 76.86462 4.6413116
p 241 84 76.10456 3.0799408
p 242 83 74.74536 1.2242393
p 243 82 73.35088 -3.8375854
p 243 81 72.33611 -1.6756363
p 244 80 68.60863 -5.851776
p 245 79 67.875595 -5.259533
p 246 78 67.31858 -2.92239
p 247 79 66.99841 6.4503555
p 248 78 65.86005 0.2224884
p 249 77 65.31538 -3.179657
p 250 76 64.80089 -1.1687813
p 251 75 64.27324 4.0841026
p 252 74 63.593555 4.975071
p 251 73 63.029625 -5.8844223
p 252 72 62.47723 2.4088402

c 78 2.4322052
p 216 29 48.823235 0.06679344
p 217 30 48.823235 -0.18193054
p 218 31 48.873135 -0.039936066
p 218 32 48.90395 -0.068338394
p 218 33 48.964813 0.10274696
p 217 34 49.054302 -0.09650421
p 217 35 49.066303 -0.20476341
p 218 36 49.14664 -0.01612854
p 219 37 49.20847 -0.06275177
p 220 38 49.235184 -0.09852028
p 221 39 49.264572 0.055410385
p 221 40 49.344574 -0.0062656403
p 220 41 49.41926 -0.04483795
p 221 42 49.459656 -0.012218475
p 221 43 49.519367 -0.113033295
p 221 44 49.757748 0.015380859
p 222 45 49.761486 -0.03668976
p 222 46 49.928223 -0.01565361
p 222 47 49.987427 0.05803871
p 221 48 50.14074 -0.008481979
p 222 49 50.48138 0.10729599
p 223 50 50.648502 -0.0970974
p 224 51 50.708282 -0.11029625
p 225 52 50.787125 -0.04819107
p 226 52 50.918266 0.09678841
p 227 53 51.111816 0.1589222
p 228 54 51.25544 -0.0216465

c 79 36.0231
p 219 116 102.423744 1.2268448
p 220 115 99.484764 -4.468998
p 221 114 98.62624 -3.0753746
p 222 113 97.407715 -2.9089622
p 223 112 96.41464 -2.0090103
p 224 111 95.06733 -2.5660286
p 223 110 94.04489 -0.23872375
p 224 109 93.07183 -3.7354965
p 225 108 92.04099 -5.1411095
p 226 107 91.22416 -2.7229195
p 227 106 90.298256 -2.7170715
p 228 105 89.49799 -2.1146889
p 229 104 88.61505 -1.3016815
p 230 105 88.11238 4.303585
p 231 104 87.59678 1.3334999
p 232 103 87.08448 1.2899284
p 233 102 86.65553 2.1589127
p 234 101 86.2913 1.054306
p 234 100 85.985306 2.5719833
p 234 99 85.717636 1.5830841
p 235 98 85.64926 1.086174
p 236 97 85.225815 -0.55687714
p 237 97 80.24882 -2.984581
p 238 96 79.49057 -3.650589
p 239 95 78.79327 -3.6143532
p 240 94 78.44109 -3.4201508
p 241 93 78.11046 -2.8881912
p 242 92 77.546585 0.93717194
p 243 92 77.30271 2.8156319
p 244 91 76.57474 4.2309113
p 245 90 75.88034 7.972473
p 246 89 75.262024 5.5742226
p 247 88 74.70328 4.400337
p 248 87 74.20851 3.0743103
p 249 86 73.81283 2.9511757
p 248 85 73.374 3.1841316
p 249 84 72.85861 4.140682
p 249 83 72.73604 0.94878006
p 250 82 68.267334 -2.3631096
p 251 81 67.674805 3.8077736
p 250 80 67.02011 1.644001
p 249 79 66.40064 0.26742172

c 80 32.983734
p 223 140 96.61409 -2.1615562
p 224 141 92.5508 -8.117535
p 225 142 91.569626 -8.063217
p 226 143 90.87953 -4.6621323
p 227 144 90.07491 -7.8623466
p 228 145 89.138145 -7.9962196
p 229 146 88.31737 -7.293297
p 230 147 87.51177 -6.6165733
p 231 148 86.844986 -5.1358223
p 232 149 85.93142 -3.195877
p 231 150 85.27221 3.7514725
p 232 151 84.60019 2.2975273
p 231 152 84.03122 0.6621361
p 232 153 83.255905 -2.0512505
p 233 154 82.74275 -2.5923538
p 234 155 81.95454 -2.6307411
p 235 156 81.20505 -0.72185516
p 236 157 80.54702 -3.564888
p 235 158 79.87888 1.5710182
p 236 159 79.31525 0.58638
p 235 160 78.684654 -2.705719
p 236 161 78.07949 -6.1054688
p 237 162 77.57058 -5.825222
p 238 163 77.22568 -3.3281212
p 239 164 75.801186 -2.2496262
p 240 165 75.25183 1.3586769
p 241 166 74.727905 6.837822
p 242 167 74.20724 6.979969
p 243 168 73.630615 1.4722481
p 242 169 73.08939 3.5792274
p 243 170 72.71726 3.2096405
p 244 171 71.98289 -1.0764313
p 245 172 71.41325 -4.934639
p 246 173 70.821915 -6.670212
p 247 174 70.27875 -7.3799973
p 248 175 69.590385 1.7003174
p 249 175 69.57229 2.645092
p 250 176 68.97297 3.808895
p 251 177 68.444214 2.043995
p 252 178 67.98263 2.4246216
p 253 179 67.547134 12.913662
p 253 180 67.24036 5.2900124
p 254 181 65.27593 -1.5209198
p 253 182 64.69531 5.439686
p 252 183 64.14753 2.876915
p 251 184 63.630356 0.13949585

c 81 1.7529907
p 228 34 49.032574 -0.057624817
p 229 33 48.952198 -0.25248337
p 230 32 48.937428 0.04641342
p 231 31 48.825912 -0.062641144
p 232 31 48.825912 -0.01618576
p 232 32 48.86257 0.07139397
p 231 33 48.923294 -0.10261536
p 232 34 49.051685 -0.05111313
p 231 35 49.109768 -0.24511528
p 230 36 49.16355 -0.03572464
p 231 37 49.18676 -2.2888184E-5
p 232 38 49.240765 -0.0026874542
p 232 39 49.281998 0.032382965
p 233 40 49.31954 -0.014175415
p 233 41 49.41246 -0.035835266
p 234 42 49.581398 0.080625534
p 235 43 49.725883 -0.113643646
p 235 44 49.767006 0.016374588
p 235 45 49.89644 -9.288788E-4
p 234 46 49.999805 0.022615433
p 233 47 50.148315 -0.016534805
p 234 48 50.381588 -0.009687424
p 234 49 50.578903 -0.052827835

c 82 16.270699
p 236 108 94.28965 -0.39313126
p 237 107 93.14778 -1.1769333
p 237 106 92.0035 -3.7638931
p 238 105 88.60732 -4.631016
p 239 104 87.64455 -2.5063896
p 240 103 85.33414 -4.3278923
p 241 102 83.97362 -2.2023163
p 242 101 83.38442 -3.1930046
p 243 100 82.73418 -3.2689514
p 244 99 82.05443 -0.74172974
p 245 98 81.366104 -0.9357376
p 246 97 80.68511 -0.21375275
p 245 96 80.032486 -0.45575714
p 244 95 79.37271 -3.0375137
p 245 94 78.704704 2.1410942
p 244 93 78.01895 -0.9346924

c 83 0.60456085
p 236 217 49.277466 -0.092653275
p 237 218 49.233128 0.06256676
p 237 219 49.116558 -0.064977646
p 238 220 49.08017 -0.1971283
p 239 221 49.027996 -0.057279587
p 239 222 48.971733 -0.10593033
p 240 223 48.971733 -0.05298996
p 240 224 48.898426 -0.045757294
p 239 225 48.795315 -0.09388733
p 240 226 48.758842 0.026618958
p 240 227 48.708687 0.009056091
p 241 228 48.695244 -0.074056625
p 242 228 48.672905 0.022165298
p 243 228 48.672905 -0.032665253

c 84 15.784294
p 239 116 100.82897 -1.521965
p 240 115 100.29157 -2.3443794
p 241 114 99.208275 -3.3290443
p 242 113 97.9828 -2.9384995
p 243 112 96.82278 -3.440937
p 244 111 95.3744 -2.732132
p 245 110 94.0415 -1.9271889
p 246 109 92.7364 -1.0161018
p 245 108 90.69407 -2.4045525
p 246 107 88.920555 -4.0207253
p 245 106 87.34577 -10.057495
p 244 105 86.34603 -7.5940285
p 243 104 85.68402 -5.718067
p 242 103 85.04468 -4.07288

c 85 25.031708
p 239 139 95.25403 -0.92009354
p 240 140 94.45337 -5.368511
p 241 141 93.79429 -4.6971397
p 242 142 93.00808 -3.2284203
p 243 143 92.13232 -3.469841
p 242 144 91.441444 0.0034866333
p 243 145 90.75972 -0.21007156
p 244 146 90.20359 1.3984566
p 245 147 89.667564 1.9930496
p 246 148 88.81636 -0.041110992
p 245 149 88.220665 -0.42116547
p 246 150 86.95335 -2.015541
p 247 151 86.59477 2.3292236
p 248 152 85.3811 2.24189
p 249 153 84.63664 0.3142357
p 250 154 83.87094 3.9657974
p 249 155 83.048355 3.1538048
p 250 156 82.21121 -1.5248833
p 249 157 81.359245 0.8376274
p 250 158 80.68254 1.0191269
p 251 159 80.091324 1.5014534
p 252 160 79.54633 4.3860474
p 253 161 79.03715 4.7458763
p 252 162 78.22898 4.8429604
p 251 163 77.545815 2.328556
p 250 164 76.93482 2.1371803
p 251 165 76.03908 3.8212662
p 250 166 75.3383 0.35835648
p 249 167 74.65385 -1.2175293
p 250 168 74.02561 4.980419
p 249 169 73.41116 -2.1491241
p 250 170 72.79438 1.389946
p 251 171 72.22142 1.9271927
p 252 172 71.6272 7.5387955
p 251 173 70.94558 3.6505241
p 250 174 70.22232 1.8490448

c 86 0.624733
p 247 222 49.02822 0.09091377
p 248 223 48.870087 -0.10413742
p 247 224 48.85708 0.084516525
p 248 225 48.75824 -0.16754913
p 248 226 48.75824 -0.11041069
p 249 227 48.712017 0.027269363
p 249 228 48.712017 0.046878815
p 250 229 48.616096 -0.07172203
p 251 230 48.61125 0.058526993
p 251 231 48.61125 0.050786972
p 250 232 48.581726 0.0056877136
p 251 233 48.538483 -0.003686905
p 251 234 48.473488 -0.06558609
p 252 235 48.40349 -0.120326996
p 253 235 48.40349 -0.071798325

c 87 1.1729698
p 251 214 49.66138 -0.04886818
p 252 215 49.50503 -0.03640747
p 252 216 49.311203 0.005180359
p 253 217 49.277348 -0.048784256
p 254 218 49.210197 0.0014152527
p 254 219 49.1315 -0.078819275
p 253 220 49.005955 -0.026916504
p 252 221 48.964752 -0.032346725
p 253 222 48.9084 -0.09643555
p 254 223 48.879574 -0.028812408
p 255 224 48.85003 0.0040283203
p 255 225 48.85003 -0.044799805
p 255 226 48.805786 -0.054218292
p 255 227 48.78301 -0.15664673
p 255 228 48.78301 -0.01971817
p 255 229 48.685772 -0.15992737
p 254 230 48.666878 -0.09512329
p 255 231 48.60846 -0.08093262
p 255 232 48.48841 -0.078502655
p 255 233 48.48841 0.08692169

avg 17.41752
end