//fileLoc: inputData/gradient13.png
//fluxMulti: 3.0 channelCutOff: 10
//wk_fmin: 0.0 wk_fmax: 1.0
//total_mass_shift: 342.0
//colorstage1: 2 colorstage2: 3
# 76
avgCurve 0.7902919

c 0 1.3929214
p 1 196 47.71372 -0.06974411
p 1 197 47.302868 -0.56586456
p 2 198 47.01338 0.08653259
p 3 199 47.01338 -0.0979023
p 3 200 46.94426 0.049446106
p 4 201 46.824657 -0.06601906
p 3 202 46.824657 0.12062836
p 4 203 46.704674 -0.2905197
p 5 204 46.673946 -0.10916519
p 6 205 46.5965 -0.014570236
p 6 206 46.52378 -0.2063446
p 7 207 46.429623 0.051973343
p 8 208 46.429623 -0.008239746
p 8 209 46.409367 -0.1573906
p 7 210 46.320797 -0.14094353
p 6 210 46.320797 0.014608383

c 1 14.417702
p 3 77 60.517696 -13.804707
p 4 76 59.837563 -23.481205
p 5 75 57.70284 -26.170002
p 6 74 56.584232 -15.41589
p 7 73 56.201305 -25.632694
p 8 72 55.692238 -3.3502903
p 7 71 54.291553 -19.714706
p 6 70 53.83254 -16.174217
p 5 69 53.274303 -1.7213078
p 6 68 52.490242 1.4699821
p 5 67 51.932377 0.28115845
p 6 66 51.37198 -1.3188667
p 5 65 50.816868 7.1813507
p 6 64 50.275223 0.15736198
p 7 63 49.766235 1.8709106
p 8 62 49.288055 9.024551
p 9 61 48.884453 -0.17484665
p 10 60 48.521423 0.10649109
p 11 59 48.161045 -0.13356972
p 10 58 47.881115 -0.21900177
p 11 57 47.66394 -0.20230675
p 12 56 47.407806 -0.00667572
p 11 55 47.1644 -0.14759254
p 11 54 46.98803 -0.104665756
p 11 53 46.93916 -0.06592369
p 11 52 46.85288 -0.045269012
p 11 51 46.693634 -0.29328537
p 12 50 46.650627 0.058692932
p 11 49 46.507683 -0.20597076
p 10 48 46.442497 -0.14087296
p 9 47 46.419746 0.14032173
p 8 47 46.390686 0.02301979
p 7 46 46.372124 -0.25639915
p 6 45 46.372124 -0.23291588
p 7 44 46.35587 -0.20427322
p 8 43 46.32851 -0.021549225
p 9 42 46.18422 -0.1643753
p 9 41 46.12269 0.016025543
p 9 40 46.099995 0.06245041
p 8 40 46.099995 -0.17357445

c 2 38.477673
p 3 77 60.517696 -12.703886
p 4 78 62.23127 -22.261131
p 5 79 65.96836 -25.358154
p 6 80 78.39694 3.951664
p 6 81 79.18374 -3.5963364
p 7 82 79.18374 -3.7273483
p 6 83 80.59509 -9.568211
p 5 84 82.48828 -7.044777
p 4 85 83.77933 -5.2004204
p 5 86 88.03445 -4.394787
p 6 87 88.83841 -5.729164
p 5 88 93.11932 1.7389107
p 5 89 93.802704 0.66241074
p 4 90 94.13866 0.12548828
p 5 91 95.50062 2.2602997
p 4 92 96.27875 0.639904
p 5 93 97.366425 -0.27615738
p 4 94 98.99537 0.118824005

c 3 37.552868
p 4 169 83.86466 -7.2291565
p 5 170 82.104065 -14.643127
p 6 171 79.58699 -17.260956
p 7 172 76.73059 -19.641151
p 8 173 73.903984 -11.908737
p 9 174 73.3036 -21.357433
p 10 175 72.028564 -10.247013
p 9 176 71.1481 -2.3991356
p 10 177 70.27726 -0.73849106
p 9 178 69.37379 -8.8906975
p 10 179 68.429184 -33.27063
p 11 180 67.564064 -28.45874
p 12 181 67.4099 -18.740551
p 13 182 67.4099 -16.895103
p 14 183 63.01462 -0.91854095
p 13 184 61.61192 -18.803722
p 12 185 60.079205 -18.175968
p 11 186 58.630154 5.799162
p 12 187 56.230804 -1.4448357
p 13 188 54.728912 -6.538082
p 14 189 53.483166 -9.239185
p 13 190 52.339127 -3.0745735
p 14 191 51.51587 2.7613945
p 15 192 50.738956 0.62246513
p 15 193 49.96215 -0.6651821
p 15 194 49.271305 0.8598194
p 14 195 48.755745 -0.58278084
p 13 196 48.27549 -0.42550468
p 12 197 47.878994 -0.23683357
p 13 198 47.73404 -0.04096794
p 14 199 47.398415 -0.09834099
p 14 200 47.104527 -0.27144623
p 14 201 47.053066 0.01216507
p 14 202 46.890064 -0.08849716
p 13 203 46.867985 -0.004211426
p 12 204 46.775833 -0.068532944
p 11 205 46.623165 -0.1374321
p 12 206 46.54731 -0.21514511
p 13 207 46.54731 -0.14653969
p 13 208 46.50398 0.006416321
p 14 209 46.392056 0.1301632
p 13 210 46.311794 -0.2524128
p 12 211 46.311794 -0.28631783

c 4 21.156235
p 4 169 83.86466 -5.6925697
p 5 168 87.03598 -10.127026
p 6 167 89.24562 -9.829727
p 7 166 91.19503 -3.1761894
p 6 165 93.8561 3.725769
p 7 164 96.13243 -2.5123825
p 8 163 97.585915 -0.91999054
p 9 162 98.981766 -1.3912468
p 10 161 99.91302 -0.87823105
p 11 160 101.182076 -0.93872833
p 11 159 102.4791 -0.09630203
p 10 158 102.737885 -0.9888344
p 9 157 103.30755 -0.65062714
p 8 156 104.23185 -1.6393661
p 7 155 105.0209 -0.53261185

c 5 56.83522
p 10 102 103.26115 -1.0960388
p 11 101 102.370224 -2.7019997
p 12 100 101.33412 -3.1189575
p 13 99 100.10067 -5.204235
p 14 98 98.74839 -6.1880684
p 15 97 97.783516 -1.7802925
p 14 96 95.57702 -6.0836143
p 13 95 92.382835 -5.6218567
p 12 94 90.3064 -4.0768013
p 13 93 88.92696 -9.5493965
p 14 92 87.89721 -10.623516
p 15 91 86.86855 -5.6573105
p 16 90 85.90288 -9.001888
p 17 89 84.68419 -7.368187
p 18 88 83.6283 -6.5900116
p 19 87 83.0059 -9.181316
p 20 86 81.92013 -2.3359146
p 21 85 81.08219 -3.203556
p 20 84 80.09881 5.312256
p 21 83 78.97505 0.44914627
p 21 82 78.92785 -5.754711
p 22 81 74.16658 -6.232998
p 23 80 73.979095 0.6418152
p 24 79 73.969604 -2.2153282
p 25 78 73.78238 8.585922
p 26 78 71.96173 8.076084
p 27 77 70.923775 3.782463
p 28 76 70.00826 0.32337952
p 29 75 69.39692 6.8846893
p 30 74 68.76398 4.9598656
p 31 73 68.0224 -3.3134842
p 30 72 66.9947 1.8445969
p 31 71 65.70222 -2.318779
p 32 70 64.14223 -1.6764908
p 33 70 61.23375 -3.8155556
p 34 69 55.40611 7.0142975
p 35 70 54.27436 11.225739
p 36 69 53.5342 7.3343887
p 37 68 53.013813 -6.715683
p 38 67 52.26367 -11.247126
p 37 66 52.03303 -22.313904
p 36 65 51.19779 -8.975258
p 37 64 50.64532 15.890982
p 36 63 50.17906 7.12092
p 35 62 49.73118 9.302374
p 34 61 49.403168 -0.12858772
p 33 60 49.012737 0.16901207
p 32 59 48.541943 0.26690292
p 31 58 48.079815 -0.15588188
p 31 57 47.84605 -0.2770214
p 30 56 47.75691 -0.19623184
p 29 55 47.430058 -0.12266159
p 28 54 47.197937 0.19541931
p 27 53 47.03613 -0.026275635
p 26 53 46.970947 -0.00242424
p 25 53 46.93857 -0.14139175
p 24 52 46.875244 -0.095911026
p 24 51 46.71739 -0.085796356
p 24 50 46.71739 -0.1255722
p 24 49 46.70401 -0.016046524
p 25 48 46.563023 -0.4823742
p 26 47 46.425926 -0.09488487
p 26 46 46.425926 0.08653641

c 6 1.4051132
p 24 198 47.543472 -0.21368408
p 24 199 47.317852 -0.23534775
p 25 200 47.203888 0.09677315
p 24 201 47.083855 0.0010757446
p 24 202 47.068176 0.010656357
p 24 203 46.84958 -0.14026451
p 25 204 46.801685 -0.062698364
p 25 205 46.713047 -0.14138985
p 26 206 46.713047 0.046611786
p 26 207 46.53142 -0.08922005
p 27 208 46.522705 -0.065338135
p 27 209 46.48994 -0.18758202
p 27 210 46.447342 -0.15053749
p 27 211 46.30849 -0.088279724
p 26 212 46.29 0.16674042
p 27 213 46.13836 -0.11332893
p 28 213 46.13836 -0.17242432

c 7 13.0613785
p 25 95 86.04499 -2.2793198
p 26 94 83.38644 -15.2902565
p 27 93 81.93562 -11.777718
p 28 92 81.083786 -9.673637
p 27 91 80.51033 -16.912468
p 26 90 80.0196 -8.654762
p 27 89 79.53194 -16.124756
p 28 88 79.03 -17.100403
p 29 87 78.57116 -14.988544
p 30 86 78.37235 -3.2442932
p 29 85 77.4857 -14.996479
p 28 84 76.93539 -13.488907
p 27 83 76.3472 -10.456295
p 28 82 75.70217 -12.027748
p 29 81 74.90569 -2.3443527
p 28 80 73.80963 -8.831795
p 27 79 72.98361 -6.9041367

c 8 40.16681
p 26 161 86.823814 -4.8454247
p 27 162 85.15809 -16.16373
p 28 163 81.578156 -18.557964
p 29 164 80.49536 -8.111511
p 28 165 79.06485 -3.6388206
p 29 166 78.115364 -19.63218
p 30 167 77.02141 -22.656326
p 31 168 75.72201 -26.837967
p 32 169 73.56264 -28.72263
p 33 170 71.288475 6.345848
p 33 171 68.65707 -14.212044
p 34 172 66.36568 -23.559807
p 35 173 65.74249 -24.088097
p 36 174 65.30651 -26.994713
p 37 175 64.80377 -21.582584
p 38 176 64.25435 -15.927982
p 39 177 62.55381 -12.076164
p 38 178 61.804184 -22.751694
p 37 179 61.177036 -27.133533
p 36 180 60.64165 -25.741138
p 35 181 60.126343 -10.994461
p 34 182 59.507973 -7.3996716
p 35 183 58.83043 -19.736374
p 36 184 58.27369 -21.335613
p 37 185 57.35744 -25.0169
p 38 186 56.69542 -20.116596
p 39 187 56.37534 -6.976404
p 38 188 53.77328 -22.534988
p 37 189 53.118015 -12.162706
p 38 190 52.50349 11.36602
p 37 191 51.88441 0.2432003
p 36 192 51.261475 1.6852589
p 35 193 50.663692 6.132742
p 34 194 50.099415 0.03603363
p 35 195 49.554535 -0.46634102
p 34 196 49.08749 -0.41377068
p 33 197 48.64052 -0.3517456
p 32 198 48.186333 -0.30021667
p 31 199 47.851597 0.08266258
p 31 200 47.558712 0.05326271
p 30 201 47.31039 -0.10372543
p 29 202 47.19203 -0.18029022
p 28 203 47.01044 -0.02371788
p 27 204 46.805878 -0.04780388
p 27 205 46.657005 -0.052101135
p 27 206 46.657005 -0.13369751

c 9 0.86340714
p 31 37 46.11982 -0.32322884
p 32 37 46.11982 -0.38290787
p 32 38 46.142967 -0.24835587
p 32 39 46.142967 -0.15624237
p 33 40 46.16468 -0.036108017
p 32 41 46.16468 0.07766724
p 31 42 46.232956 0.1431408
p 32 43 46.232956 -0.115125656
p 32 44 46.3115 0.09074783
p 33 45 46.348442 -0.12666321
p 34 46 46.37402 -0.01820755
p 34 47 46.447166 -0.23026848
p 35 48 46.620193 0.108644485
p 35 49 46.764626 0.13477898
p 36 50 46.8018 -0.19284439
p 35 51 46.961983 0.11435127
p 36 52 46.983227 -0.27401543

c 10 20.275162
p 32 160 90.15175 -5.894268
p 33 161 87.02317 -15.093613
p 34 162 81.4578 -21.335224
p 35 163 79.17907 -22.080414
p 36 164 76.494675 -11.965023
p 35 165 75.26334 -19.928959
p 34 166 74.081436 -17.533955
p 35 167 72.62494 -24.80376
p 36 168 71.901 -11.4735985
p 35 169 70.76538 -21.747082
p 34 170 69.87659 -18.577972

c 11 26.966866
p 37 163 78.32222 -20.975563
p 38 162 82.06848 -14.802956
p 39 161 84.316666 -13.807751
p 40 160 87.5273 -5.816124
p 39 159 90.80539 5.126541
p 40 158 97.78074 -2.5212784
p 41 157 98.39768 -2.9373932
p 42 156 99.30251 -2.4664803
p 42 155 102.70075 -1.1594162
p 43 154 104.171265 -0.51745987
p 43 153 104.69996 -0.5691147
p 44 152 105.289085 -0.12136078

c 12 0.36945724
p 39 44 46.375286 0.041332245
p 40 43 46.31835 -0.09950447
p 40 42 46.267025 0.023475647
p 41 41 46.179142 -0.0775547
p 42 40 46.176605 -0.37160873
p 42 39 46.148712 -0.50029373
p 43 38 46.14806 0.030508041
p 42 37 46.114937 -0.17811584
p 43 36 46.05143 0.004842758
p 44 35 46.007088 -0.44495964
p 43 34 46.007088 -0.38238144
p 44 33 46.00583 -0.11935234
p 45 33 46.00583 -0.57066154

c 13 13.813236
p 40 185 57.27936 -4.332573
p 41 184 57.803883 -22.982723
p 42 183 58.432777 -26.878307
p 43 182 59.586823 -27.673622
p 44 181 60.462322 -28.730312
p 45 180 60.98674 -27.454948
p 46 179 61.627796 -16.529566
p 45 178 62.58837 3.2342339
p 46 177 63.63335 -25.564526
p 47 176 65.386765 -24.883686
p 48 175 67.75339 -22.886097
p 49 174 71.0926 -19.93306

c 14 55.943954
p 47 103 102.17917 -1.0407372
p 48 102 99.78672 -2.516613
p 49 101 97.12849 -2.9334984
p 50 101 94.75227 -1.911747
p 51 100 89.18169 -8.251297
p 52 99 79.39532 -20.687187
p 53 98 76.34813 -21.959171
p 54 97 73.741684 -22.51387
p 55 96 72.55402 -24.932926
p 56 95 71.53987 -23.011356
p 57 94 70.77014 -10.480408
p 56 93 70.1558 -13.460167
p 57 92 69.57963 -21.083916
p 58 91 68.99502 -21.246712
p 59 90 68.40827 -19.100094
p 60 89 67.62356 -10.4616585
p 59 88 67.04966 -17.496529
p 58 87 66.448006 -8.718609
p 59 86 65.95775 -15.212669
p 60 85 65.36832 -17.613556
p 61 84 64.6093 -19.068047
p 62 83 63.968494 -15.753929
p 63 82 63.420383 -5.4651337
p 62 81 62.969563 -9.78006
p 61 80 62.58864 -5.8945484
p 62 79 62.272564 2.224739
p 61 78 62.000492 -7.4776573
p 60 77 61.675316 -7.148943
p 61 76 61.212246 5.420349
p 60 75 60.620956 -4.3730087
p 59 74 59.871315 -11.4341545
p 58 73 58.98892 -13.42889
p 57 72 58.144806 2.4996643
p 58 71 57.089725 -10.317234
p 59 70 56.34522 -13.888119
p 60 69 55.529316 -10.870071
p 61 68 55.06649 -2.6953964
p 62 67 54.55884 -8.846746
p 61 66 54.06265 -8.58947
p 60 65 53.56634 -1.8309727
p 61 64 53.07389 -0.43278694
p 62 63 52.584362 2.9169292
p 63 62 52.0926 9.389349
p 64 61 51.596344 -0.13058853
p 65 60 51.099815 -0.2201252
p 66 59 50.616436 -0.102211
p 67 58 50.16919 0.019029617
p 68 59 49.72905 -0.08717537
p 69 60 49.439205 0.033857346
p 70 59 49.21811 0.100234985
p 71 58 48.975876 0.048807144
p 72 57 48.501175 -0.0347538
p 73 56 48.1934 -0.13848877
p 74 55 47.90459 -0.085941315
p 75 55 47.848454 -0.18277931
p 76 54 47.608967 0.16464615
p 77 53 47.4806 -0.030103683
p 76 52 47.374813 -0.20203781
p 77 51 47.252804 -0.25001526
p 78 50 47.14716 0.017183304
p 78 49 46.904957 -0.18587875
p 77 48 46.743145 -0.14313126
p 78 47 46.706566 -0.0446167
p 78 46 46.61122 -0.056640625
p 79 45 46.50983 -0.059249878
p 80 44 46.42678 -0.12124443
p 79 43 46.42021 -0.13873672
p 79 42 46.30101 -0.11168289
p 80 41 46.271088 0.07644653
p 79 40 46.235214 -0.082984924
p 79 39 46.235214 -0.045791626

c 15 0.8558731
p 47 202 46.97265 -0.07763481
p 48 203 46.865856 -0.2734909
p 49 204 46.69136 0.007221222
p 49 205 46.609486 -0.12911415
p 49 206 46.47563 -0.27288628
p 50 207 46.449295 0.066287994
p 50 208 46.396492 -0.5138569
p 51 209 46.322754 0.23114967
p 51 210 46.297504 0.079582214
p 52 211 46.297504 -0.18350029
p 53 212 46.201584 -0.076992035
p 52 213 46.183357 -0.2685852
p 51 214 46.116776 -0.15848732
p 52 214 46.116776 -0.052951813

c 16 16.143333
p 49 88 91.085464 -0.5042534
p 50 88 88.60314 -4.3255043
p 51 87 86.34384 -5.2195053
p 52 86 85.29732 -5.5205803
p 53 85 83.93854 -7.2237663
p 54 84 83.14783 -7.334572
p 55 83 82.466774 -11.076244
p 56 82 81.298805 -5.165497
p 55 81 80.58071 -5.300316
p 54 80 79.34848 -5.185257
p 53 79 77.5258 -8.980869
p 52 78 74.94213 -10.32275

c 17 9.263878
p 56 186 55.52587 -26.954788
p 57 187 54.261955 -25.190212
p 58 188 53.46635 11.365635
p 58 189 53.309513 -14.163986
p 59 190 51.829334 -8.872162
p 60 191 50.97404 -5.9185963
p 61 192 50.342773 2.6631641
p 62 193 49.699768 3.0497704
p 63 194 49.102783 -0.25562668
p 64 195 48.73124 0.14431381
p 63 196 48.26953 -0.4457264
p 64 197 47.926563 0.15954971
p 63 198 47.570564 -0.28265762
p 63 199 47.274784 -0.37857246
p 62 200 47.189716 0.087041855
p 63 201 47.08435 -0.03021431
p 63 202 46.954796 -0.32738686
p 62 203 46.830605 0.048532486
p 62 204 46.663944 0.06391144
p 62 205 46.52573 0.012002945
p 61 206 46.47858 -0.16155434
p 61 207 46.46775 0.16038704
p 60 208 46.263947 -0.11869049
p 59 209 46.26222 0.108631134
p 58 208 46.261993 -0.001537323
p 57 209 46.261993 -0.11483574

c 18 49.56571
p 57 162 103.46271 0.7708435
p 57 163 102.46964 -1.366005
p 58 164 101.669754 0.12098694
p 59 165 101.336815 -0.578495
p 60 166 100.82428 -0.1859436
p 59 167 98.80183 -1.3244362
p 60 168 97.640175 -2.6970673
p 61 169 95.823166 -5.8407974
p 62 170 94.13116 -4.315071
p 63 171 90.878624 -3.2144508
p 64 172 88.84706 -7.67688
p 65 173 86.47511 -9.21228
p 66 174 83.4662 10.301247
p 66 175 79.297005 -7.1725006
p 67 176 72.06229 -9.142311
p 66 177 65.72134 -28.16994
p 65 178 63.649418 -31.027908
p 64 179 62.161156 -24.465633
p 63 180 61.057503 -15.166168
p 62 181 60.082634 -26.901901
p 61 182 59.027046 -11.528301
p 62 183 58.15869 7.2215424
p 61 184 57.186203 -1.0123405
p 62 185 56.171394 -1.4254417
p 61 186 55.118618 -26.533424
p 60 187 54.455704 -25.95934
p 59 188 53.897 -14.192986

c 19 26.586735
p 63 68 55.081745 -8.546837
p 64 69 55.634365 -11.584127
p 65 68 56.023125 2.0212975
p 66 69 56.525562 -11.715424
p 67 70 57.063942 -12.2121315
p 68 71 57.586357 -5.959671
p 69 72 58.22277 -11.776249
p 70 73 58.90461 -0.16431046
p 71 72 59.42965 -12.323975
p 72 71 60.365337 -5.352539
p 73 72 61.07496 -17.16288
p 74 73 61.631115 -22.361824
p 75 74 62.0557 -16.09901
p 76 75 62.46307 -6.34964
p 77 76 63.358673 -17.802448
p 78 77 63.81138 -18.157448
p 79 78 64.32995 -16.632305
p 80 79 65.02576 -15.32325
p 81 80 66.062225 -17.393368
p 82 81 67.037926 -11.975327
p 81 82 68.12852 2.5413055
p 82 83 69.92234 -21.347958
p 83 84 73.29585 -20.735847
p 84 85 76.62792 -18.249416
p 85 86 81.66848 -8.577583

c 20 33.149117
p 63 107 97.33805 -7.1907616
p 64 106 94.80874 -6.431179
p 65 105 93.0279 -9.246571
p 66 104 90.96844 -5.0443573
p 65 103 82.8995 -7.6374626
p 66 102 80.091545 -17.58564
p 67 101 78.747055 -18.49445
p 68 100 77.45348 -18.228996
p 69 99 76.165085 -18.474285
p 70 98 74.999756 -18.807209
p 71 97 74.262436 -18.205292
p 72 96 73.28908 -18.40015
p 73 95 72.4947 5.260353
p 73 94 71.33846 -11.29232
p 72 93 69.96339 -16.162373
p 71 92 69.38171 -15.577126
p 70 91 68.81154 -16.463596
p 69 90 68.29295 -13.392906
p 68 89 67.58196 -0.13581085
p 67 88 66.838066 -9.917465
p 68 87 66.235565 -0.3698845
p 67 86 65.61019 -16.414906
p 66 85 64.98466 -16.318691
p 65 84 64.398636 -15.136711
p 64 83 64.188934 -14.757816

c 21 5.839325
p 71 213 46.243656 -0.10234642
p 72 212 46.271393 -0.043994904
p 72 211 46.271393 -0.05944252
p 73 210 46.38423 -0.22953033
p 73 209 46.397198 -0.14293289
p 74 208 46.434715 0.018491745
p 74 207 46.507545 -0.22485352
p 74 206 46.507545 -0.3566532
p 75 205 46.636486 -0.058559418
p 75 204 46.751236 -0.25325966
p 75 203 46.829 -0.06270599
p 74 202 46.84737 -0.036600113
p 73 201 46.93964 0.10281944
p 74 200 47.24605 -0.19782448
p 74 199 47.321033 -0.4141693
p 73 198 47.455006 -0.21235275
p 74 197 47.531155 -0.0016975403
p 73 196 47.677906 0.20497131
p 74 195 47.972652 0.08328247
p 75 194 48.03158 -0.25214005
p 75 193 48.361362 4.95331
p 76 192 48.86191 -0.3557663
p 77 191 49.666588 -3.8297462
p 78 190 50.438374 -14.291224
p 77 189 51.245335 -24.663933
p 76 188 52.08298 -18.163412

c 22 29.450378
p 72 109 101.5247 0.96891403
p 73 108 100.90563 -1.5915413
p 74 108 97.12671 -7.212799
p 75 107 93.394585 -5.282612
p 76 106 91.4994 4.274189
p 76 105 90.95468 -8.001362
p 75 104 87.13966 -7.774349
p 76 103 85.94039 -10.172062
p 77 102 85.79515 -5.738613
p 78 101 85.032455 -7.5361023
p 79 100 83.40701 -1.0308189
p 78 99 74.77056 -13.872601
p 77 98 74.27364 -15.608517
p 76 97 73.86106 -19.097977
p 75 96 72.89053 -12.316544
p 74 95 72.07432 -14.077236

c 23 1.5736198
p 77 57 47.85787 -0.15914726
p 78 56 47.725574 0.07389259
p 79 55 47.548607 -0.09477234
p 78 54 47.492626 0.16787148
p 79 53 47.40433 -0.22332
p 80 52 47.205208 0.10933876
p 80 51 47.11683 0.09626961
p 81 50 46.99526 -0.1777687
p 82 50 46.954258 -0.29234886
p 83 49 46.869133 -0.069517136
p 84 48 46.7476 -0.035503387
p 84 47 46.604996 -0.080804825
p 83 46 46.577988 -0.103097916
p 82 45 46.559975 -0.0035209656
p 83 44 46.39844 -0.28335953
p 84 43 46.37726 0.046728134
p 85 42 46.28658 -1.3160706E-4
p 84 41 46.28425 -0.15284348
p 85 41 46.28425 0.017011642

c 24 18.258469
p 80 100 84.22671 -7.4447937
p 81 99 85.28802 1.2653847
p 82 100 86.38974 -7.7433815
p 83 101 87.98434 -8.74242
p 84 102 89.0433 -6.434307
p 85 103 89.71732 -2.9600372
p 86 104 94.9094 0.9399643
p 86 105 95.1215 -2.2415428
p 87 106 98.56313 -0.5443077
p 87 105 98.40187 -0.2569313
p 88 106 99.51726 -0.3581009
p 89 106 99.91099 -0.9009514
p 90 105 101.49347 2.3035393
p 91 106 102.485176 -0.23460007

c 25 52.077145
p 82 165 99.21226 -7.4044647
p 83 166 98.23497 -7.504364
p 84 167 97.81823 -3.7151985
p 85 166 97.49558 0.39770126
p 86 167 96.77283 -2.3032913
p 87 167 95.470345 -3.5125465
p 88 168 94.3103 -2.0405197
p 87 169 94.048035 -4.154789
p 86 170 93.01237 -4.46056
p 85 171 92.29508 4.882164
p 85 172 91.98347 -2.8050041
p 86 173 90.166855 -2.472889
p 85 174 83.940765 1.4276657
p 86 175 81.103134 -10.190182
p 87 176 78.14926 -13.668022
p 88 177 76.53721 -10.7656555
p 89 178 75.150894 -13.3026085
p 90 179 74.96608 -7.2628136
p 91 180 74.95351 -3.4338837
p 90 181 74.57362 2.3163643
p 89 182 74.14474 -3.240429
p 88 183 73.20813 -0.269104
p 88 184 57.33579 -15.321774
p 87 185 54.75379 26.862984
p 88 186 53.810425 -11.375385
p 89 187 53.307346 -10.637535
p 88 188 52.529766 2.185707
p 89 189 51.56094 -0.16400146
p 88 190 50.95474 5.8527107
p 89 191 50.38494 0.6261158
p 90 192 49.944 0.060798645
p 89 193 49.523853 4.9995213
p 88 194 48.83697 -0.28416634
p 87 195 48.482895 -0.59392166
p 86 196 48.301403 -0.15092278
p 85 197 47.977757 -0.078474045
p 84 198 47.729675 0.03578186
p 85 199 47.47273 0.050588608
p 85 200 47.25382 0.0531044
p 85 201 47.135113 -0.07495308

c 26 14.035851
p 88 75 60.40145 0.70835495
p 89 74 59.37597 -15.824009
p 90 73 58.94594 -23.597782
p 91 72 58.31573 -21.207943
p 92 71 57.73736 -11.546593
p 91 70 56.86455 2.7882156
p 92 69 55.90538 -15.740051
p 93 68 55.044125 -19.79776
p 94 67 54.14308 -5.3206367
p 95 67 53.64942 -2.8462715
p 96 66 52.85258 -5.3077583
p 95 65 52.268093 7.9788475
p 96 64 51.73164 2.9751167
p 97 63 51.137817 2.9127636
p 98 62 50.50286 -0.11047745
p 99 63 50.083576 -1.9741192
p 100 62 49.664215 7.431324
p 101 61 49.33373 -0.10412598
p 102 60 48.9894 -0.2739601
p 103 59 48.610126 0.16832161
p 104 59 48.28695 0.2424736
p 105 58 48.226772 -0.11897278
p 106 57 47.878334 -0.27246857
p 107 56 47.576622 -0.29488945
p 108 55 47.280685 -0.10530853
p 109 54 47.075527 -0.2805252
p 110 53 46.957508 0.010837555
p 109 52 46.855602 0.016172409
p 110 51 46.794495 -0.18546486
p 110 50 46.794495 -0.20864677
p 111 49 46.568954 0.020446777
p 112 48 46.42649 0.0051021576
p 113 47 46.42649 -0.17760277
p 114 46 46.3656 -0.019002914
p 115 46 46.3656 -0.09384537
p 116 46 46.388878 0.049324036
p 117 47 46.41922 -0.035808563
p 116 48 46.463802 -0.08943939

c 27 25.454208
p 91 179 76.18413 -6.1903877
p 92 178 77.93443 -12.373161
p 93 177 87.57617 5.8437424
p 93 176 87.84075 1.6112747
p 94 175 88.09623 -1.2986565
p 95 174 88.229225 -0.41704178
p 96 173 88.52547 1.5310364
p 97 172 88.802765 -3.2855453
p 98 171 89.376 -2.7820282
p 99 170 90.12644 -4.4864616
p 100 169 90.84749 -0.2160759
p 99 168 91.43774 -6.360634
p 98 167 92.60004 -6.046402
p 97 166 93.50985 -6.0348663
p 96 165 94.434746 -1.3812408
p 97 164 96.68689 -4.015873
p 98 163 98.03841 -2.2463837
p 97 162 101.06966 0.46442795
p 97 161 101.638336 0.06770325

c 28 6.8954926
p 92 200 47.31181 -0.003988266
p 93 199 47.471413 -0.12724876
p 93 198 47.539963 -0.14353943
p 94 197 47.89291 0.0051841736
p 94 196 48.330273 -0.061374664
p 95 195 48.644817 -0.19648361
p 95 194 49.04494 -0.225811
p 96 193 49.211487 -0.074251175
p 96 192 49.733055 5.535074
p 97 191 50.247692 -4.4777107
p 96 190 50.779613 -10.860786
p 97 189 51.349953 -23.321938
p 98 188 52.327007 -27.712654
p 99 187 52.976376 -25.770924
p 100 186 54.207302 -14.404846

c 29 42.808605
p 94 76 59.1887 -14.628658
p 95 77 59.809742 -21.330914
p 96 78 60.39441 -23.409897
p 97 79 61.0702 -20.192017
p 98 80 61.788223 -12.920143
p 97 81 62.694744 3.5762253
p 98 82 63.74848 -17.078396
p 99 83 66.56439 -18.094631
p 100 84 67.56745 -21.357151
p 101 85 68.2003 -25.038517
p 102 86 69.47705 -22.00631
p 103 87 73.06127 -9.183231
p 102 88 75.16696 4.13237
p 103 89 81.88362 -12.971436
p 104 90 90.809364 -0.9121666
p 104 91 94.23797 -4.5642204
p 103 92 96.57175 0.98996353
p 104 93 97.7778 -5.4296494
p 105 94 99.08119 -2.4302597
p 106 95 99.89713 -1.2644386
p 105 96 100.84559 1.1686401
p 106 97 101.99731 -1.0986633

c 30 1.4981079
p 99 214 46.15523 0.004447937
p 100 213 46.233288 -0.12650871
p 101 213 46.233288 -0.23140717
p 102 212 46.29979 -0.17225456
p 103 211 46.364803 0.022903442
p 104 210 46.411495 -0.15950775
p 103 209 46.44152 0.033042908
p 103 208 46.44152 -0.09503174
p 104 207 46.567436 -0.024280548
p 105 206 46.640274 -0.08511925
p 105 205 46.672787 -0.05688858
p 105 204 46.672787 -0.21518898
p 104 203 46.759575 -0.065618515
p 105 202 46.910114 0.008056641
p 105 201 47.122284 -0.081035614
p 105 200 47.14988 -0.30221367
p 106 199 47.249725 0.040470123
p 106 198 47.593975 -0.06938362
p 105 197 47.65334 -0.16390419

c 31 3.437233
p 104 64 49.979633 17.355438
p 105 63 49.473026 4.9861774
p 106 62 49.05687 0.03488159
p 107 63 48.643436 -3.0656986
p 108 62 48.419804 5.4690914
p 109 61 48.213104 0.0434227
p 110 60 47.98206 -0.09767532
p 111 59 47.80393 -0.056266785
p 111 58 47.69653 -0.19992065
p 112 57 47.6069 0.016111374
p 112 56 47.324245 -0.27936554
p 111 55 47.30092 0.17432213
p 112 54 47.0424 -0.20677185
p 113 53 46.86352 -0.15076065
p 114 52 46.710358 -0.10838318
p 114 51 46.67956 0.063056946
p 113 50 46.55618 -0.04112053
p 113 49 46.5424 -0.094652176

c 32 56.21667
p 104 155 102.39643 -2.6783562
p 105 156 100.580315 -3.4137154
p 106 157 98.55687 -4.4334755
p 105 158 95.46832 -2.757904
p 106 159 92.09425 -12.184738
p 107 160 87.772285 -12.065838
p 108 161 85.86611 -15.414875
p 109 162 84.097626 -10.315063
p 110 163 83.190155 -16.334625
p 111 164 82.28807 -15.0644
p 112 165 81.14822 -8.446495
p 111 166 80.05567 -15.833054
p 110 167 78.840004 -8.201828
p 111 168 77.691505 -15.986122
p 112 169 76.543755 -19.26196
p 113 170 75.40443 -17.513748
p 114 171 74.45103 -16.735928
p 115 172 73.19797 -17.486706
p 116 173 71.85478 -20.534397
p 117 174 70.71935 -19.915115
p 118 175 69.78658 -19.313164
p 119 176 68.84845 -20.70258
p 120 177 67.88057 -17.142605
p 121 178 67.15479 -19.221733
p 122 179 66.53867 -19.401855
p 123 180 66.01381 -17.781559
p 124 181 65.66014 -15.363728
p 125 182 65.08583 -5.4972534
p 124 183 64.56083 1.3402405
p 125 184 64.127686 -9.376003
p 126 185 63.724422 -7.973404
p 127 186 63.314034 -15.90041
p 128 187 62.821846 -16.728825
p 129 188 62.143482 -4.3657875
p 130 189 61.09865 7.7551003
p 130 190 56.8774 -6.393255
p 131 191 52.02894 0.28424263
p 130 192 51.260437 5.146393
p 129 193 50.695408 2.5914154
p 128 193 50.11585 0.10136032
p 127 192 49.6471 -2.15448
p 126 193 49.277885 6.908188
p 125 194 49.067917 0.0810833
p 124 195 48.856594 -0.09577942
p 123 196 48.564777 0.01250267
p 122 197 48.33646 -0.44133186
p 121 198 48.05829 0.027387619
p 120 199 47.794964 -0.21852493
p 119 200 47.52636 -0.33748055
p 118 201 47.305374 -0.11751175
p 119 202 47.18211 0.07722664
p 118 203 46.921158 -0.12850952
p 117 204 46.81519 -0.21881294
p 116 205 46.81519 -0.06011772
p 116 206 46.618828 -0.2464447
p 116 207 46.52295 -0.16120338
p 115 208 46.417137 -0.3883896
p 114 209 46.417137 -0.52734375
p 113 210 46.380035 -0.17716026
p 113 211 46.380035 -0.1457119
p 113 212 46.32392 -0.064409256
p 112 213 46.278526 -0.09651184
p 112 214 46.278526 -0.52256584
p 113 215 46.26355 0.045841217
p 114 216 46.17976 -0.085609436
p 115 215 46.17976 -0.041147232

c 33 1.6596603
p 104 216 46.0817 -0.010051727
p 105 216 46.0817 0.010400772
p 105 215 46.161545 0.17202759
p 106 214 46.161545 -0.19516563
p 106 213 46.212654 -0.020650864
p 107 212 46.32251 -0.094566345
p 108 211 46.346497 -0.05334854
p 107 210 46.447277 -0.052742004
p 107 209 46.447277 0.011917114
p 108 208 46.511 -0.096725464
p 109 207 46.511 0.21343422
p 108 206 46.568707 -0.021347046
p 108 205 46.634274 -0.13306808
p 107 204 46.634274 0.098646164
p 107 203 46.748817 0.12291336
p 108 202 46.934303 -0.16267586
p 109 201 47.18217 -0.1008625
p 108 200 47.29103 -0.02917862
p 108 199 47.44635 0.23658371
p 109 198 47.54828 -0.33782005
p 110 197 47.74136 -0.21629906

c 34 24.767216
p 108 179 73.036674 -15.418556
p 109 180 60.6071 -23.61673
p 110 181 59.69144 -21.18166
p 111 182 58.671738 -20.574715
p 112 183 57.95392 -12.716606
p 113 184 56.794186 -2.581665
p 114 185 54.12733 -14.4482765
p 115 186 53.48874 -18.332623
p 116 187 52.546925 -20.102776
p 117 188 52.442966 -14.292969
p 118 189 51.05917 -11.877569
p 117 190 50.421997 4.239403
p 118 191 49.98492 0.42235374
p 119 192 49.649426 2.471899
p 120 193 49.250885 -0.117219925
p 119 194 48.86566 -0.3045597
p 120 195 48.603046 0.045490265
p 120 196 48.379185 0.05369568
p 121 197 48.26946 -0.14034653

c 35 29.348385
p 115 69 75.44361 3.1887474
p 116 68 74.5963 -9.823963
p 117 67 73.01039 -12.744396
p 118 66 71.26381 -1.3026543
p 118 65 55.792694 -14.961418
p 117 64 48.434494 11.520763
p 118 63 48.109455 0.3773899
p 118 62 47.874283 9.740976
p 119 61 47.660004 -0.38560104
p 119 60 47.585766 -0.12914658
p 120 59 47.376137 -0.083192825
p 119 58 47.344227 0.058288574
p 120 57 47.282307 -0.22221947
p 120 56 47.016113 -0.19423294
p 121 55 47.004406 0.0026073456
p 122 55 46.99933 -0.045269012
p 123 54 46.880264 0.026691437
p 124 53 46.763138 -0.11656952
p 123 52 46.71601 0.14108849
p 122 51 46.60971 0.052352905
p 122 50 46.47902 0.0442791
p 122 49 46.43254 0.05625534
p 121 48 46.421764 0.054908752
p 122 47 46.388313 0.010437012
p 123 46 46.358414 -0.12114334
p 123 45 46.302044 -0.04775238
p 124 44 46.252098 0.04839325
p 124 43 46.1934 0.03927231
p 123 42 46.159492 -0.05527115
p 122 41 46.1524 -0.13184738
p 123 40 46.1524 -0.08579254
p 123 39 46.095226 0.0724926
p 122 39 46.095226 -0.044750214

c 36 50.71381
p 118 94 96.913666 -2.9449425
p 119 93 95.18859 -8.479542
p 120 92 93.52107 -7.8469734
p 121 91 91.79723 -7.860111
p 122 90 90.49957 -7.1261406
p 123 89 89.848724 -8.920151
p 124 88 89.19894 -6.021797
p 125 87 88.63164 -3.5593262
p 124 86 88.012535 2.5502472
p 125 85 87.24879 -4.403801
p 126 84 86.21568 -6.738102
p 127 83 85.11622 -4.2797585
p 128 82 84.06262 -3.5950317
p 129 83 82.85872 0.86141586
p 130 82 81.47506 -10.211384
p 131 81 79.73889 -13.655746
p 132 80 77.72725 -15.713188
p 133 79 75.1022 -12.358566
p 134 79 72.73438 -10.915142
p 135 78 69.562386 -1.2744102
p 134 77 69.562386 2.0921402
p 135 76 66.62055 0.83238983
p 134 75 66.13515 -7.3854218
p 133 74 65.15693 -5.766041
p 134 73 61.11815 -9.000935
p 135 72 60.136654 -11.42173
p 136 71 60.03135 -9.456818
p 137 70 59.9056 -5.086502
p 138 69 59.439137 -7.811222
p 139 68 58.531776 -10.702831
p 140 67 57.65745 11.865639
p 140 66 57.31911 -5.6698704
p 141 65 56.90557 3.9349556
p 141 64 50.106636 3.0733643
p 140 63 49.37694 4.381235
p 139 62 48.79374 9.485819
p 138 61 48.613827 0.19868279
p 137 60 48.283016 -0.13894272
p 137 59 47.85734 -0.17912102
p 138 58 47.595715 0.25584984
p 139 57 47.487587 0.023101807
p 140 56 47.183025 0.034151077
p 140 55 47.02659 -0.10258865
p 139 54 46.98557 0.21357727
p 138 53 46.74977 -0.32399178
p 139 52 46.71545 -0.0497818
p 139 51 46.489204 0.037834167
p 139 50 46.489204 -0.11797333
p 139 49 46.458687 0.041662216
p 140 48 46.44177 0.026420593
p 141 47 46.3671 -0.16226959
p 142 47 46.3671 -0.15833092
p 143 46 46.316425 0.029441833
p 143 45 46.28573 -0.011203766
p 143 44 46.199856 -0.123456955
p 143 43 46.199856 -0.21221924

c 37 25.424995
p 120 165 90.58846 -8.114933
p 121 166 87.05312 -2.9417915
p 122 167 82.00597 -8.780819
p 121 168 80.35982 -5.974354
p 122 169 79.22053 -12.4676285
p 123 170 78.22796 -12.030457
p 124 171 77.08652 -10.88002
p 125 172 75.63479 -6.7572556
p 124 173 74.18715 0.8261299
p 125 174 73.00965 -12.2603035
p 126 175 71.71593 -13.638351
p 125 176 70.80625 -1.453289
p 126 177 70.32394 -20.94421
p 127 178 69.89402 -19.582115
p 128 179 69.138535 -17.162708
p 129 180 66.67415 -12.006248
p 130 181 65.98572 1.7893219
p 131 182 65.54974 -11.086781
p 130 183 65.25106 -3.6082382
p 131 184 65.16347 -1.3884468
p 130 184 65.16347 -3.3507042

c 38 13.045578
p 120 165 90.58846 -5.1258774
p 121 164 92.51596 -14.348152
p 122 163 93.82711 -3.428154
p 121 162 96.51562 3.7189713
p 122 161 99.31279 -2.6251526
p 123 160 101.54534 -0.014778137
p 123 159 101.54534 -0.87656784
p 122 159 101.59204 -2.4198036
p 121 158 102.21004 0.16093445
p 122 157 102.99481 0.74848557
p 121 156 103.63404 0.37299347

c 39 1.1723976
p 125 58 47.28619 -0.03014183
p 126 57 47.10013 -0.13183022
p 126 56 47.098663 -0.016887665
p 127 55 46.96791 -0.16246033
p 127 54 46.88421 0.046207428
p 128 53 46.734493 -0.19117165
p 129 52 46.692345 0.047151566
p 128 51 46.652016 -0.11460304
p 129 50 46.540695 -0.013631821
p 129 49 46.53611 -0.184515
p 129 48 46.485264 -0.19565582
p 130 47 46.39203 -0.18397903
p 130 46 46.39203 -0.2076416
p 131 45 46.243923 -0.3207264
p 131 44 46.220898 -0.36723137
p 130 43 46.220898 -0.015163422
p 129 42 46.127224 -0.16635704
p 129 41 46.116108 -0.20963097
p 130 40 46.113792 0.07749176
p 129 39 46.113792 -0.3352394

c 40 31.219582
p 128 178 71.14161 -11.426022
p 129 177 73.43155 -16.481113
p 130 176 75.19321 -7.1122246
p 129 175 76.74052 2.292675
p 130 174 78.158485 -8.506168
p 131 173 79.446144 -3.8837242
p 130 172 80.448944 3.2210732
p 131 171 81.263016 -1.9897995
p 132 170 82.234634 -13.189201
p 133 169 83.66002 -10.149696
p 134 168 88.01813 -2.998806
p 134 167 95.13958 -0.9676056
p 133 166 95.735596 -0.6209793
p 134 165 97.27213 0.031742096
p 134 164 98.789246 0.041648865
p 135 163 99.5037 0.28741455
p 136 162 100.040215 -1.8816795
p 137 161 102.36119 -0.44969177

c 41 20.952179
p 129 98 100.87094 -1.9528656
p 130 97 100.19876 -3.6334457
p 131 96 99.41107 -2.2870865
p 132 95 97.9093 -2.5561562
p 133 94 95.89581 -1.5406494
p 132 93 94.711 -2.0751114
p 133 92 93.71855 0.15900421
p 133 91 93.58877 -6.2075806
p 134 90 89.724945 -9.3162
p 135 89 89.17677 -7.9416733
p 136 88 88.386856 -7.4385643
p 137 87 87.60434 -3.4774284
p 138 86 87.1694 -0.48330688
p 137 85 85.13121 0.32616043
p 137 84 82.67456 -7.663574
p 136 83 81.583015 -9.219513
p 135 82 81.28222 -4.4381866
p 134 81 79.91876 -3.3045464
p 134 80 79.91876 -5.3068047

c 42 42.44218
p 130 188 62.477863 -0.11958313
p 131 187 62.757996 1.1153145
p 132 186 63.13412 -2.180729
p 133 185 63.497086 -8.395378
p 134 186 63.87968 -5.3624573
p 135 185 64.319786 -13.673298
p 136 184 64.75546 -9.304966
p 137 183 65.188644 -10.83997
p 138 182 65.63312 -11.336185
p 139 183 66.08773 -15.054623
p 140 184 66.78733 -7.758774
p 141 183 67.25555 -18.233063
p 142 182 67.68801 -12.858868
p 143 181 68.26775 -17.071724
p 144 180 68.92045 -18.390411
p 145 179 69.60782 -15.268784
p 146 178 70.3947 -13.6199875
p 147 177 71.15807 -14.650963
p 148 176 72.178246 -19.022285
p 149 175 76.78963 -3.5689545
p 148 174 78.272255 -14.529449
p 147 173 79.69206 -3.6751747
p 148 172 81.04726 -17.477962
p 149 171 82.295135 -15.216671
p 150 170 83.4667 -8.847534
p 151 169 84.62952 -13.986992
p 152 168 85.89869 -7.3432007
p 151 167 87.43732 2.139202
p 152 166 88.54398 -12.009964
p 153 165 89.621765 -5.8550987
p 154 164 92.091965 -4.319065
p 155 165 94.23815 2.9930038
p 156 164 95.881546 -5.9654655
p 157 163 96.44453 -5.6670113
p 158 162 97.232185 -4.313862
p 159 161 100.5822 -2.2637749
p 160 160 101.6504 -1.5280876
p 161 159 102.82577 -1.467041
p 162 159 104.25157 -0.28881454
p 163 158 104.48691 -0.98314285
p 164 157 104.920044 -0.18717957

c 43 44.978245
p 141 67 57.71043 -8.957085
p 142 68 58.444576 -18.353321
p 143 69 59.21362 -16.533413
p 144 70 59.931553 -13.24992
p 145 71 60.809616 -3.6661835
p 146 72 61.297306 -10.905436
p 145 73 61.69819 -10.246235
p 144 74 62.243404 -12.453541
p 143 75 62.579136 -18.200241
p 142 76 62.971027 -15.993401
p 141 77 63.588066 -8.791521
p 142 78 64.47132 -14.9526825
p 143 79 65.50947 -8.521435
p 142 80 66.419754 -15.420479
p 141 81 68.51016 -9.766918
p 142 82 70.76639 -18.209564
p 143 83 77.72584 -14.891155
p 144 84 87.56377 -4.375969
p 145 85 89.173355 -3.0808983
p 146 86 90.19954 -0.94617844
p 147 87 91.19582 0.010311127
p 146 88 92.71097 -2.2332153
p 145 89 94.51374 0.61697006
p 146 90 95.54147 -5.5159874
p 147 91 96.48288 -3.1944923
p 148 92 97.63517 -3.7404175
p 149 93 98.57916 -4.187351
p 150 94 99.36271 -4.1605835
p 151 95 100.80859 -3.9665947
p 152 96 101.65091 -2.1945038
p 153 97 102.688675 -0.57702637

c 44 23.903381
p 145 75 70.324615 -9.528629
p 146 76 74.778984 -16.853146
p 147 77 78.19639 -16.096268
p 148 78 81.53592 -12.309452
p 149 79 83.53209 -11.681866
p 150 80 85.50242 -10.570114
p 151 81 87.45439 -8.372562
p 152 82 88.55253 -6.133541
p 153 83 89.833145 -3.1251907
p 154 84 91.0579 -5.6276817
p 155 85 94.228 -3.9251976

c 45 7.4559326
p 154 187 53.5456 -27.548485
p 155 188 52.717617 -16.11961
p 156 189 51.958923 -23.706291
p 157 190 51.062138 -9.908949
p 156 191 50.331215 18.836536
p 157 192 49.66904 6.665451
p 158 193 49.085564 0.11016464
p 157 194 48.487946 0.09431267
p 156 195 48.23966 -0.44618034
p 155 196 47.93159 -0.04714775
p 156 197 47.71926 0.029029846
p 157 198 47.414433 -0.11040878
p 156 199 47.257343 -0.040805817
p 157 200 47.20618 -0.41896057
p 157 201 47.010517 -0.26351357
p 158 202 46.915924 0.02891922
p 159 203 46.69995 -0.23591423
p 158 204 46.666073 0.074604034
p 158 205 46.613636 -0.035190582
p 159 206 46.553467 -0.03497696
p 158 207 46.481464 0.037397385
p 159 208 46.4729 -0.054662704
p 159 209 46.336617 -0.52158546
p 158 210 46.336617 -0.34834862
p 157 211 46.25726 0.010995865
p 156 212 46.24594 -0.2538681
p 156 213 46.24594 -0.1936264
p 157 214 46.13797 -0.080308914
p 156 215 46.08967 -0.022525787
p 156 216 46.08967 -0.20988274

c 46 38.923435
p 156 187 54.032757 -26.059746
p 157 186 57.796356 -31.241035
p 158 185 62.961857 -23.075863
p 159 184 68.54912 -3.3695602
p 159 183 78.57251 -1.599472
p 158 182 80.20994 -0.29550552
p 159 181 81.74838 -6.477085
p 160 180 83.71535 -5.445942
p 161 179 86.10872 -3.720024
p 162 178 87.75375 -2.684227
p 163 177 89.17047 -7.3222694
p 164 176 89.86579 -4.062439
p 163 175 91.583084 1.9847488
p 164 174 92.95619 -4.6215706

c 47 12.388424
p 158 71 58.692284 -16.024136
p 159 70 56.81107 -32.044865
p 160 69 55.366615 -30.14022
p 161 68 54.024452 -14.594599
p 160 67 53.268494 -11.260128
p 161 66 52.43877 -28.136501
p 162 65 51.692944 -12.462822
p 161 64 51.002914 16.598423
p 162 63 50.354477 -3.104782
p 163 63 49.717667 -0.58174133
p 164 63 49.168404 -0.27785683
p 165 63 48.692356 -2.8748093
p 166 62 48.56985 0.23001671
p 166 61 48.33321 -0.28005219
p 167 60 48.107834 -0.23885727
p 168 59 47.84216 -0.14629555
p 169 58 47.53854 0.17287254
p 169 57 47.31924 -0.24007225
p 169 56 47.302345 -0.043636322
p 170 55 47.07114 -0.4320488
p 171 54 46.942947 -0.27979088
p 172 53 46.942947 -0.027580261
p 172 52 46.829533 -0.1435051
p 171 51 46.705734 -0.07266617
p 171 50 46.635715 -0.23208237
p 172 49 46.61639 -0.18756104
p 171 48 46.52997 -0.12526894
p 170 48 46.451 -0.13645744
p 169 47 46.392464 0.026281357
p 168 46 46.341373 -0.26387405
p 169 45 46.30386 0.0060482025
p 168 45 46.30386 0.03523636

c 48 52.736122
p 168 95 98.81224 -2.0226936
p 169 94 96.75037 -4.1625443
p 169 93 96.07826 -2.2142372
p 170 92 86.002495 -15.875515
p 171 91 85.18641 -17.562977
p 172 90 84.26496 -13.503277
p 173 89 83.26485 -13.583187
p 174 88 82.79993 -10.510624
p 175 87 82.34963 -12.986256
p 176 86 81.7348 -12.752449
p 177 85 80.96298 -14.200741
p 178 84 80.33785 -15.691177
p 179 83 79.6096 -20.195126
p 180 82 78.55069 -23.318962
p 181 81 78.08066 -17.752262
p 182 80 77.550476 -13.012615
p 183 79 76.36099 -7.145134
p 184 78 75.87253 -0.66838074
p 185 77 75.38558 1.1241188
p 186 77 74.98269 6.7919807
p 187 77 73.78668 1.2574234
p 188 76 70.034805 -4.5269203
p 188 75 64.32067 -9.425625
p 189 74 58.77078 -11.779606
p 190 73 57.508255 -15.462921
p 191 72 56.735645 -12.353275
p 192 71 56.119278 -11.924961
p 193 70 55.457386 -13.0352745
p 194 69 54.969845 -17.03878
p 195 68 54.546112 13.081734
p 195 67 53.865505 -8.138317
p 194 66 52.73747 -9.233559
p 195 65 52.212833 3.0869904
p 194 64 51.69411 4.6980667
p 193 63 51.20364 -0.016500473
p 194 62 50.743813 5.089609
p 195 61 50.28541 -0.322361
p 196 60 49.822094 -0.15015793
p 195 59 49.376945 -0.02268982
p 196 58 48.926186 -0.22333908
p 197 57 48.60076 -0.17900848
p 196 56 48.28645 0.0018634796
p 197 55 47.891678 -0.22204971
p 198 54 47.5543 0.044948578
p 197 53 47.307858 -0.1467495
p 197 52 47.039284 -0.122673035
p 198 51 46.883183 0.016971588
p 197 50 46.804214 0.072359085
p 198 49 46.68352 0.07537651
p 199 48 46.601494 0.032655716
p 198 47 46.396606 -0.33473206
p 199 46 46.382065 0.039056778
p 199 45 46.30861 -0.05161476
p 198 44 46.28248 -0.36348534
p 199 43 46.28248 0.010910034
p 198 42 46.232914 -0.0013847351
p 198 41 46.232914 -0.02494812
p 197 40 46.158314 -0.12593842
p 196 40 46.15665 -0.19728088
p 195 39 46.07612 -0.09383011
p 195 38 46.07612 0.043352127

c 49 54.1203
p 168 201 47.21045 0.08730507
p 169 200 47.429886 -0.08573151
p 170 199 47.719845 0.07857704
p 171 198 48.102154 -0.2717247
p 172 197 48.480915 -0.017295837
p 173 196 48.735695 -0.58937454
p 174 195 49.26402 -0.32767105
p 175 194 49.74699 0.012086868
p 174 193 50.19697 9.470093
p 175 192 50.763702 8.36347
p 176 191 51.420902 -0.7123356
p 175 190 52.01282 -7.4326572
p 176 189 52.63529 -11.510448
p 175 188 53.292267 -25.168839
p 174 187 53.94508 -22.987427
p 173 186 54.594173 -14.203796
p 174 185 55.252693 -11.241421
p 175 184 55.892895 -23.383282
p 176 183 56.51868 -18.654037
p 177 182 57.211525 -12.178358
p 176 181 57.790745 16.902805
p 177 180 58.96835 -22.318836
p 178 179 60.146435 -29.299793
p 179 178 61.08062 -12.699377
p 178 177 64.389 -31.395939
p 177 176 67.85319 -31.996998
p 176 175 71.818184 -29.164764
p 175 174 76.50847 -10.904247
p 176 173 82.65303 7.2864494
p 175 172 85.62168 2.9800262
p 176 171 89.12075 2.4519386
p 175 170 91.59376 -9.411148
p 174 169 93.56378 -3.1850243
p 175 168 95.831985 -7.1460037
p 176 167 98.93 -1.5391617
p 175 166 99.68903 -5.533642
p 174 165 101.33075 -1.3403778

c 50 11.563274
p 177 47 46.486443 -0.051280975
p 177 48 46.62312 -0.048690796
p 178 49 46.728146 -0.19044495
p 178 50 46.729687 -0.21097755
p 178 51 46.813465 -0.3013916
p 179 52 46.987476 0.16200638
p 178 53 47.010143 9.727478E-5
p 178 54 47.143288 0.11574936
p 179 55 47.31962 -0.22412491
p 180 56 47.436016 -0.35909843
p 181 57 47.652256 0.072942734
p 182 58 47.741386 -0.30054665
p 183 59 47.906773 -0.12784004
p 184 60 48.153343 -0.15035057
p 185 60 48.52026 -0.10158348
p 186 61 48.815125 -0.0055122375
p 187 61 49.164703 -0.14855385
p 188 62 49.66215 9.421974
p 189 63 50.571705 1.5405502
p 190 64 51.089428 -4.3261566
p 191 65 51.73175 -18.836119
p 190 66 52.523125 -32.32614
p 189 67 53.507565 -32.440285
p 188 68 54.33447 -31.323238
p 187 69 55.912903 -30.392517
p 186 70 58.049717 -27.686451

c 51 48.04367
p 178 101 102.477234 0.12438965
p 179 100 99.96832 -2.2699394
p 180 99 95.890755 -4.924984
p 179 98 93.53319 -2.1873474
p 180 97 92.41841 -7.8657
p 181 96 91.44459 -6.103031
p 182 95 91.15879 -6.175995
p 183 94 91.15879 -6.408245
p 184 93 90.41768 -9.922371
p 185 92 89.56183 -9.226112
p 186 91 88.83383 -5.803974
p 187 90 87.71653 -4.179184
p 188 89 83.42303 -5.17741
p 189 88 81.070915 -8.916779
p 190 87 77.25516 -9.537849
p 191 86 74.887825 -2.7731857
p 192 85 74.34599 3.8570442
p 192 84 66.33803 -16.711452
p 193 83 64.40558 -20.990868
p 194 82 64.14162 -23.011646
p 195 81 62.886803 -12.275028
p 194 80 62.203472 6.41214
p 195 79 61.196754 2.4288864
p 194 78 60.19153 3.1601906
p 195 77 59.396133 -18.614197
p 196 76 58.852615 -24.126266
p 197 75 57.9849 -25.349201
p 198 74 57.294693 -15.909687
p 199 73 56.8629 -8.294144
p 198 72 56.34985 -15.384693
p 197 71 55.913494 -17.175781
p 198 70 55.5311 9.809216
p 197 69 55.077606 -13.780693
p 196 68 54.433563 -14.829212

c 52 53.1182
p 181 166 99.628494 0.9852066
p 182 167 98.28015 0.19859695
p 181 168 97.36935 1.0693474
p 181 169 93.311966 -2.6139717
p 182 170 89.78687 -8.238667
p 183 171 84.69143 -13.813313
p 184 172 66.63291 -16.298786
p 185 173 65.464935 -28.51704
p 186 174 64.42475 -28.65453
p 187 175 63.572098 -23.54232
p 188 176 62.70636 -16.384071
p 187 177 61.837185 2.1172066
p 188 178 60.945534 -28.908928
p 189 179 60.05252 -27.785416
p 190 180 59.10153 -15.98111
p 189 181 58.295063 3.927246
p 190 182 57.53221 -24.124931
p 191 183 56.751034 -24.007809
p 192 184 55.95177 -22.861664
p 193 185 55.189613 -23.318634
p 194 186 54.473976 -21.258251
p 195 187 53.901314 -13.232964
p 196 188 53.33061 -12.064983
p 195 189 52.77756 -12.105013
p 196 190 52.22595 2.3038712
p 195 191 51.65114 13.59424
p 196 192 51.031685 5.5394306
p 197 193 50.398293 8.894562
p 198 194 49.913574 -0.039844513
p 199 195 49.145363 -0.6298752
p 200 196 48.96064 -0.1897831
p 201 197 48.608078 -0.058502197
p 200 198 48.34207 0.15322113
p 200 199 47.89868 -0.36911964
p 201 200 47.88242 0.16544342
p 200 201 47.39575 -0.17236328
p 201 202 47.170506 -0.089422226
p 202 203 47.0179 0.06775093
p 201 204 46.89107 -0.14357376
p 201 205 46.870644 0.09720421
p 202 206 46.70684 -0.15552902
p 201 207 46.687496 0.16029167
p 202 208 46.510296 -0.13420105
p 203 208 46.510296 -0.17102623

c 53 2.3968086
p 183 194 48.847847 0.1272564
p 184 195 48.64176 -0.13924408
p 185 196 48.487244 0.029806137
p 186 197 48.287277 -0.22910309
p 185 198 48.056576 -0.28878593
p 186 199 47.790207 0.13236427
p 186 200 47.60398 0.17119026
p 187 201 47.445625 0.054807663
p 186 202 47.202957 0.07337189
p 187 203 47.07476 0.015670776
p 186 204 46.97293 0.09521103
p 186 205 46.673046 -0.058124542
p 185 206 46.63334 0.038850784
p 184 207 46.523182 -0.12875748
p 183 208 46.46833 -0.09566307
p 183 209 46.45104 -0.02649498

c 54 12.623444
p 186 92 89.848495 -1.6307449
p 187 93 91.48205 -2.4632835
p 188 94 93.27932 0.6675873
p 187 95 94.327354 -3.9316673
p 186 96 96.17693 -1.7653046
p 187 97 96.87497 -3.253479
p 188 98 97.57631 -1.7995644
p 187 99 98.59304 1.9059868
p 188 100 99.97512 -2.5951424
p 189 101 101.841675 -0.46035385
p 188 102 102.47194 -2.9912415

c 55 0.5064049
p 188 38 46.058147 -0.06570244
p 189 39 46.058147 0.032396317
p 189 40 46.072823 -0.41646957
p 189 41 46.102 -0.11714363
p 190 42 46.14287 -0.16206169
p 191 43 46.18533 -0.1865902
p 192 44 46.33472 0.024223328
p 191 45 46.46351 -0.2843418
p 190 46 46.49867 -0.25698662
p 189 47 46.564552 -0.21324539
p 188 47 46.564552 -0.17650604

c 56 41.770298
p 192 168 95.971794 -1.7891312
p 193 169 95.26463 -4.4231186
p 194 170 93.98029 0.88463974
p 194 171 93.934845 2.4289398
p 194 172 92.677925 1.7397575
p 194 173 92.072495 0.022247314
p 193 174 89.46531 -0.88482666
p 193 175 85.378204 -4.675087
p 194 176 81.74766 -9.149364
p 195 177 79.79771 -8.435188
p 196 178 77.744125 -10.584629
p 197 179 74.2728 -5.965122
p 198 180 71.981766 -11.941292
p 199 181 69.90234 -11.804436
p 200 182 67.96357 -10.790325
p 199 183 64.926865 -17.371693
p 198 184 63.562866 -12.045643
p 199 185 60.372498 -1.3428154
p 198 186 55.98865 -24.923756
p 197 187 54.201496 -25.023365

c 57 20.03508
p 193 105 103.25776 -0.8588257
p 194 104 102.35345 -0.57496643
p 195 103 101.41591 -0.6287613
p 194 102 100.33863 -0.16698837
p 195 101 99.67414 -0.8012085
p 196 100 98.82407 -1.3550224
p 195 99 97.94931 0.07465744
p 196 98 97.062386 -2.7271118
p 197 97 95.521736 -1.2183685
p 196 96 93.69097 1.4010086
p 197 95 92.00164 -3.856144
p 198 94 90.288704 -6.7316933
p 199 93 88.50665 -7.6115303
p 200 92 86.71703 -8.230911
p 201 91 85.244446 -1.9776917
p 200 90 84.298874 -3.906929
p 199 89 83.56591 -1.6786385
p 200 88 83.22268 6.0348816
p 199 87 83.22268 0.9537201

c 58 40.63855
p 200 74 57.423317 -15.094658
p 201 75 58.144257 -15.631756
p 202 76 58.80268 -2.649582
p 203 75 59.433113 -0.09632492
p 204 76 60.089325 -12.309387
p 205 77 60.739353 -25.882477
p 206 78 61.35534 -26.540447
p 207 79 61.93022 -22.597137
p 208 80 62.469395 -19.779327
p 209 81 63.055874 -20.819824
p 210 82 63.67707 -21.653603
p 211 83 64.85149 -15.318691
p 212 84 65.45424 -12.888859
p 211 85 66.018265 -1.1064339
p 212 86 66.609436 -20.90984
p 213 87 67.91265 -20.99031
p 214 88 68.72193 -19.513275
p 215 89 84.45186 2.1151543
p 215 90 85.897385 -5.471142
p 214 91 87.12118 -2.550003
p 215 92 88.149994 0.013618469
p 214 93 89.04415 -7.861927
p 213 94 89.986595 -4.4853096
p 214 95 90.57782 -7.3323746
p 215 96 91.16335 -1.8093948
p 214 97 91.721176 -8.917526
p 213 98 92.72627 -10.836086
p 212 99 94.20535 -4.4014206
p 213 100 98.06187 -4.3784904

c 59 53.379257
p 203 164 99.42383 -3.1285934
p 204 165 98.57003 -3.4316254
p 203 166 97.14793 -0.25359344
p 204 167 96.719604 -4.665001
p 205 168 95.57375 -2.5710754
p 204 169 94.77301 1.0212326
p 205 170 93.715324 -0.93655014
p 206 171 92.4262 -1.5152092
p 206 172 91.54418 -0.2298088
p 207 173 86.71669 -5.47274
p 208 174 84.200516 -5.794853
p 209 175 81.68849 -3.5290718
p 209 176 80.34804 -8.905254
p 210 177 66.91456 -24.962181
p 211 178 64.23297 -23.292778
p 212 179 57.889305 -11.07773
p 213 180 57.401825 -9.127266
p 212 181 56.602234 -16.509075
p 211 182 55.90885 -12.827213
p 210 183 55.252773 -9.045681
p 211 184 54.66877 -3.770153
p 210 185 54.094845 -12.684418
p 209 186 53.555843 -18.01971
p 208 187 53.062576 -20.896992
p 207 188 52.86141 -19.019772
p 206 189 51.99175 -9.613834
p 205 190 51.38159 -10.620684
p 206 191 51.099632 2.6210098
p 206 192 50.4311 1.6173744
p 206 193 49.870583 5.5169315
p 205 194 49.4618 0.17800713
p 206 195 49.046257 -0.20762825
p 207 196 48.708332 0.069438934
p 208 197 48.401115 -0.035369873
p 209 198 47.96035 -0.27920532
p 210 199 47.684994 0.024248123
p 210 200 47.454735 -0.15587044
p 211 201 47.265217 -0.11844826
p 212 202 46.98779 -0.15812111
p 211 203 46.834724 -0.11507797
p 210 204 46.702496 -0.002910614
p 210 205 46.702496 -0.009111404
p 209 206 46.63935 -0.061552048
p 210 207 46.63935 -0.029108047
p 211 208 46.58024 0.010133743
p 212 209 46.51193 -0.10286522
p 213 208 46.51193 0.099256516
p 214 209 46.511738 -0.04191017
p 214 210 46.4185 -0.11687851
p 215 211 46.36299 -0.134449
p 215 212 46.211918 -0.14092636
p 216 213 46.15377 -0.060066223
p 216 214 46.145626 -0.12515259
p 216 215 46.083355 -0.18238449
p 215 216 46.04849 -0.29803848
p 214 217 46.04457 0.009536743
p 215 218 46.04457 -0.099004745

c 60 1.3514786
p 205 56 47.51114 0.07099342
p 206 55 47.35217 0.17490005
p 207 54 47.05748 -0.34176254
p 208 53 46.940983 0.06006241
p 207 52 46.792362 0.007019043
p 208 51 46.792362 -0.039331436
p 209 50 46.640564 -0.23250389
p 209 49 46.615044 -0.34371948
p 210 48 46.569733 -0.0058784485
p 211 47 46.329353 -0.106882095
p 210 46 46.32425 0.063591
p 210 45 46.216625 0.053131104
p 210 44 46.15966 0.049461365
p 211 44 46.15966 0.02407074

c 61 1.2211876
p 208 59 47.773457 -0.028457642
p 209 58 47.593662 -0.033205032
p 210 57 47.453094 0.029190063
p 209 56 47.204643 -0.23453522
p 210 55 47.182735 -0.1288147
p 211 54 47.052814 -0.13952065
p 211 53 46.869873 -0.15604782
p 212 52 46.79013 -0.33008385
p 211 51 46.699062 -0.11219406
p 212 50 46.670387 -0.013248444
p 211 49 46.63298 0.2526207
p 212 48 46.55227 0.01713562

c 62 28.92242
p 208 59 47.773457 -0.24351883
p 209 60 47.860672 0.058908463
p 208 61 48.226833 0.22224426
p 209 62 48.618427 10.560488
p 210 63 49.029694 5.436575
p 211 64 49.460186 -4.2176075
p 210 65 50.057133 -10.45722
p 211 66 50.723278 -25.795292
p 212 67 52.378944 -33.346634
p 213 68 53.646347 -31.3275
p 214 69 54.649277 -27.921898
p 215 70 56.658733 -14.316414
p 214 71 65.127 10.049847
p 215 72 76.69588 -7.2134323

c 63 34.207966
p 212 168 92.92477 -0.5182419
p 213 169 91.003494 -6.4918594
p 214 170 88.32925 -1.8352623
p 213 171 86.317726 0.36193085
p 214 172 85.075905 5.23172
p 214 173 83.88855 -4.374153
p 213 174 62.635654 -30.487152
p 214 175 61.49462 -28.703575
p 215 176 60.547577 -11.787386
p 214 177 59.59933 -23.69627
p 213 178 58.7168 -16.739944

c 64 59.985115
p 215 153 105.9736 -0.5627861
p 216 154 105.925735 0.09733963
p 215 155 105.50712 -0.37456512
p 216 156 105.104614 -0.03167343
p 217 157 104.60668 -0.6376953
p 218 158 104.01036 -0.29278564
p 219 159 102.52773 -1.3244247
p 220 160 102.22243 -0.21638107
p 219 161 101.900894 -0.18863297
p 218 162 100.07832 -1.9476624
p 219 163 98.65611 -2.7735786
p 220 164 98.17199 -1.9787292
p 221 165 98.17199 -1.1668205
p 222 166 97.48223 -0.66840744
p 223 167 96.603874 0.73669815
p 224 168 96.17338 -0.09716797
p 223 169 95.417046 0.5112419
p 224 170 94.707 -0.24193954
p 225 171 93.42211 0.08484268
p 226 172 92.95269 1.711422
p 227 173 92.3119 0.106025696
p 228 173 91.692085 -1.7347488
p 229 174 89.964005 -2.0777435
p 230 173 87.384926 -2.6550293
p 231 174 86.86945 -7.2658997
p 232 175 85.501976 -6.903824
p 233 176 84.81654 -9.406189
p 234 177 84.6088 -5.987259
p 235 178 84.10711 -4.6984634
p 236 177 80.827446 -8.196716
p 237 176 80.07581 -1.3825645
p 238 177 70.993805 -20.475056
p 239 176 70.68369 -0.11198044
p 240 177 68.11951 -20.493114
p 241 178 67.37867 -12.735943
p 242 179 66.60599 -24.494759
p 243 180 65.92149 -38.036583
p 244 181 65.11884 -32.850018
p 245 182 64.48779 -12.710602
p 246 181 63.031464 -22.019623
p 247 180 61.964302 -9.765076
p 248 181 61.23657 -30.423256
p 249 182 60.50444 -13.073742
p 250 181 59.80516 26.346352
p 251 182 59.145557 -16.760197
p 252 183 58.572998 -16.991364
p 253 184 57.947887 -14.638332
p 254 185 57.209053 -0.113723755
p 253 186 56.589725 9.366631
p 254 187 56.003864 22.531033
p 253 188 55.467915 5.1699104
p 254 189 54.8613 31.38181
p 253 190 54.124985 12.556541
p 254 191 53.537514 29.312393
p 253 192 52.963463 7.4449444
p 252 193 52.402855 6.611864
p 251 194 51.845333 0.008285522
p 250 195 51.278 0.10366058
p 249 196 50.7363 0.06402016
p 248 197 50.2057 -0.141922
p 248 198 49.672718 -0.17895126
p 249 199 49.093468 -0.36842346
p 248 200 48.794697 0.15239716
p 249 201 48.30754 -0.026556015
p 250 202 47.990852 0.1387806
p 249 203 47.690083 0.02822876
p 248 204 47.532562 0.09072113
p 247 205 47.141323 -0.017108917
p 247 206 46.865997 -0.20268822
p 247 207 46.617283 0.05181122
p 246 208 46.56196 -0.1515274
p 245 209 46.546745 0.1432476
p 245 210 46.38886 -0.04988098
p 245 211 46.26132 -0.08866882
p 246 212 46.252827 -0.024044037
p 245 213 46.252827 0.03925705
p 246 214 46.15603 -0.109371185
p 247 215 46.082935 0.025346756
p 246 216 46.081226 0.0345459
p 245 217 46.075027 0.0036125183
p 244 218 45.988487 -0.08133125
p 244 219 45.988487 -0.12803268

c 65 1.0870361
p 217 45 46.21658 -0.047883987
p 218 46 46.296116 -0.09545708
p 218 47 46.44358 0.1384964
p 219 48 46.52255 -0.1251831
p 220 49 46.612648 -0.046396255
p 219 50 46.612648 -0.41482353
p 219 51 46.66393 -0.050611496
p 218 52 46.76227 0.23319817
p 219 53 46.76227 -0.05305481
p 218 54 46.899605 -0.003036499
p 217 55 46.92714 0.26459312
p 218 56 46.932434 -0.054746628
p 217 57 47.303616 0.09375763

c 66 33.02584
p 219 186 79.194824 1.8906136
p 220 187 76.69172 2.1482735
p 219 188 69.54295 -11.408043
p 220 189 58.25965 -22.285175
p 221 190 52.87456 -8.409077
p 220 191 49.447796 14.6135235
p 221 192 48.6097 5.225418
p 222 193 48.407696 10.255564
p 223 194 48.02237 0.40621376
p 224 195 47.615112 0.12020302
p 225 196 47.336254 -0.19680595
p 226 197 47.052586 0.033535004
p 226 198 46.90137 -0.047603607
p 227 199 46.79207 0.0053520203
p 227 200 46.693737 -0.025247574
p 226 201 46.533737 -0.36749268
p 225 202 46.423237 0.04788971
p 226 203 46.423237 0.018400192
p 226 204 46.395176 0.017009735
p 226 205 46.395176 -0.21396637
p 226 206 46.3085 -0.06311989
p 227 206 46.3085 -0.16138649
p 228 206 46.205093 -0.20768547
p 229 207 46.205093 -0.36089325
p 229 208 46.168983 -0.25670242
p 228 209 46.168983 -0.09956741

c 67 1.3745003
p 221 51 46.626797 -0.26937103
p 222 50 46.61115 -0.025154114
p 223 49 46.61115 -0.20524025
p 224 49 46.63506 -0.15420723
p 225 50 46.64551 -0.11043358
p 226 51 46.723 0.17088127
p 227 52 46.845062 -0.18994904
p 227 53 46.90962 -0.28147697
p 226 54 47.05993 -0.034749985
p 227 55 47.187965 -0.23637962
p 227 56 47.323643 0.03089714
p 228 57 47.41942 0.018548965
p 229 58 47.473747 -0.2564621
p 230 59 47.85259 -0.0045223236
p 231 59 47.98565 0.017671585

c 68 3.69693
p 221 51 46.626797 -0.08076477
p 222 52 46.639736 -0.15774918
p 222 53 46.90716 0.07394409
p 223 54 46.98479 -0.43813324
p 224 55 47.08862 -0.16521645
p 225 56 47.181885 0.05475235
p 224 57 47.34184 0.06804466
p 223 58 47.444363 -0.096429825
p 224 59 47.470478 -0.06935501
p 223 60 47.70863 -0.07455063
p 223 61 47.78206 0.15411758
p 222 62 47.963875 -0.20632172
p 222 63 48.44521 4.941828
p 223 64 50.323727 9.201466

c 69 42.809055
p 224 148 105.48959 -0.1516304
p 225 148 105.30982 -0.24275589
p 226 149 104.09326 -0.6438446
p 227 150 102.92561 -1.727787
p 228 151 101.1864 -2.289978
p 229 152 97.53709 -4.5828323
p 228 153 96.58462 -1.2485809
p 229 154 94.54723 -7.4312286
p 230 155 93.28542 -7.1814995
p 231 156 92.01958 -7.39653
p 232 157 90.57308 -9.123245
p 233 158 88.24843 -10.923042
p 234 159 86.90124 -11.609909
p 235 160 84.708115 -14.0098
p 236 161 82.55513 -13.878746
p 237 162 80.425545 -6.744175
p 236 163 77.454384 -0.7191887
p 237 164 75.205124 -18.446209
p 238 165 74.14547 -19.726604
p 239 166 73.215294 -22.054333
p 240 167 72.265366 -9.950863
p 241 168 71.48799 -20.536022
p 242 169 70.67615 -21.703255
p 243 170 69.86877 -20.905216
p 244 171 69.096596 -22.09396
p 245 172 68.50245 -10.010056
p 244 173 67.48079 -0.54813004
p 245 174 66.70553 -24.226898
p 246 175 65.90976 -11.896057
p 245 176 65.068596 1.5234795
p 246 177 64.24068 1.244072
p 245 178 63.566402 -12.931198
p 246 179 62.68054 -33.259995

c 70 21.920433
p 224 160 100.82804 -1.6203842
p 225 161 100.08051 -1.8896637
p 226 162 99.377785 -2.3239594
p 227 163 98.69737 -2.1059303
p 228 164 97.81123 -0.60868835
p 229 165 96.67664 -0.45962906
p 230 166 95.57345 0.3538475
p 231 167 94.56475 0.7503395
p 232 168 93.28459 -0.1217041
p 233 169 91.64757 -1.884407
p 234 170 88.50818 -2.2545586
p 235 171 85.846466 -6.8825455
p 236 172 84.73776 -8.732605
p 237 173 82.75669 -8.714115
p 236 174 81.15496 -1.6408272
p 237 175 80.21194 -10.431084
p 238 176 78.90761 -2.6923256

c 71 35.57666
p 228 79 81.51443 1.2833023
p 229 78 78.147545 -7.1865845
p 230 77 76.037895 -4.363655
p 231 78 73.58781 -12.150322
p 232 79 70.8646 -5.989849
p 233 79 61.85211 7.2168655
p 234 78 59.341236 -11.844215
p 235 77 58.73121 -13.849121
p 236 76 58.553738 -16.211994
p 237 75 57.664158 -17.463394
p 238 74 57.196987 -15.313744
p 239 73 56.673462 -6.8845177
p 240 72 56.11474 -11.978233
p 241 71 55.55944 -9.579327
p 242 70 54.90225 -1.4283752
p 241 69 54.08219 -2.2337952
p 242 68 53.574512 -12.8885765
p 243 67 53.06728 -12.868401
p 244 66 52.562683 -10.089552
p 243 65 52.065582 6.0172234
p 244 64 51.575516 10.6096325
p 243 63 51.084553 8.694647
p 244 62 50.615402 4.8565273
p 243 61 50.18414 0.1162796
p 244 60 49.74982 -0.35972214
p 245 59 49.351803 -0.4489498
p 246 58 49.03322 0.037504196
p 245 57 48.726254 -0.11556435
p 244 56 48.46096 -0.019313812
p 243 55 48.151367 -0.06446648
p 244 54 47.804 -0.25474358
p 245 53 47.583286 0.26358032
p 244 52 47.449806 -0.007669449
p 244 51 47.30499 0.06841087
p 244 50 47.15459 -0.066345215
p 244 49 46.975494 -0.014514923
p 243 48 46.788826 -0.07332611
p 242 47 46.616493 -0.08996391
p 243 46 46.606953 0.025527954
p 243 45 46.606953 -0.06813431
p 244 44 46.518982 -0.05272293
p 245 43 46.400078 -0.11641121
p 246 42 46.35998 0.040855408
p 245 41 46.335464 -0.18597221
p 246 40 46.307526 0.08338928
p 245 39 46.307526 -0.09713936
p 246 38 46.264915 0.08131981
p 247 37 46.165447 -0.25240326
p 247 36 46.157322 -0.048280716
p 247 35 46.13646 -0.03369713
p 248 34 46.13646 -0.09787178
p 249 33 46.119514 -0.009555817
p 250 32 46.038254 -0.1331234
p 251 31 45.937767 -0.27027512
p 251 30 45.937767 -0.083307266

c 72 22.390175
p 230 97 101.97344 -1.2098465
p 231 96 101.386536 -1.6059036
p 232 95 100.99177 -1.9393501
p 233 94 100.6845 1.590519
p 234 93 99.44727 -1.1671753
p 233 92 98.45244 -0.7406807
p 234 91 97.151985 -1.7874565
p 235 90 95.31761 -2.6976547
p 236 89 89.374214 5.0823936
p 236 88 84.255005 -10.447483
p 235 87 81.65061 -12.797344
p 234 86 80.772026 -13.410297
p 233 85 79.58327 -7.9709816

c 73 26.477242
p 238 153 99.76275 -2.989338
p 239 154 96.24162 -5.17754
p 240 155 93.59216 -3.701847
p 241 156 91.648766 -7.831951
p 242 157 90.011284 -7.9717407
p 243 158 88.07925 -8.355358
p 244 159 86.02459 -10.685425
p 245 160 83.28993 -15.095818
p 246 161 80.430115 -7.7240486
p 245 162 78.62315 -19.708778
p 244 163 77.0257 -21.051655
p 243 164 75.57902 -20.72079
p 242 165 74.21274 -20.999214
p 241 166 73.28551 -22.657139

c 74 50.95258
p 247 40 46.3103 -0.07255745
p 248 41 46.325512 0.005130768
p 247 42 46.353428 0.10336304
p 247 43 46.39641 -0.052898407
p 247 44 46.524357 0.06081009
p 248 45 46.524357 -0.1760006
p 249 46 46.73716 0.0979805
p 250 47 46.817444 -0.13209343
p 251 48 46.916855 0.025312424
p 252 49 47.081226 0.03809929
p 252 50 47.16556 -0.11628342
p 253 51 47.29571 0.104558945
p 254 52 47.383667 -0.042194366
p 253 53 47.72711 0.12875175
p 254 54 47.965527 -0.3376007
p 255 55 48.23343 -0.26190948
p 255 56 48.47096 -0.11581802
p 255 57 48.7317 -0.28059006
p 255 58 49.071304 -0.099624634
p 255 59 49.278225 -0.33878708
p 254 60 49.651405 0.08629227
p 253 61 50.008797 0.8167629
p 254 62 50.30786 0.1331749
p 253 63 50.79616 8.785259
p 252 64 51.51052 -6.041752
p 253 65 52.01422 -23.213978
p 254 66 52.317192 -12.627014
p 255 67 52.64124 0.021076202
p 254 68 53.100758 -15.818943
p 253 69 53.621723 -8.136078
p 252 70 54.245033 -12.579966
p 253 71 55.0488 -6.2127647
p 254 72 55.79369 -0.058879852
p 253 73 56.563095 14.297138
p 254 74 57.877113 28.152626
p 253 75 58.46971 -9.398201
p 252 76 61.31556 -9.282402
p 253 77 67.62411 8.742027
p 253 78 68.611595 1.9488678
p 254 79 70.12777 9.957504
p 253 80 71.48967 7.159046
p 254 81 72.57926 20.268585
p 253 82 73.4544 5.9613457
p 254 83 74.21439 19.435486
p 253 84 75.157715 -12.067417
p 252 85 76.201675 -10.142246
p 251 86 77.69945 -15.553837
p 250 87 79.081924 -12.379864
p 249 88 81.50289 -16.99688
p 248 89 84.14051 -3.8078728
p 249 90 87.508995 -16.39069
p 250 91 91.562416 -11.610279
p 251 92 93.683716 -9.925304
p 252 93 97.26288 -5.823059

c 75 17.10981
p 247 145 105.735954 -0.48220062
p 248 146 104.849815 -0.56554794
p 249 147 103.81688 0.30598068
p 248 148 103.14198 -0.4784546
p 249 149 102.298996 -0.9173851
p 250 150 101.51911 -1.8763275
p 251 151 100.81404 -3.7538147
p 252 152 100.01198 -0.16817093
p 251 153 99.11699 -3.2985802
p 250 154 98.34705 -1.9349976
p 249 155 97.43953 -4.232689
p 248 156 96.61034 -1.3889198
p 249 157 95.4938 1.2883682
p 248 158 95.11832 -2.1551895
p 248 159 95.11832 -4.433094
p 247 160 88.626144 -11.231026

avg 24.700567
end