//fileLoc: inputData/gradient13.png
//fluxMulti: 3.0 channelCutOff: 10
//wk_fmin: 0.0 wk_fmax: 1.0
//total_mass_shift: 239.0
//colorstage1: 2 colorstage2: 3
# 75
avgCurve 1.3348725

c 0 14.679886
p 3 77 63.94684 -6.0918427
p 4 76 63.101147 -7.151516
p 5 75 62.41062 -8.931244
p 6 74 61.66683 -6.295101
p 7 73 60.720284 -6.431114
p 8 72 59.91871 5.0245724
p 7 71 59.126453 -1.2955246
p 6 70 58.470192 0.007461548
p 5 69 57.923355 3.2992535
p 6 68 57.44444 -2.2372398
p 5 67 56.883793 1.1610527
p 6 66 55.986904 0.40429688
p 5 65 55.285305 9.701258
p 6 64 54.683006 5.649105
p 7 63 54.121758 4.791815
p 8 63 53.569195 1.4180546
p 9 63 53.064762 0.0057048798
p 10 62 52.70602 2.8315735
p 11 61 52.423275 -0.34742737
p 12 60 52.1491 -0.12231827
p 12 59 51.959324 -0.18849564
p 13 58 51.810913 -0.31090927
p 14 57 51.484566 0.05051422
p 14 56 51.181442 -0.3235035
p 14 55 50.828304 -0.2775879
p 13 54 50.592815 -0.17975235
p 14 53 50.511536 -0.2121048
p 15 52 50.28428 0.18113708
p 15 51 50.10785 -0.15131569
p 16 50 49.993786 -0.17506218
p 15 49 49.88418 -0.045743942
p 16 48 49.7323 -0.18488884
p 16 47 49.709293 0.04557419
p 15 46 49.56793 0.035923004
p 16 45 49.425446 -0.19909668
p 17 44 49.39524 -0.0164814
p 17 43 49.39524 0.032600403
p 17 42 49.375378 -0.07949066
p 16 41 49.287125 -0.033527374
p 16 40 49.27549 0.0013637543
p 17 39 49.266953 -0.3195324
p 16 39 49.266953 -0.10697174

c 1 14.480011
p 3 77 63.94684 -4.320427
p 4 78 64.81425 -9.785374
p 5 79 65.65366 -18.987968
p 6 80 66.5206 -19.276524
p 7 81 67.44347 -6.8686333
p 6 82 68.87949 -8.206722
p 5 83 69.85633 -9.893925
p 4 84 70.68924 -5.128071
p 5 85 71.827576 -10.751797
p 6 86 72.497086 -4.620102
p 5 87 73.180305 -13.390865
p 4 88 74.20241 -6.906082
p 5 89 75.18528 1.0860062
p 4 90 76.856445 2.5199814
p 5 91 78.42685 -13.100525

c 2 37.807835
p 3 158 86.80597 -6.15279
p 4 159 85.705414 -11.257893
p 5 160 84.48732 -12.521946
p 6 161 82.75776 -13.434101
p 7 162 81.06286 -9.450172
p 8 163 79.074265 -6.1267433
p 7 164 73.78805 -11.139553
p 6 165 73.10872 -5.2505913
p 7 166 72.558266 0.55822754
p 6 167 72.057625 -10.833347
p 5 168 71.40122 -10.445599
p 4 169 70.71609 -8.209839
p 5 170 69.75069 -12.759361
p 6 171 69.3633 -11.751053
p 7 172 68.507706 -13.982361
p 8 173 67.94329 -7.7481575
p 9 174 67.38815 -9.536888
p 10 175 66.80029 -4.15366
p 9 176 66.12558 2.6386414
p 10 177 65.42186 1.0583534
p 9 178 64.827324 -6.5179367
p 10 179 64.28645 -19.04475
p 11 180 63.6381 -20.299583
p 12 181 62.827023 -14.526573
p 13 182 61.964024 -8.545784
p 14 183 61.239235 -7.483553
p 13 184 60.59283 -10.896328
p 12 185 59.923668 -10.761463
p 11 186 59.250824 5.0639744
p 12 187 58.59997 -0.49543
p 13 188 57.927055 -0.51129913
p 14 189 57.21222 -6.2842274
p 13 190 56.51709 -0.09453201
p 14 191 55.884495 6.1639156
p 15 192 55.26048 0.0179348
p 14 193 54.677532 -0.5060425
p 15 194 54.132523 -0.5721245
p 16 195 53.621655 0.025506973
p 15 196 52.93066 -0.12184334
p 14 197 52.675144 0.06593132
p 13 198 52.262123 -0.09403229
p 14 199 51.855125 -0.2139759
p 15 200 51.558537 0.04916191
p 16 201 51.159233 -0.07790756
p 17 202 50.94769 0.038425446
p 18 203 50.701496 -0.0027217865
p 17 204 50.485874 -0.11548233
p 17 205 50.222412 -0.13946533
p 18 206 50.092415 -0.34557724
p 19 207 49.974716 -0.05256462
p 19 208 49.75333 -0.09187508
p 20 209 49.667664 -0.052682877
p 19 210 49.667664 0.12625313
p 19 211 49.379646 -0.058332443
p 19 212 49.290436 0.017814636
p 20 213 49.281982 -0.1425705
p 21 213 49.281982 -0.070978165
p 22 214 49.254635 -0.6138878
p 23 215 49.216877 -0.071588516
p 22 216 49.086872 -0.100824356
p 22 217 49.084984 -0.09869194
p 22 218 49.017006 -0.06015587
p 22 219 49.014507 -0.14759064
p 21 220 48.998135 -0.16456413
p 20 221 48.998135 -0.06499481

c 3 50.401875
p 8 107 99.73835 -7.6948586
p 9 106 96.84507 -10.045403
p 10 105 94.45885 -10.4796715
p 11 104 92.77188 -7.2115784
p 10 103 90.826645 -11.284714
p 9 102 89.898796 -3.3308449
p 10 101 88.591385 -8.542809
p 11 100 88.05564 -6.490185
p 12 99 87.562454 -6.8484383
p 13 98 87.343414 -4.1153183
p 14 97 86.91929 1.3445053
p 14 96 85.97397 -4.651539
p 13 95 79.98124 -5.9042435
p 12 94 79.381905 -0.37493134
p 13 93 78.84001 -7.1684875
p 14 92 78.35613 -4.9416924
p 15 91 78.10547 -1.9269676
p 16 90 77.35403 -5.6254044
p 17 89 76.84204 -2.6177597
p 18 88 76.65927 -4.5065994
p 19 87 75.906334 -4.340439
p 20 86 75.37457 0.08629227
p 21 85 74.75721 -4.268162
p 20 84 74.099846 5.132614
p 21 83 73.48215 -0.2286148
p 22 82 72.86709 -2.153633
p 23 81 72.34726 -4.0034027
p 22 80 71.89519 7.501877
p 23 79 71.260895 3.5647545
p 24 78 70.90014 0.06434631
p 25 77 70.66493 0.18881607
p 26 77 70.35577 -0.9645424
p 27 78 70.40589 6.537262
p 28 77 69.84245 4.586025
p 29 76 69.20369 5.930149
p 30 75 68.39921 1.2690697
p 29 74 67.504074 5.558586
p 30 73 66.740875 11.943886
p 31 72 65.97838 8.503231
p 32 71 65.29834 4.034218
p 33 70 64.746086 5.723938
p 34 69 63.628593 -1.1960526
p 35 70 60.449875 5.013832
p 36 69 59.27659 3.6367111
p 37 68 58.362026 -0.226017
p 38 67 57.62104 -3.8063889
p 37 66 56.939243 -2.9134636
p 36 65 56.25251 -4.36302
p 35 64 55.50816 -2.325798
p 34 63 54.776474 0.28282547
p 33 62 54.170105 4.2149715
p 32 61 53.65228 -0.17865753
p 31 60 53.243336 -0.2204113
p 30 60 52.826252 -0.10642815
p 29 60 52.529076 -0.43743324
p 28 59 52.097656 -0.2451477
p 27 58 51.95692 -0.27178
p 26 57 51.77782 -0.24095345
p 25 56 51.54126 -0.27492905
p 24 55 51.22839 0.039690018
p 23 54 50.935276 0.055700302
p 22 53 50.66367 -0.07894325
p 23 52 50.548927 -0.2018032
p 23 51 50.459972 -0.0135650635
p 22 50 50.175533 0.023031235
p 22 49 49.994415 -0.17675209
p 22 48 49.975372 -0.14953423
p 23 47 49.75171 -0.12012482
p 22 46 49.652046 -0.05552292
p 21 45 49.473953 -0.046203613
p 21 44 49.449207 -0.42157173
p 20 43 49.336475 0.0331192
p 21 42 49.336475 -0.6544342

c 4 31.077042
p 20 111 102.04728 -4.762947
p 21 110 101.16386 -2.964859
p 22 109 100.70876 -2.049221
p 23 108 99.95134 -1.2058449
p 24 107 99.354195 -0.5567436
p 23 106 96.946785 -0.12746048
p 24 105 95.516304 -2.590046
p 25 104 93.63403 -4.77425
p 26 103 90.83404 -9.6730385
p 27 102 88.51611 -11.948822
p 28 101 86.74235 -3.1781807
p 27 100 85.908775 -6.7904396
p 28 99 85.08447 -2.7505913
p 27 98 84.24671 -10.523468
p 26 97 83.42107 -9.019306
p 25 96 82.67405 -3.4559555
p 26 95 81.98883 -6.2508125
p 27 94 81.26984 -3.8018684
p 28 93 80.50209 -3.835781
p 27 92 79.75202 -5.6902695
p 26 91 79.008835 -2.3111687
p 27 90 78.212 -4.1528206
p 28 89 77.34427 -6.0168915
p 29 88 76.67363 -8.837971
p 30 87 76.064995 4.743496
p 29 86 74.72861 -3.912815
p 30 85 74.125694 -1.8351707
p 29 84 73.51822 -6.368923
p 28 83 73.091415 0.96403503
p 29 82 72.58855 0.7449837
p 28 81 72.07091 3.9705582
p 29 80 71.533295 -0.8576546
p 28 79 70.97024 -0.6892319

c 5 2.0584793
p 21 211 49.512196 0.039806366
p 22 210 49.66676 0.041973114
p 22 209 49.742397 -0.18628502
p 23 208 49.857048 -0.17756844
p 24 207 50.080875 -6.1035156E-5
p 23 206 50.212185 0.0076789856
p 24 205 50.34519 -0.02610588
p 25 204 50.57137 -0.2892704
p 25 203 50.57137 -0.077791214
p 26 203 50.67894 -0.009552002
p 27 202 50.86015 0.28992844
p 26 201 51.085594 0.02551651
p 25 200 51.335617 -0.20230293
p 24 199 51.570675 -0.37883568

c 6 29.7649
p 23 152 97.31136 -3.5338745
p 24 153 96.818756 -3.1283722
p 25 154 96.25894 -2.9880638
p 26 155 95.462166 0.44886398
p 25 156 94.08873 3.9161263
p 26 157 92.09237 1.0947876
p 26 158 90.21028 4.2094955
p 27 159 89.9728 2.6908264
p 26 160 89.907425 5.8903275
p 27 161 88.62797 7.024456
p 28 162 87.38778 -0.23751068
p 28 163 77.75996 -6.3496933
p 29 164 75.85953 -0.65185547
p 28 165 74.170876 -0.13072968
p 29 166 73.4915 -7.8882523
p 30 167 72.59194 -11.008663
p 31 168 71.30435 -16.38778
p 32 169 70.33097 -17.71278
p 33 170 69.72516 4.7320976
p 33 171 69.62362 -7.949066
p 34 172 68.4181 -7.9635696
p 35 173 67.83213 -8.783245
p 36 174 67.62334 -9.731663
p 37 175 67.54646 1.0204964
p 38 175 67.54646 1.0123901
p 39 174 67.64899 -3.686905
p 40 173 67.83122 -5.804886
p 39 172 68.4444 -0.81101227
p 40 171 68.962234 -8.423916
p 41 170 69.7848 -7.649582
p 42 169 78.54112 4.2244644
p 42 168 80.10311 -4.1719017
p 43 167 81.696915 -2.1479797
p 44 166 83.24103 -1.243412
p 45 165 85.22563 -1.4795341
p 46 164 86.28016 -5.821659
p 47 163 87.16683 -6.7945404
p 48 162 89.32153 -6.7873306
p 49 161 92.49694 -4.748474

c 7 0.8890457
p 26 37 49.000423 -0.1511898
p 26 38 49.000423 -0.17759705
p 26 39 49.000423 -0.11232948
p 27 40 49.138054 -0.01621437
p 28 41 49.248604 -0.23465538
p 28 42 49.40206 0.04017639
p 29 43 49.40206 -0.14292526
p 30 44 49.630688 -0.11964035
p 31 45 49.64623 -0.15903854
p 31 46 49.802097 0.04673958
p 32 47 49.88947 0.1867199

c 8 15.763443
p 29 102 87.79494 -7.499729
p 30 103 88.64766 -4.605526
p 29 104 89.9045 2.65036
p 30 105 91.49165 -5.319374
p 31 106 93.21396 -4.7618027
p 32 107 94.71646 -5.5601997
p 31 108 96.31796 0.5968666
p 32 109 97.47232 -5.508915
p 33 110 98.33107 -3.452217
p 32 111 100.85288 1.9508095
p 33 112 103.55838 -3.0094566

c 9 26.586643
p 30 176 75.52074 -7.2247925
p 31 177 74.26108 -7.221012
p 32 178 73.1819 -4.1725807
p 33 179 71.93692 -2.5642204
p 34 180 64.7656 3.3134537
p 34 181 62.22505 6.023094
p 34 182 61.740955 2.2473621
p 35 183 60.223103 -4.976589
p 36 184 59.729824 -6.944832
p 37 185 59.360638 -8.879902
p 38 186 58.99839 -5.2723923
p 39 187 58.909954 -1.1362896
p 38 188 56.660904 -7.6331215
p 37 189 56.203125 -3.6997395
p 38 190 55.70351 12.534998
p 37 191 55.151173 5.8280067
p 36 192 54.54174 3.4694786
p 35 193 54.05555 0.63848877
p 34 194 53.602192 -0.050621033
p 34 195 53.05087 -0.18896294
p 34 196 52.857033 0.116355896
p 35 197 52.455902 -0.065813065
p 34 198 52.056973 -0.08178139
p 33 199 51.50195 -0.31398392
p 34 200 51.37448 0.13244057
p 35 201 51.00359 -0.05389023
p 36 202 50.776222 0.13300896
p 35 203 50.575745 -0.30345345
p 35 204 50.371445 -0.1865902
p 36 205 50.30117 0.059476852
p 37 205 50.065292 -0.5068722
p 38 206 50.065292 0.21151352
p 37 207 49.79742 -0.22088432
p 37 208 49.79742 -0.03071785
p 36 209 49.483524 0.01842308
p 36 210 49.41143 -0.049049377
p 37 211 49.36551 0.06159401
p 38 212 49.36551 -0.06990433
p 37 213 49.245758 -0.16453743
p 37 214 49.162994 -0.033439636
p 37 215 49.162994 -0.22313881
p 37 216 49.103153 -0.13796616
p 36 217 49.103153 0.0358963
p 37 218 49.006462 -0.04550171
p 37 219 48.967243 0.08611488
p 37 220 48.934093 0.04949951
p 38 221 48.934093 -0.34368324

c 10 29.28212
p 31 150 99.1316 -1.4784203
p 32 151 97.301636 -1.122982
p 31 152 95.85804 -1.3168983
p 32 153 93.70922 -2.580986
p 31 154 92.391975 -0.7921753
p 32 155 91.494804 -6.684517
p 33 156 90.34538 -3.95673
p 34 157 87.12505 -5.132416
p 33 158 85.54021 -6.0031967
p 32 159 83.41998 -4.555847
p 33 160 81.93377 -4.834236
p 34 161 80.94609 -7.8170166
p 33 162 80.15961 -0.7155838
p 34 163 79.64833 -6.348114
p 35 164 79.29579 3.881977
p 35 165 79.16884 -1.8469048
p 34 166 72.48993 -17.723576
p 35 167 72.08885 -11.554138
p 36 168 71.1983 -8.642334
p 35 169 70.28849 -9.075684
p 34 170 69.84948 -6.2767715

c 11 2.9432793
p 34 37 49.126667 0.10968399
p 35 36 49.125206 -0.37471008
p 36 36 49.125206 -0.1091938
p 36 37 49.249863 0.03253174
p 37 38 49.294796 -0.16612816
p 37 39 49.324474 -0.18476105
p 38 40 49.39155 -0.2095604
p 38 41 49.4523 -0.1688137
p 39 42 49.541363 0.071668625
p 39 43 49.541363 -0.09603882
p 40 44 49.78803 -0.011623383
p 41 45 49.94098 -0.3533249
p 41 46 50.18335 -0.31758308
p 42 47 50.49397 -0.22112846
p 42 48 50.53363 -0.02025795
p 42 49 50.61742 -0.14172363
p 42 50 50.840027 0.058288574
p 43 51 51.26339 0.076028824
p 44 52 51.389423 -0.10668564
p 44 53 51.70106 -0.18844414
p 45 54 52.068485 -0.2986393

c 12 25.579079
p 36 164 79.39522 -0.4407425
p 37 163 79.39522 -4.987213
p 38 162 79.99938 -5.2190933
p 39 161 80.32446 -3.8339882
p 40 160 81.15474 -4.390415
p 39 159 81.6655 4.0007324
p 40 158 84.185356 3.3034973
p 40 157 84.185356 3.979332
p 40 156 84.26077 1.378212
p 41 155 84.63514 -4.9701996
p 42 154 85.22708 -3.1965294
p 41 153 86.58808 -9.719574
p 40 152 87.519226 -11.697086
p 39 151 89.3088 -3.9517822
p 40 150 89.756584 -5.481621
p 41 149 90.83387 -9.792633
p 42 148 91.78211 -3.2485504
p 42 147 97.67104 -1.0385246
p 41 146 102.408394 -3.2403717
p 40 145 104.9743 -1.4205856

c 13 15.191452
p 41 156 84.59647 0.76454926
p 42 155 84.71395 -3.9333992
p 43 154 85.670616 -6.188053
p 44 155 86.55114 -1.3879967
p 45 154 88.3811 -9.378284
p 46 153 89.235695 -10.476261
p 47 152 90.90679 -6.8540115
p 48 151 92.50392 -14.363426
p 49 150 95.20477 -12.683521
p 50 149 97.939964 -7.6839485
p 51 148 99.787926 -5.7980537

c 14 0.60505676
p 41 212 49.33736 -0.032571793
p 42 213 49.28539 -0.17600441
p 43 213 49.28539 -0.01927948
p 44 214 49.246876 0.045223236
p 43 215 49.154827 -0.2758007
p 43 216 49.128963 -0.116947174
p 42 217 49.128963 -0.33979034
p 42 218 49.081284 -0.20735168
p 42 219 49.081284 -0.3250885
p 43 220 49.080215 -0.062877655
p 43 221 48.957684 -0.09628296
p 44 222 48.926483 -0.01566124
p 45 223 48.92172 0.03650856
p 44 224 48.839848 -0.1048336
p 43 225 48.766685 -0.15420723
p 43 226 48.766685 -0.103162766
p 44 227 48.732304 0.13456154
p 43 227 48.732304 -0.12003136

c 15 2.105957
p 44 212 49.328087 -0.08377838
p 45 211 49.5158 -0.02602768
p 46 210 49.5158 -0.047826767
p 46 209 49.645996 -0.2203579
p 46 208 49.825073 -0.33340263
p 45 207 49.833046 -0.18675613
p 46 206 49.833046 -0.19747353
p 47 206 50.08565 0.17498398
p 48 205 50.2807 -0.07018471
p 49 204 50.371796 -0.16404343
p 48 203 50.433258 -0.016155243
p 47 202 50.542217 -0.0043239594
p 47 201 50.808865 0.19879341
p 48 200 51.139202 -0.42347336
p 49 199 51.434044 0.0043964386

c 16 52.76591
p 46 111 101.58028 -0.024738312
p 47 110 100.29639 -4.3443336
p 48 109 98.71349 -3.6877632
p 49 108 97.85795 -0.35232544
p 49 107 96.51826 -3.9719696
p 50 106 93.311554 -6.1781006
p 49 105 93.01864 -8.09222
p 48 104 92.802704 1.2121887
p 48 103 91.94419 0.40996933
p 48 102 87.801605 -4.700775
p 49 101 85.81083 -5.109638
p 50 100 85.34745 0.5857773
p 51 99 83.900246 -0.5221634
p 52 98 83.42717 1.6311111
p 53 97 82.89325 2.655014
p 54 96 82.196556 -1.5327263
p 55 96 82.0383 -0.9536438
p 56 95 81.74386 1.6283035
p 57 94 81.6639 0.63581085
p 56 93 81.10906 -1.2355766
p 57 92 79.28683 1.3954582
p 58 91 79.0273 0.875576
p 59 90 78.75138 2.849907
p 60 89 78.41322 -1.770874
p 59 88 77.846504 0.88165665
p 58 87 77.57566 -1.0228539
p 59 86 77.57566 3.5233421
p 60 86 76.75824 5.117199
p 61 85 75.34133 -1.8807335
p 61 84 71.442085 -2.338253
p 62 83 68.94633 -1.7374573
p 63 82 68.43289 6.66415
p 63 81 67.54313 -2.3504372
p 62 80 66.96218 4.530098
p 61 79 66.52604 1.0600548
p 62 78 66.27056 -1.2226982
p 61 77 65.68687 3.911728
p 60 76 64.74849 -1.533104
p 61 75 64.07265 0.29577637
p 60 74 63.515255 0.8350487
p 59 73 63.157993 0.70739365
p 58 72 62.799694 0.08515358
p 59 71 62.3251 1.5327225
p 60 70 61.861916 0.60029984
p 61 69 61.53662 0.8253517
p 62 68 61.37119 4.227665
p 61 67 61.206593 0.30244446
p 62 66 60.942406 -1.8731804
p 61 65 58.155987 1.2870178
p 62 64 57.622177 -1.4460068
p 63 63 57.073887 2.2576122
p 64 62 56.501163 5.3441906
p 65 61 55.948936 -0.4348259
p 65 60 55.416183 -0.30200958
p 64 59 54.988667 -0.03545761
p 63 58 54.650204 -0.13619423
p 62 57 54.22388 -0.28328705
p 63 56 53.68504 -0.26601982
p 62 55 53.57723 -0.10159683
p 61 54 52.64978 0.07182121
p 61 53 52.527718 -0.22221947
p 61 52 52.129242 -0.29086113
p 60 51 51.848896 -0.037675858
p 59 50 51.57079 0.04139328
p 60 49 51.18027 0.04643631
p 60 48 50.86325 -0.25855255
p 61 47 50.54744 -0.02123642
p 60 46 50.22933 -0.18875694
p 60 45 50.045406 0.009090424
p 61 44 49.91633 0.027723312
p 62 43 49.805477 -0.40527344
p 63 42 49.78649 0.039596558
p 63 41 49.53962 -0.019029617
p 63 40 49.46893 -0.056539536
p 63 39 49.38273 -0.06386757
p 62 38 49.38273 -0.0837059
p 62 37 49.30637 0.06505203
p 61 36 49.23418 -0.16461945
p 62 35 49.13734 0.05744934
p 61 34 49.037342 -0.23888779
p 60 33 49.022663 -0.017658234
p 60 32 48.93522 0.095516205
p 60 31 48.93522 -0.060691833
p 60 30 48.85073 0.06913757
p 59 29 48.835373 -0.030700684
p 58 28 48.814365 -0.1364727
p 57 29 48.814365 -0.053100586
p 56 30 48.831547 -0.00957489
p 56 31 48.831547 -0.096616745
p 56 32 48.83932 -0.19575119
p 56 33 49.062824 5.893707E-4
p 55 34 49.152714 -0.031909943
p 54 35 49.152714 -0.21611977
p 54 36 49.225956 -0.1576252
p 53 37 49.225956 -0.106004715
p 52 38 49.412975 -0.16976547
p 52 39 49.49102 -0.13610649
p 51 40 49.51069 -0.19411087
p 50 40 49.526676 -0.25958633
p 49 40 49.526676 -0.052635193
p 49 41 49.573887 -0.13060188
p 48 42 49.686127 -0.14095497
p 47 43 49.800663 -0.08494949
p 47 44 49.911373 -0.16420174

c 17 18.601871
p 49 88 81.783844 -2.9315147
p 50 87 80.53764 -3.6152039
p 51 86 79.21015 -0.9085083
p 52 85 78.38198 0.22527695
p 53 84 78.37911 -0.19968796
p 54 84 78.37911 -3.805481
p 55 83 70.51762 -11.585888
p 56 82 69.840126 -2.9054031
p 55 81 69.193054 -4.899006
p 54 80 68.8873 -6.086502
p 53 79 68.03776 -7.0375023
p 52 78 67.7045 -7.252121
p 51 77 66.804306 2.2329597
p 52 76 66.29871 0.6276665
p 53 75 65.71447 -2.152794
p 54 74 65.19912 -5.647167
p 55 73 63.944214 -8.996773
p 56 72 63.403587 -5.659729
p 57 71 63.181973 0.5117283

c 18 53.550884
p 52 211 49.322697 0.13339043
p 53 211 49.322697 0.07953453
p 53 210 49.350372 -0.09164047
p 54 209 49.481453 0.042613983
p 53 208 49.648582 0.017158508
p 54 207 49.77822 -0.11636162
p 55 206 49.96811 0.051361084
p 54 205 50.109997 0.04676628
p 55 204 50.327965 -0.19566727
p 55 203 50.440456 -0.066812515
p 56 202 50.57877 -0.31127548
p 56 201 50.794395 0.10026169
p 56 200 51.242012 0.11350441
p 57 199 51.551895 -0.20898819
p 58 198 51.881268 -0.020711899
p 59 197 52.238007 -0.039453506
p 60 196 52.71304 -0.38903618
p 61 195 53.159187 -0.4194107
p 60 194 53.57328 -0.05352211
p 61 193 53.952785 4.0080204
p 60 192 54.648994 7.8738804
p 59 191 55.28218 4.572809
p 58 190 55.87279 -1.6278267
p 59 189 56.44402 -2.6829128
p 58 188 56.983894 3.9504108
p 59 187 57.78971 -5.9241066
p 60 186 58.25613 -9.247009
p 61 185 58.945923 -3.6762161
p 62 184 59.47019 -2.2444725
p 63 183 60.130486 -10.216808
p 62 182 60.98326 0.030380249
p 63 181 62.203125 -8.7147255
p 64 180 62.97562 -10.472134
p 65 179 63.7594 -11.457111
p 66 178 64.5554 -13.747414
p 67 177 65.224144 1.8971748
p 66 176 65.796265 3.532364
p 67 175 67.91451 4.1944923
p 66 174 68.248146 -9.910042
p 65 173 69.233574 -18.390358
p 64 172 70.21089 -14.882996
p 63 171 70.916985 -2.6679802
p 64 170 71.84624 -15.673401
p 65 169 72.760994 -17.22715
p 66 168 73.5729 -6.723694
p 65 167 77.08786 -0.7303505
p 65 166 84.3766 0.78780746
p 66 165 85.62127 -8.358063
p 67 164 86.81551 -3.9958153
p 66 163 88.341705 -0.6974106
p 67 162 89.3117 -5.680008
p 68 161 90.88166 -5.505718
p 69 160 95.67335 2.3105736
p 68 159 96.945496 -2.255169
p 67 158 99.71273 -0.08631134
p 67 157 100.22634 0.3072586
p 66 156 101.711555 0.61922073
p 67 155 102.36447 -0.1399231
p 66 154 102.87358 0.32920837

c 19 25.18158
p 59 115 93.50864 -1.497158
p 60 114 89.40959 -11.887749
p 61 113 88.54437 -9.914009
p 62 112 87.8024 -12.250168
p 61 111 87.081566 -0.35402298
p 62 110 86.3708 -12.853828
p 63 109 85.61056 -5.096176
p 62 108 85.11125 1.7468491
p 63 107 84.48455 -8.388912
p 64 106 83.858284 -9.194546
p 65 105 83.27123 -6.1012344
p 66 104 82.66471 -1.4457245
p 65 103 81.93651 -0.6473503
p 66 102 81.40011 -0.25775528
p 67 101 80.9178 -1.0178986
p 68 100 80.44477 -1.1332321
p 69 99 79.88183 -3.531025
p 70 98 79.25261 -2.2191658
p 71 97 78.88558 -1.9556122
p 72 96 78.70474 -1.355156
p 73 95 78.5017 3.6988869
p 73 94 78.27037 0.98327637
p 72 93 77.94094 2.5589638
p 71 92 77.62615 4.41523
p 70 91 77.339615 2.4833755
p 69 90 77.063835 2.9265099
p 68 89 76.75079 1.3862762
p 69 88 76.16852 0.9306488
p 68 87 74.951584 -1.1108513
p 67 87 71.58402 -1.175415
p 66 86 70.637985 -2.1676407
p 67 85 69.91311 4.3637543
p 66 84 69.5181 6.6124496
p 65 83 69.238594 0.19672012
p 64 82 68.32706 -6.013069

c 20 12.569809
p 62 67 61.29927 -0.56165695
p 63 68 61.29927 -0.14115524
p 64 69 61.59944 -5.869747
p 65 68 62.033062 0.98760605
p 66 69 62.50798 -0.68712616
p 67 70 63.04126 2.131794
p 68 71 63.63132 5.876526
p 69 72 64.3129 2.9661598
p 70 73 65.04016 3.170002
p 71 72 65.739 -0.96772385
p 72 71 66.34724 -2.2477188
p 73 72 66.85376 0.22412872
p 74 73 67.34898 -5.03067
p 75 74 67.86021 -5.5756073
p 76 75 68.39342 -3.1375885
p 77 76 69.145836 -4.0759697
p 78 77 69.77415 -4.506462
p 79 78 70.58179 -2.180462
p 80 79 70.94602 1.299984
p 81 80 71.35535 3.713768
p 82 81 71.929214 -4.0810585
p 81 82 72.494316 2.8537025
p 82 83 73.24666 -1.4591599
p 83 84 73.86908 -5.100933

c 21 0.5934906
p 70 210 49.47309 0.017755508
p 70 211 49.47309 0.072790146
p 71 212 49.442593 0.045610428
p 72 213 49.29151 -0.13795471
p 71 214 49.216595 0.12450409
p 71 215 49.203796 0.0745163
p 72 216 49.151577 -0.34586906
p 73 217 49.14162 0.025850296
p 73 218 49.052174 -0.053417206
p 74 219 49.052174 0.056325912
p 75 219 49.004158 0.043930054
p 76 220 49.004158 -0.53964615
p 77 221 48.983116 0.11294365
p 77 222 48.92065 -0.24152946
p 76 223 48.8796 -0.13735008
p 75 224 48.8796 0.016160965

c 22 23.492203
p 71 118 102.111565 -0.42782974
p 72 117 101.57404 0.21822739
p 73 116 100.97612 0.28510284
p 74 115 100.38951 -0.94179535
p 75 114 99.89996 -0.12706375
p 76 113 96.70903 1.1619225
p 76 112 95.939674 -1.7273445
p 77 111 94.62108 -2.6493378
p 78 111 93.7564 -2.6636734
p 79 110 91.463036 -3.2573547
p 78 109 90.665306 -5.0377045
p 77 108 90.10667 -0.93312454
p 76 107 89.354744 -0.89744186
p 75 106 88.595894 -0.5979309
p 76 105 87.793625 -1.4750557
p 75 104 86.60858 0.8259964
p 76 103 84.4307 -1.3438225
p 77 102 83.01535 -5.284279
p 78 101 81.915146 -3.272606
p 79 100 80.75388 2.3814201
p 78 99 80.19319 -1.2759285
p 77 98 79.68064 -0.8980675
p 76 97 79.23443 -4.2659645
p 75 96 78.992714 -1.5077133
p 74 95 78.61936 0.7929115

c 23 8.997429
p 76 152 101.764015 -3.0975304
p 77 153 100.77391 -6.1525497
p 78 154 99.77692 -5.9799232
p 79 155 98.73065 -1.7379417
p 78 156 97.82113 0.6335907
p 79 157 96.61777 -5.0464973
p 80 158 95.864914 -1.2332268
p 79 159 94.98366 3.439724
p 80 160 94.04716 0.9426384
p 79 161 93.17592 1.0185852
p 80 162 92.76659 -0.7251892
p 81 163 92.76659 -2.020317

c 24 23.908852
p 80 99 81.57668 -0.28683853
p 81 100 82.59229 -4.657921
p 82 101 83.46453 -6.219658
p 83 102 84.18669 -7.671154
p 84 103 84.94395 -7.009159
p 85 104 85.79451 -5.369091
p 86 105 86.77642 -0.035980225
p 87 106 87.660164 -0.01808548
p 88 107 88.53369 0.1445427
p 89 108 89.46035 -8.509094
p 90 109 90.25528 -7.315487
p 91 110 91.20971 -2.9855385
p 92 111 91.940025 -4.6259537
p 91 112 93.880486 -0.5085335
p 92 113 95.84494 -4.8148155
p 93 113 99.41082 -2.5722198
p 94 114 100.45857 -2.8635864
p 95 115 101.41657 -1.6168327
p 96 116 102.828964 -2.386753
p 97 117 104.27192 -1.5525589
p 98 118 105.485535 -0.16096878

c 25 1.3039131
p 81 53 50.98143 -0.10368538
p 82 52 50.824265 0.06676102
p 83 51 50.551926 -0.09555626
p 84 50 50.551926 0.060228348
p 85 49 50.171387 -0.25725746
p 86 49 50.14598 -0.17315674
p 87 48 50.092793 -0.22877312
p 88 47 49.973923 -0.063100815
p 89 46 49.83462 0.14173698
p 89 45 49.677517 -0.24026299
p 90 45 49.677517 -0.053113937

c 26 25.895435
p 85 166 75.159935 3.1867638
p 86 167 74.352165 -11.385323
p 87 168 73.542595 -3.8442116
p 86 169 73.015175 -1.0106735
p 87 170 72.04446 1.5259972
p 86 171 70.95939 -6.8173523
p 85 172 69.60079 -5.224201
p 86 173 68.28718 -0.4094391
p 85 174 67.31089 5.1540756
p 86 175 66.41426 -9.279469
p 87 176 65.65099 -12.794399
p 88 177 64.866035 -12.989174
p 89 178 64.05873 -10.631493
p 90 179 63.299786 -5.0419044
p 91 180 62.73109 -3.4180298
p 90 181 62.167316 -5.3271904
p 89 182 61.589523 -4.1800537
p 88 183 61.024784 -10.171167
p 89 184 60.491264 7.3276634
p 88 185 59.946 3.3917007
p 87 186 59.31363 -2.3791008
p 88 187 58.57688 0.3223343
p 89 188 57.851025 -3.6489258
p 88 189 57.244198 1.8353119
p 89 190 56.645454 8.238144
p 88 191 56.107323 5.906166
p 89 192 55.52618 5.112528
p 88 193 54.914757 2.9484215
p 87 194 54.351738 0.050718307
p 88 195 53.879105 -0.0656414
p 87 196 53.422825 -0.05283165
p 86 197 52.94119 -0.024978638
p 87 198 52.52259 0.07512474
p 88 199 52.0318 0.039857864
p 89 200 51.702797 -0.32884026
p 89 201 51.21477 -0.11118889
p 89 202 51.079212 0.09420776
p 88 203 50.693703 -0.15326118
p 89 204 50.569496 -0.36865997
p 89 205 50.163963 -0.04468918
p 89 206 50.090416 0.027236938
p 90 207 50.04171 0.013849258
p 89 208 49.949966 -0.0037651062
p 88 209 49.657303 -0.21018219
p 89 210 49.657303 0.0023288727
p 88 211 49.485752 -0.1350174
p 89 212 49.389538 0.08032799
p 89 213 49.29066 0.08635521
p 88 214 49.2645 -0.020633698
p 87 214 49.2645 -0.22853279

c 27 1.4779053
p 87 51 50.40216 -0.0015544891
p 88 50 50.270027 -0.007854462
p 89 49 50.119358 -0.03469658
p 90 48 49.82544 0.00633049
p 91 48 49.747345 -0.11286545
p 92 47 49.747345 0.16015434
p 93 46 49.61529 0.14728355
p 94 45 49.555008 -0.55119133
p 94 44 49.50376 -0.24828911
p 94 43 49.50376 -0.2880993
p 93 42 49.48181 0.18083954
p 94 41 49.275402 -0.30049133
p 95 40 49.266132 -0.11250305
p 94 39 49.205383 -0.036863327
p 95 38 49.192257 0.04634285
p 94 37 49.192257 -0.30830002
p 94 36 49.099773 -0.030887604
p 94 35 49.043484 0.05074501
p 93 34 49.01309 -0.034664154
p 93 33 48.924255 -0.017011642
p 92 32 48.924255 -0.026195526
p 91 33 48.924255 -0.040929794

c 28 10.997196
p 90 73 60.754444 -9.308758
p 91 72 59.990265 -9.353596
p 92 71 58.73973 -8.147112
p 91 70 57.984898 5.293186
p 92 69 57.481327 -7.848427
p 93 68 56.764248 -13.478653
p 94 67 56.190685 -10.38168
p 95 66 55.462635 -3.507246
p 96 65 54.686096 -0.23028564
p 95 64 53.824036 2.514225
p 95 63 53.33484 6.7284126
p 94 62 52.899418 4.6869946
p 93 61 52.6439 -0.31539726
p 92 60 52.297466 -0.12955666
p 92 59 51.84052 -0.12000084
p 93 58 51.581818 0.020895004
p 94 57 51.25877 -0.16102219
p 93 56 51.0788 0.12773132
p 94 55 50.814766 -0.38884354
p 95 54 50.73899 0.07858276
p 94 53 50.3778 -0.33654594
p 94 52 50.102207 -0.2127552
p 95 51 50.088814 0.19091988
p 94 50 50.06273 0.0044288635
p 93 49 49.89935 -0.18893623
p 92 48 49.757248 -0.16096497

c 29 14.925541
p 91 178 63.840237 -6.738926
p 92 177 64.594 -12.141373
p 93 176 65.44207 -12.478985
p 94 175 66.17712 -11.711655
p 95 174 66.77428 -6.773262
p 96 173 67.29802 -10.154785
p 97 172 67.938034 -12.569786
p 98 171 68.60899 -14.140686
p 99 170 69.025215 -13.69487
p 100 169 69.532585 -0.35298538
p 99 168 70.635155 -15.641014
p 98 167 71.29171 -19.747456
p 97 166 72.602295 -19.4818
p 96 165 73.8297 -10.668198
p 97 164 74.80861 3.9360619
p 96 163 78.76578 -7.3714714

c 30 15.933819
p 94 77 71.87077 -0.63362885
p 95 76 71.51333 4.4515305
p 96 75 71.11775 -0.05449295
p 97 74 70.66633 2.3663292
p 98 73 70.14373 5.642288
p 97 72 69.489365 -1.466568
p 98 71 68.67815 5.8879356
p 97 70 67.21456 9.267925
p 96 69 65.68662 -7.1146126
p 96 68 62.873318 -2.07193
p 95 67 55.936954 1.9628258

c 31 22.3479
p 94 77 71.87077 -6.721943
p 95 78 72.29432 -1.831501
p 96 79 72.71482 3.4068985
p 97 80 73.192184 9.277977
p 98 81 73.629654 -4.0735435
p 97 82 74.01339 4.1727333
p 98 83 74.551895 4.8576927
p 99 84 75.26099 -2.7556648
p 100 83 75.892 -3.2222595
p 101 84 76.35278 -7.635372
p 102 85 76.73395 -5.010521
p 103 86 77.16187 -1.1139679
p 104 87 77.72375 -0.81721497
p 103 88 78.303604 -0.41883087
p 102 89 78.91939 -4.3941307
p 103 90 79.61035 -9.878754
p 104 91 80.39085 -6.0000534
p 103 92 82.204185 4.482994
p 104 93 83.26469 -9.822304
p 105 94 84.324036 -6.574711
p 106 95 85.01783 -4.807583
p 105 96 85.686455 3.5189247
p 106 97 86.80069 -6.302269
p 107 98 87.808624 -0.8003578
p 106 99 88.92879 -9.869011
p 105 100 89.8192 -5.1294746
p 106 101 91.09772 0.06968689
p 105 102 92.44715 -10.222984
p 104 103 94.21867 -4.799576

c 32 5.365799
p 96 190 54.596664 -0.54533577
p 97 191 54.25225 1.9342079
p 98 192 53.730457 3.6481934
p 99 193 53.229137 5.283823
p 100 194 52.76178 -0.07785988
p 101 195 52.382843 0.013643265
p 102 196 52.122833 -0.28002357
p 103 197 52.04168 -0.09740639
p 103 198 51.602406 -0.42140007
p 102 199 51.508854 -0.107406616
p 101 200 51.200542 -0.16817093
p 102 201 50.996414 0.10190773
p 101 202 50.6904 -0.11130524
p 101 203 50.664143 0.0039844513
p 101 204 50.41752 -0.23053169
p 100 205 50.252686 0.08571434
p 99 206 50.084732 -0.25927925
p 98 207 49.977898 -0.0062294006
p 99 208 49.655098 -0.21001816
p 100 209 49.646236 -0.13468552
p 100 210 49.58217 -0.14028358
p 100 211 49.444332 -0.13910294
p 101 212 49.444332 0.08941841
p 100 213 49.230865 -0.06637573
p 100 214 49.230865 -0.247015

c 33 51.491596
p 98 149 100.31138 -1.3477592
p 99 150 94.34139 -8.870052
p 100 151 89.72807 -12.5464325
p 101 152 89.03059 -2.6199303
p 102 153 87.99855 -9.094379
p 103 154 87.27229 -9.065979
p 104 155 86.06655 -4.1660156
p 105 156 84.87584 -9.95731
p 106 157 83.71028 -5.8414726
p 105 158 82.93744 2.5399551
p 106 159 82.012436 -7.3316345
p 107 160 81.27529 -6.24284
p 108 161 80.5255 -5.7373505
p 109 162 79.65914 -5.225769
p 110 163 78.573586 -8.990589
p 111 164 77.78872 -8.075455
p 112 165 77.01057 -6.395336
p 111 166 76.24418 -6.909237
p 110 167 75.66386 -1.3161278
p 111 168 74.800644 -6.445919
p 112 169 74.17247 -6.812729
p 113 170 73.44957 -6.8008766
p 114 171 72.54266 -6.2133026
p 115 172 71.60644 -8.107388
p 116 173 70.81168 -7.734516
p 117 174 70.04942 -8.216766
p 118 175 69.32159 -7.6136055
p 119 176 68.58134 -8.242416
p 120 177 67.86616 -9.327026
p 121 178 67.22703 -9.52475
p 122 179 66.62792 -8.965912
p 123 180 66.049324 -6.5585785
p 124 181 65.433624 -8.689125
p 125 182 64.77196 -6.550808
p 124 183 64.13121 6.261902
p 125 184 63.57069 -4.492527
p 126 185 63.120205 -6.557461
p 127 186 62.79957 -10.014908
p 128 187 62.60403 -8.057583
p 129 188 62.30258 4.2068634
p 129 189 61.97583 -3.68544
p 130 190 57.34713 -1.8524303
p 131 191 56.69326 1.9085407
p 130 192 56.069946 3.8391647
p 129 193 55.449696 -0.014005661
p 130 194 54.83095 -0.31687546
p 131 195 54.228172 -0.049865723
p 132 196 53.712326 0.3031311
p 133 197 53.1471 0.137043
p 134 198 52.69201 -0.0056610107
p 134 199 52.237953 -0.31690216
p 133 200 51.820705 -0.22482109
p 134 201 51.6151 -0.09214592
p 135 202 50.916122 0.1693039
p 135 203 50.751087 -0.020204544
p 136 204 50.548515 0.07401085
p 137 205 50.318787 -0.20824623
p 138 206 50.039116 0.030275345
p 138 207 49.75638 -0.08553314
p 138 208 49.630085 -0.011518478
p 137 209 49.60807 -0.047758102
p 136 210 49.41392 -0.10913277
p 135 211 49.385174 -0.14961052
p 136 212 49.326378 -0.036514282
p 136 213 49.27759 -0.09764099
p 137 214 49.27759 0.03235054
p 137 215 49.104397 -0.18217468
p 137 216 49.104397 -0.013004303
p 138 217 49.060314 -0.01586914
p 137 218 49.00091 -0.21400642
p 136 219 49.00091 -0.021993637
p 135 219 48.925144 0.116708755
p 135 220 48.925144 0.25563622
p 134 221 48.862698 -0.05612755
p 135 222 48.819782 -0.14700699
p 134 222 48.819782 -0.037044525

c 34 6.3640213
p 99 72 69.985466 -0.009731293
p 100 73 69.99234 1.7790146
p 100 74 70.076996 4.939949
p 101 75 70.22212 1.7088737
p 102 76 70.22212 0.059555054
p 103 77 73.09658 2.92284
p 104 78 73.66838 4.8344116
p 105 79 73.95631 3.2484932
p 106 80 73.95631 4.6741714
p 106 81 74.14624 -0.3797722
p 107 82 74.54115 -0.2710266
p 108 83 76.34949 10.869144

c 35 3.4824371
p 102 45 49.456173 -0.16450119
p 103 46 49.54098 0.033161163
p 102 47 49.54098 0.06666565
p 102 48 49.71971 0.23806
p 103 49 49.784195 -0.031713486
p 104 50 49.926964 -0.1507473
p 105 50 49.92753 -0.0069999695
p 106 51 50.093388 -0.17214012
p 106 52 50.224976 -0.16835785
p 107 53 50.447525 0.095243454
p 108 54 50.706787 -0.10164261
p 107 55 50.975075 -0.079603195
p 108 56 51.17829 0.10731506
p 107 57 51.34986 -0.2292881
p 106 58 51.472637 -0.1181488
p 107 59 51.906185 0.16323662
p 106 60 52.102844 -0.06797981
p 107 61 52.58219 0.07857132
p 106 62 52.93861 4.9517937

c 36 1.1237221
p 109 212 49.309734 0.13895226
p 110 213 49.27732 0.18206978
p 111 214 49.153545 -0.26465797
p 112 215 49.153545 -0.06298828
p 112 216 48.999035 -0.044445038
p 113 216 48.999035 -0.10750961
p 114 215 49.123985 0.13769722
p 115 214 49.1923 -0.16510963
p 116 214 49.214813 -0.17510605
p 117 213 49.34904 0.091594696
p 116 212 49.39252 -0.09760475
p 117 211 49.39252 -0.1457882
p 116 210 49.513412 -0.08675194
p 116 209 49.656128 -0.10969734
p 115 208 49.7197 -0.094371796
p 115 207 50.030937 0.13723946
p 114 206 50.122757 -0.16255379

c 37 12.0128975
p 109 212 49.309734 -0.0779171
p 110 211 49.40093 0.069890976
p 110 210 49.50673 0.0540905
p 111 209 49.683613 0.06726074
p 112 208 49.69934 -0.23721695
p 111 207 49.945904 -0.05517006
p 111 206 50.077793 0.1961155
p 110 205 50.108788 -0.090703964
p 110 204 50.34655 -0.07525444
p 110 203 50.7227 -0.1259594
p 111 202 50.787643 -0.19684982
p 112 201 50.867924 0.0052871704
p 111 200 51.158443 -0.2593937
p 111 199 51.45676 -0.018928528
p 112 198 51.651283 -0.035243988
p 112 197 51.796307 -0.16527367
p 111 196 52.189186 0.3746376
p 112 195 52.60176 0.15864563
p 113 194 53.042183 0.18824196
p 114 193 53.470993 2.055893
p 115 192 54.026783 3.4595776
p 116 191 54.564083 -0.9585762
p 117 190 55.10684 -2.289896
p 118 189 55.819992 -2.108961
p 117 188 56.338467 -0.76000595
p 116 187 56.89657 -4.5422745
p 115 186 57.454994 -4.6938095
p 114 185 58.022427 -2.05373
p 113 184 58.935936 0.07151413
p 112 183 59.82156 -1.7574844
p 111 182 60.601162 -5.752487
p 110 181 61.32263 -8.64254

c 38 8.126209
p 115 44 49.373413 -0.25824547
p 115 45 49.604534 -0.14341927
p 116 46 49.604534 -0.09763527
p 116 47 49.715626 -0.15174103
p 116 48 49.855175 -0.10945892
p 116 49 49.87491 -0.16726494
p 117 50 50.08233 -0.223526
p 117 51 50.124313 -0.042692184
p 116 52 50.185814 -0.18178368
p 116 53 50.33449 0.022274017
p 116 54 50.538082 -0.22751236
p 117 55 50.879253 0.01586914
p 117 56 51.07822 -0.16308212
p 117 57 51.32829 0.10851097
p 118 58 51.501102 -0.2166748
p 118 59 51.854176 -0.258358
p 119 60 51.973186 -0.16285324
p 120 61 52.1765 0.048770905
p 119 62 52.53333 5.52709
p 118 63 52.96857 -0.28477097
p 118 64 53.502438 1.935339
p 117 65 54.09021 -2.644905
p 118 66 54.732887 -12.326019
p 117 67 55.29962 -17.676476
p 116 68 56.21675 -16.832893
p 115 69 57.499622 2.0877647

c 39 38.87043
p 118 95 88.321335 3.4536667
p 119 94 87.50155 -0.18287659
p 120 93 86.61175 -1.480732
p 121 92 85.761505 -0.52954865
p 122 91 84.81862 0.4651146
p 123 90 83.9454 -1.263649
p 124 89 82.596466 -3.410675
p 125 88 81.4061 -1.7243156
p 124 87 80.54981 6.8421783
p 125 86 79.756 1.6480217
p 125 85 76.48675 -2.8394852
p 126 84 75.0008 -4.9365234
p 127 83 73.9443 -5.107765
p 128 82 73.36115 -4.675991
p 129 83 72.83606 -0.20061493
p 130 82 71.895905 -10.321442
p 131 81 70.99469 -13.523239
p 132 80 69.9242 -1.9421082
p 133 80 69.06566 -0.12683868
p 134 79 68.24587 -4.6082535
p 135 78 67.65227 -2.8486443
p 134 77 67.0377 1.1876869
p 135 76 66.303894 -0.2886963
p 134 75 65.55906 0.15335846
p 133 74 65.2411 4.935173
p 134 73 64.4627 6.3501663
p 135 72 63.32584 5.600483
p 136 71 62.751705 7.682995
p 137 70 61.66155 8.012028
p 138 69 60.81577 2.2076492
p 139 68 60.029064 -2.1322975
p 140 67 59.29013 1.0818329
p 141 66 58.77061 -3.5320568
p 140 65 57.296623 3.1629276
p 141 64 56.64543 4.035385
p 142 63 55.932568 0.06253433
p 141 62 55.150074 3.1618042
p 142 61 54.615005 -0.4092121
p 143 60 54.083035 -0.6131706
p 144 59 53.60688 -0.41086388
p 145 58 53.17667 -0.47787285
p 146 57 52.751472 -0.015930176
p 145 56 52.273888 -0.11367035
p 144 55 51.8131 -0.0069408417
p 144 54 51.508842 0.0651474
p 143 53 51.24703 -0.07544708
p 144 52 51.009243 0.09138489
p 143 51 50.70591 -0.05806732
p 144 50 50.546947 -0.17364693
p 144 49 50.288097 -0.4712124
p 144 48 50.067978 -0.20242691
p 144 47 49.989906 -0.19795418
p 144 46 49.780655 -0.045675278
p 144 45 49.581238 0.033042908
p 145 44 49.52853 -0.010850906
p 145 43 49.450905 -0.04763031
p 146 43 49.450905 -0.043916702

c 40 0.67702484
p 120 46 49.535095 -0.07586861
p 121 45 49.5273 -0.23830223
p 122 44 49.452297 -0.045772552
p 122 43 49.207054 -0.30710983
p 123 42 49.161457 0.004430771
p 122 41 49.110832 -0.112607956
p 122 40 49.110832 -0.18495941
p 122 39 49.01837 0.1471386
p 122 38 48.98349 -0.3355217
p 121 37 48.95953 -0.010000229
p 122 36 48.92007 -0.2917061
p 123 35 48.85807 -0.036836624
p 124 35 48.85807 -0.16412354

c 41 28.399227
p 120 157 90.947014 -3.7883453
p 121 158 89.463615 -6.503132
p 122 159 88.98615 -2.0932617
p 123 160 88.13084 -5.9967003
p 122 161 87.12094 -5.3147087
p 121 162 86.32934 -0.70671463
p 122 163 85.60864 -3.5502663
p 121 164 84.84523 -2.7742004
p 120 165 84.16401 -2.3126602
p 121 166 83.24358 0.7847214
p 122 167 82.15717 -3.7925606
p 121 168 81.63117 1.0800476
p 122 169 80.98262 -1.1764069
p 123 170 80.32425 2.7027054
p 124 171 79.71975 2.9572487
p 125 172 79.150246 -2.1355896
p 124 173 78.579216 1.4739189
p 125 174 77.981926 1.9451714
p 126 175 77.35398 -4.380459
p 125 176 76.5845 -2.9723663
p 126 177 76.051216 -9.477257
p 127 178 74.776146 1.6930847
p 128 178 73.41413 1.1358795
p 129 179 67.24834 -5.2683105
p 130 180 66.10939 -2.5308266
p 131 181 65.61317 -6.765808
p 130 182 65.055244 -0.39944458
p 131 183 64.43564 -2.9061165
p 130 184 63.79139 1.4185448
p 131 185 63.25813 -4.491146
p 132 186 62.902905 -0.22092819
p 131 187 62.76603 -4.641411
p 130 188 62.547787 -4.1421776

c 42 15.75338
p 120 157 90.947014 -0.5837364
p 121 156 92.39119 -6.7506447
p 122 155 93.779854 -8.456734
p 123 154 95.40552 -6.137413
p 124 153 97.84162 -4.640255
p 125 152 100.73856 -1.3475609
p 125 151 102.43729 -1.4181137
p 126 150 103.3012 -0.6862831
p 125 149 103.95492 -2.2559624
p 124 148 105.33933 -2.08926
p 123 147 106.23898 -0.4308281
p 122 146 106.70039 0.17493057

c 43 31.846222
p 123 106 101.85589 -1.9931068
p 124 105 99.83911 -5.328678
p 125 104 98.65684 -6.0093575
p 126 103 97.173874 -7.1521072
p 127 102 95.28359 -8.40546
p 128 101 93.67068 -5.487789
p 127 100 91.81536 -0.6360016
p 128 99 89.71836 -11.982918
p 129 98 86.74649 -12.541252
p 130 97 85.373085 -2.1372757
p 131 98 83.954506 6.3269463
p 132 97 83.03282 -7.524769
p 133 96 82.44614 -10.847675
p 134 95 81.369026 -7.04879
p 133 94 80.55278 -11.192425
p 132 93 79.73416 -8.495502
p 133 92 78.95481 -13.123585
p 134 91 78.18254 -13.387859
p 135 90 77.40784 -10.923206
p 136 89 76.62116 -5.031666
p 137 88 75.84067 -10.061695
p 138 87 75.10657 -2.5316086
p 137 86 74.35977 -1.416996
p 138 85 73.30222 -2.0757446
p 137 84 72.49223 -10.188072
p 136 83 71.73579 -7.1162186
p 135 82 70.827545 -7.4397926
p 134 81 70.00967 -8.133366

c 44 26.442047
p 129 175 76.694176 1.2116699
p 130 174 77.4506 -0.26292038
p 131 173 78.17078 -0.09344864
p 130 172 78.81115 2.7676697
p 131 171 79.226105 3.117859
p 132 170 80.12218 -2.5120544
p 133 169 80.80618 -3.2464828
p 134 168 81.98129 -0.15420151
p 133 167 82.38084 -3.4047585
p 134 166 82.97013 0.4247322
p 133 165 83.59282 -0.7603035
p 134 164 84.01497 2.7395058
p 133 163 85.090195 1.0262451
p 134 162 85.93159 -4.409443
p 135 161 86.682014 -6.963974
p 136 160 87.644295 -5.617161
p 137 161 88.69806 -0.89933014
p 138 160 89.91403 -7.800804
p 139 159 90.804214 -6.721718
p 140 158 93.10203 -7.0908966
p 141 157 96.36727 -2.8668098
p 142 156 98.56424 -0.58761215
p 142 155 101.60043 0.5709572
p 143 154 103.13622 0.6175194

c 45 22.472572
p 132 99 84.931625 -13.281887
p 133 100 85.809456 -7.1340866
p 132 101 86.85669 1.6280594
p 133 102 87.77466 -10.227276
p 134 103 88.534584 -13.82505
p 135 104 89.5393 -10.884117
p 136 105 93.06213 -11.371155
p 137 106 94.98676 -8.831532
p 138 107 97.27723 -7.073391
p 139 108 99.49567 -1.5900307
p 138 109 104.61768 -1.2986374
p 137 110 106.83757 0.30893326
p 137 111 107.4042 0.18857956

c 46 37.603287
p 133 185 63.203354 -5.627987
p 134 186 63.85381 -4.307686
p 135 185 64.4337 -7.872734
p 136 184 65.06971 -4.6263046
p 137 183 65.79714 -2.5903168
p 138 182 66.87884 -2.8692856
p 139 183 67.35525 -7.735134
p 140 184 68.002945 -2.9999847
p 141 183 68.688225 -3.1920166
p 142 182 69.49779 0.5242691
p 143 181 69.915276 -3.0147438
p 144 180 70.65301 -4.6118393
p 145 179 71.35664 -2.4088898
p 146 178 72.06561 0.33795547
p 147 177 72.904495 -4.4437485
p 148 176 73.75819 -5.378937
p 149 175 74.74286 -0.19529343
p 148 174 75.66925 -6.397106
p 147 173 76.450806 -1.8163605
p 148 172 77.3898 -7.0834274
p 149 171 78.21346 -6.954136
p 150 170 78.926476 -2.9071884
p 151 169 79.66302 -3.972969
p 152 168 80.36564 -5.2320137
p 151 167 81.06443 2.042965
p 152 166 81.62691 -5.20269
p 153 165 82.29832 -2.6632576
p 154 164 83.34105 -5.524502
p 155 165 84.396095 1.2250366
p 156 164 85.200356 -5.8334618
p 157 163 86.004196 -2.4437943
p 158 162 87.048805 -4.0020866
p 159 161 87.77779 -4.341755
p 160 160 88.5953 4.9437675
p 159 159 89.66352 -4.397106
p 158 158 90.817696 -2.9291916
p 159 157 91.78778 -0.8722992
p 158 156 93.10533 -0.0808754
p 159 155 94.067215 3.5850182
p 158 154 99.03407 -2.9996796
p 157 153 100.80664 -1.0702896

c 47 21.548729
p 137 90 77.78613 -12.100513
p 138 91 78.74865 -13.73592
p 139 92 79.60034 -12.589546
p 140 93 80.52821 -10.772736
p 141 94 81.90399 -12.3844795
p 142 95 83.11585 -9.868759
p 143 96 83.81387 -10.708931
p 144 97 84.675575 -11.118267
p 145 98 89.88486 -1.459034
p 144 99 90.96072 1.6197968
p 145 100 92.706345 1.7486458
p 144 101 94.62053 -6.380226
p 143 102 95.87451 -5.597477
p 142 103 97.09607 -1.3618431
p 143 104 99.33486 -4.2980537

c 48 42.992073
p 141 67 59.04206 -4.636402
p 142 68 59.87286 -9.893185
p 143 69 60.85813 -6.2237663
p 144 70 61.43095 -1.802887
p 145 71 61.86104 3.9882889
p 146 72 62.306644 -3.8051548
p 145 73 62.699398 -1.7292976
p 144 74 63.149555 -2.6144485
p 143 75 63.840908 -2.920681
p 142 76 64.53914 -2.4616203
p 141 77 65.25699 -4.788723
p 142 78 66.255714 -3.323223
p 143 79 67.27735 -2.4641342
p 142 80 67.81791 -0.8189125
p 141 81 68.24231 -7.9617424
p 142 82 68.6807 -7.0246086
p 143 83 69.11821 -8.50745
p 144 84 69.49862 -9.9839325
p 145 85 69.995285 -10.775066
p 146 86 78.17081 6.9713173
p 146 87 78.33678 6.25272
p 147 88 78.33678 -3.4015884
p 146 89 78.516624 -0.69332504
p 145 90 78.901726 -5.257614
p 146 91 79.409515 -11.307907
p 147 92 80.23123 -12.648407
p 148 93 80.959656 -13.587845
p 149 94 82.35186 -11.662071
p 150 95 83.6637 -9.597553
p 151 96 84.813675 -10.349388
p 152 97 86.05918 -5.16399
p 151 98 91.49961 -3.0303574
p 151 99 96.31089 -2.4693146
p 152 100 97.60972 -4.2860184
p 153 101 98.76265 -1.6180115
p 154 102 99.77074 -2.9408684
p 155 103 100.68708 -2.456726
p 156 104 102.034134 -1.5779686

c 49 1.7932816
p 154 47 49.795536 -0.02956009
p 155 46 49.636105 -0.101614
p 156 45 49.513573 0.09938431
p 157 45 49.513573 0.032304764
p 157 46 49.651073 -0.10354042
p 158 47 49.7143 -0.07132149
p 159 48 49.809093 -0.26317024
p 158 49 49.90061 -0.19257355
p 157 50 50.235855 -0.013010025
p 157 51 50.37628 -0.5090027
p 158 52 50.549553 0.0069789886
p 157 53 50.549553 -0.27236366
p 156 53 50.75386 -0.265419
p 155 54 51.04688 -0.009788513
p 154 55 51.306854 0.110507965

c 50 16.716385
p 155 187 65.75944 3.0628204
p 156 188 63.67713 -0.5661049
p 155 189 60.908695 -5.3046875
p 156 190 53.96711 -2.28413
p 157 191 53.314507 2.6181297
p 158 192 52.729694 1.3794594
p 159 193 52.19516 0.30973053
p 160 194 51.827053 0.11111641
p 159 195 51.65256 0.0040893555
p 158 195 51.40764 -0.30511665
p 157 196 51.222572 -0.26807785
p 156 197 51.069496 -0.08049202
p 155 198 50.99251 0.06585121
p 156 199 50.66151 -0.019889832
p 155 200 50.531376 0.16532707
p 156 201 50.476894 0.07005119
p 156 202 50.252224 -0.17445564
p 157 203 50.11949 -0.098552704
p 158 203 50.003807 -0.033903122
p 158 204 50.003807 0.09287834
p 159 205 49.871414 -0.052957535
p 158 206 49.71863 0.056861877
p 159 207 49.67644 -0.14619255
p 160 208 49.67644 -0.005170822
p 159 209 49.58188 -0.22240639
p 159 210 49.57257 -0.052135468
p 159 211 49.525497 0.006587982
p 160 212 49.349884 -0.072052
p 159 213 49.33953 -0.14108849
p 160 214 49.251465 -0.10712242
p 161 215 49.207092 0.09677887
p 160 216 49.043053 -0.18584824
p 161 217 49.043053 0.014129639

c 51 9.282593
p 158 71 59.3103 -8.700356
p 159 70 58.47905 -11.6389885
p 160 69 57.642002 -9.914001
p 161 68 56.96158 -4.731327
p 160 67 56.41855 -6.2564163
p 161 66 55.6662 -8.925667
p 162 65 55.064346 -3.6732502
p 161 64 54.415813 12.675077
p 162 63 53.7909 7.5947056
p 163 62 53.236526 -0.015522003
p 162 61 52.85217 -0.45531273
p 163 60 52.42855 -0.34305382
p 164 59 51.79227 -0.42058372
p 164 58 51.67888 -0.13929749
p 164 57 51.49702 -0.23803902
p 165 56 51.234505 -0.3392372
p 166 55 50.664207 -0.3660946
p 165 54 50.65057 -0.2198124
p 165 53 50.569977 -0.19116974
p 166 52 50.424335 -0.28896523
p 167 51 50.30339 0.12307739
p 168 50 50.125546 -0.08930588
p 167 49 50.027706 -0.11790466
p 166 49 50.027706 -0.03372383

c 52 41.485714
p 167 95 90.81842 -3.8544197
p 168 94 89.80956 -5.1234055
p 169 93 88.54746 -2.5258713
p 170 92 87.44608 -3.6520538
p 171 91 86.45924 -2.6595802
p 172 90 85.55505 -3.117363
p 173 89 84.23329 -2.532261
p 174 88 83.26869 -2.338726
p 175 87 81.94717 -3.3822098
p 176 86 81.225914 -3.8452644
p 177 85 80.72059 -6.045437
p 178 84 79.69313 -8.575439
p 179 83 78.847305 -12.127285
p 180 82 77.937386 -13.36602
p 181 81 77.11301 -2.8314934
p 180 80 76.704025 8.057278
p 181 79 76.491905 -0.35144424
p 182 79 76.489624 -1.9740982
p 183 78 68.07529 -8.281044
p 184 79 67.38857 10.11977
p 185 78 66.54365 0.26060486
p 186 77 65.84912 -0.9946861
p 187 76 65.12254 -0.35461426
p 188 75 64.76791 -3.0298767
p 189 74 63.571487 -2.5331306
p 190 73 63.05341 -2.3413086
p 191 72 62.61095 -2.7817612
p 192 71 62.117504 0.4891243
p 193 70 61.510445 -5.8026085
p 194 69 60.7881 -5.957924
p 195 68 59.84037 9.613728
p 195 67 59.587666 0.33956146
p 194 66 58.410538 -3.3038883
p 195 65 57.838474 7.9983196
p 194 64 57.26508 4.9613304
p 193 63 56.694096 0.09445381
p 192 62 56.130302 0.23516464
p 191 61 55.56151 -0.027360916
p 190 60 55.01156 -0.07057381
p 189 59 54.47516 0.33634186
p 188 58 53.924088 0.05278778
p 187 57 53.37715 0.19886208
p 186 56 53.042557 0.09985542
p 185 55 52.593075 -0.18434715
p 184 54 52.199028 0.013763428
p 185 53 51.80973 -0.40477753
p 186 52 51.490486 -0.033906937
p 185 51 51.021347 -0.08128166
p 184 50 50.76618 -0.12327385
p 184 49 50.52917 0.13091278
p 183 48 50.25569 0.13794327
p 184 47 49.914776 0.071481705
p 184 46 49.820137 0.032367706
p 183 45 49.745476 -0.05047226
p 182 44 49.6281 -0.10980797
p 183 43 49.6281 0.1406784
p 182 42 49.605305 0.012187958
p 181 41 49.508522 -0.05482292
p 180 40 49.36637 -0.06946373
p 180 39 49.332706 -0.21595192
p 180 38 49.332706 -0.122060776

c 53 25.81126
p 167 212 49.31925 0.010269165
p 168 211 49.41887 -0.25766182
p 168 210 49.55682 -0.21310997
p 169 209 49.55682 -0.034578323
p 170 208 49.593494 -0.39435387
p 171 208 49.706066 0.16731644
p 172 207 49.845043 -0.2176876
p 173 206 49.95081 -0.23435974
p 174 205 50.102135 -0.19296074
p 174 204 50.296024 -0.07778168
p 174 203 50.562603 0.07403183
p 175 202 50.769928 -0.17917252
p 175 201 50.91786 0.06648445
p 174 200 51.202248 -0.06393623
p 173 199 51.443672 0.05507469
p 174 198 51.695736 -0.13811302
p 175 197 51.885494 -0.24259758
p 176 196 52.209084 -0.48088264
p 177 195 52.766098 -0.22746277
p 177 194 53.35885 0.0617218
p 178 193 53.79665 2.8593483
p 177 192 54.290592 2.6445675
p 176 191 54.85854 4.1266785
p 175 190 55.41704 -1.1042271
p 176 189 55.99038 -8.758947
p 175 188 56.69297 -10.516991
p 174 187 57.50819 -11.650665
p 173 186 58.149643 -7.030731
p 174 185 58.573227 -2.6080704
p 175 184 58.982742 -6.782875
p 176 183 59.589264 -3.9431152
p 177 182 60.078674 -5.2784233
p 176 181 60.544186 10.902374
p 177 180 61.15385 -5.236637
p 178 179 61.976326 -10.23753
p 179 178 62.827175 -5.678625
p 178 177 64.29568 -14.472622
p 177 176 65.12893 -20.443386
p 176 175 65.88018 -17.508179
p 175 174 66.72363 -8.195858
p 176 173 67.97757 6.400097
p 175 172 68.73615 0.34085083
p 176 171 70.40475 1.5496559
p 175 170 75.13051 -8.043621

c 54 8.369335
p 168 41 49.365067 -0.060899734
p 169 41 49.365067 0.2197361
p 168 42 49.4341 0.025266647
p 168 43 49.449936 -0.10000801
p 168 44 49.554676 -0.0049934387
p 169 45 49.554676 0.08385086
p 170 45 49.63316 0.13483429
p 171 46 49.692314 -0.004514694
p 172 47 49.79164 -0.4141369
p 173 48 49.995728 0.08381653
p 172 49 50.05619 -0.020139694
p 173 50 50.263416 -0.174469
p 174 51 50.508305 -0.036029816
p 175 52 50.545975 -0.12722397
p 175 53 50.71692 0.13481903
p 176 54 50.912098 -0.17333794
p 177 55 51.11435 0.052778244
p 178 56 51.252285 -0.23747826
p 179 56 51.72204 0.108444214
p 180 57 51.72204 -0.1807499
p 180 58 51.808136 0.050912857
p 181 59 52.057285 0.23560905
p 182 60 52.35117 -0.019699097
p 183 61 52.610672 -0.090221405
p 184 60 52.786797 -0.24062347
p 185 61 53.159508 0.13533211
p 186 60 53.629738 0.3049755
p 187 61 54.12408 0.1730175
p 188 62 54.604397 4.9856033
p 189 63 55.132587 4.149502
p 190 64 55.636475 2.0689201
p 191 65 56.362473 -7.522753
p 190 66 57.100975 -14.068808
p 189 67 57.7344 -18.050114

c 55 38.827473
p 174 106 99.016174 -3.3158188
p 175 105 93.77475 -3.1095161
p 176 104 86.524994 -15.999245
p 177 103 85.621994 -14.129757
p 178 102 84.760925 -7.6077347
p 177 101 84.2777 2.6417618
p 178 100 83.09097 -11.796211
p 179 99 82.24866 -9.551395
p 180 98 82.10728 -8.04002
p 181 97 81.36143 -8.309071
p 182 96 81.091774 -8.232315
p 183 95 80.391594 -7.496811
p 182 94 79.77668 0.89731216
p 183 93 79.15326 -10.894146
p 184 92 78.452255 -11.343876
p 185 91 77.938644 -4.4671974
p 186 92 77.751465 5.1596146
p 187 91 74.65142 -5.731453
p 188 90 73.99929 -6.0559006
p 189 89 73.264015 -8.090832
p 190 88 72.44586 -4.8400497
p 191 87 71.73704 -0.77173233
p 192 86 71.25931 -5.137272
p 191 85 70.74179 2.077488
p 192 84 69.92879 -2.8097458
p 193 83 69.401276 -3.7602158
p 194 82 68.61988 -4.7583504
p 195 81 68.05631 -4.859165
p 194 80 67.45046 7.9615326
p 195 79 66.85375 2.7586212
p 194 78 66.30947 2.2394981
p 195 77 65.72682 -3.5734215
p 196 76 64.93735 -9.418617
p 197 75 64.409065 -9.890106
p 198 74 63.85225 -5.433075
p 199 73 63.268078 1.5503845
p 198 72 62.682064 -1.7462921
p 197 71 62.02239 -6.2466373
p 198 70 61.291664 9.963142
p 197 69 60.662888 -0.49365997
p 196 68 60.1887 -2.4767647

c 56 54.603664
p 182 153 104.03875 -1.611084
p 183 154 103.00764 -1.5907211
p 184 155 101.83291 -1.2060623
p 185 156 100.20616 1.0487671
p 186 157 98.72549 -0.41522217
p 185 158 97.52447 -1.7829857
p 186 159 96.083206 -0.79491043
p 185 160 94.64427 -3.0281372
p 184 161 93.93913 3.9539986
p 184 162 93.68341 -3.7521477
p 185 163 84.479195 -10.051018
p 186 164 80.529175 -3.9158325
p 185 165 77.519585 -1.8998184
p 186 166 76.40116 -12.334324
p 187 167 76.009415 -4.2200584
p 186 168 75.78395 1.4155655
p 187 169 75.34149 0.97654724
p 186 170 74.76207 -8.824829
p 185 171 74.11116 -5.022335
p 184 172 73.851654 -2.1954994
p 185 173 71.21011 -4.6510468
p 186 174 70.83838 -4.042858
p 187 175 70.511765 2.363552
p 188 176 70.27049 1.8918877
p 188 177 69.85469 6.278469
p 188 178 69.767624 -0.40314865
p 189 179 69.35382 0.1402626
p 190 180 68.98792 -2.9270973
p 189 181 68.62385 5.471653
p 190 182 68.35523 5.123848
p 191 183 67.996994 3.103592
p 192 184 67.29322 4.3535995
p 193 185 66.061226 1.6336098
p 194 186 64.525925 -2.4071083
p 195 187 62.228916 6.8448715
p 195 188 59.49001 -3.9373589
p 196 189 57.561646 -1.7332764
p 195 190 56.781445 5.489683
p 196 191 56.050465 6.786293
p 195 192 55.30647 8.699947
p 194 193 54.668427 4.9022217
p 193 194 54.18706 0.38718033
p 192 195 53.61338 -0.15701485
p 191 196 53.038765 0.26464272
p 190 197 52.68505 0.013935089
p 189 198 52.327145 -0.006465912
p 188 199 52.08762 0.29845238
p 187 200 51.711395 -0.188694
p 187 201 51.203762 -0.0035820007
p 186 202 50.91823 -0.2684288
p 185 203 50.7735 0.1679573
p 186 204 50.46681 -0.08279419
p 185 205 50.261997 0.19170952
p 186 206 50.147724 -0.18356323
p 187 207 50.07025 0.032203674
p 188 208 50.003048 -0.23008537
p 189 209 49.96011 -0.053333282
p 190 209 49.932594 -0.12626648
p 191 209 49.898693 -0.20798492
p 192 209 49.898525 -0.14754868
p 193 209 49.898525 -0.1398449
p 194 210 49.830444 0.03377533
p 193 211 49.74414 -0.05464363
p 194 212 49.5955 0.04824257
p 193 213 49.435085 -0.11773682
p 194 213 49.435085 -0.024074554

c 57 38.44147
p 189 154 98.36276 -4.496372
p 190 155 96.572525 -9.92691
p 191 156 94.953926 -9.379772
p 192 157 93.56546 -9.729904
p 193 158 92.440544 -7.8077774
p 194 159 89.67942 -10.391319
p 195 160 88.13627 -10.474087
p 196 161 87.36435 -6.777893
p 195 162 85.600464 -12.0718155
p 194 163 84.716644 -3.3053474
p 195 164 82.843666 -4.375759
p 194 165 81.64807 -13.887245
p 193 166 80.540955 -14.962067
p 192 167 78.79863 -6.380558
p 193 168 78.096924 -13.8095665
p 194 169 77.3419 -12.242664
p 195 170 76.35427 -5.434181
p 194 171 75.674706 -2.4690895
p 195 172 74.90612 1.2094879
p 194 173 73.91302 -10.34285
p 193 174 73.046555 -5.680935
p 194 175 72.19238 -7.5129356
p 195 176 71.13371 -8.76738
p 196 177 70.11944 -7.414818
p 197 178 68.92933 -0.7547684
p 198 179 67.86192 -6.621578
p 197 180 66.96234 -3.6894646
p 198 181 65.48789 -8.730713
p 199 182 64.043816 0.67126083
p 200 183 62.79543 -13.126694
p 199 184 61.6039 -5.0964966
p 198 185 60.80804 0.4322014
p 197 186 60.305145 -4.3710976
p 196 187 59.92129 -3.7921715

c 58 38.51472
p 190 110 102.32178 0.20718384
p 191 109 101.02568 -1.0319138
p 192 108 100.56193 0.32717896
p 193 107 99.13882 0.862545
p 193 106 98.11618 -0.86318207
p 194 105 97.19601 0.16360474
p 195 104 96.13692 -0.26242828
p 195 103 89.44805 -6.7130966
p 194 102 83.77277 -4.871994
p 195 101 81.73639 -11.380146
p 196 100 80.63973 -4.405899
p 195 99 79.550354 2.3225594
p 196 98 78.92927 -9.938095
p 197 97 78.05643 -5.488762
p 196 96 77.27259 4.259865
p 197 95 76.706024 -8.407173
p 198 94 76.30357 -12.786427
p 199 93 75.786766 -11.798264
p 200 92 74.99978 -10.9357605
p 201 91 74.37473 -1.6032867
p 200 90 73.95393 -6.1963615
p 199 89 73.25722 -4.4992867
p 200 88 72.44499 6.417183
p 199 87 71.90084 -1.8638458
p 198 86 71.47136 -3.63097
p 197 85 71.183334 -9.8354645
p 198 84 70.96842 -9.075615
p 199 83 70.63637 -7.7955704
p 200 82 70.12714 -9.050602
p 199 81 69.7699 3.6296349
p 200 80 69.44094 -3.3988724
p 201 79 69.12195 1.6186295
p 202 78 68.873535 1.645977
p 202 77 68.66298 1.770607
p 203 76 68.29312 -0.027503967
p 202 75 67.82074 1.393753
p 201 75 67.59722 3.61055
p 200 74 63.807056 -0.7162857

c 59 0.90579605
p 199 207 50.017456 -0.0035591125
p 199 208 50.00316 -0.10937309
p 200 209 49.911644 0.14427185
p 200 210 49.627697 0.0015583038
p 200 211 49.572838 -0.23462105
p 200 212 49.572838 0.038167953
p 199 213 49.453278 0.08623314
p 200 214 49.38546 0.026317596
p 200 215 49.249973 0.1152153
p 201 216 49.153328 -0.14100266
p 201 217 49.11166 0.018939972
p 200 217 49.11166 -0.4276638

c 60 25.602837
p 200 111 100.44834 -5.81522
p 201 110 98.605644 -7.4306183
p 202 109 97.8231 -6.1682625
p 203 108 96.712776 -6.6730576
p 204 107 95.19825 -3.2180748
p 205 106 94.22518 -4.685211
p 206 105 93.91316 -0.6599541
p 205 104 91.35635 -4.613899
p 204 103 90.32543 -4.876663
p 205 102 89.18267 2.8850632
p 204 101 88.675705 -4.764492
p 203 100 88.198296 -3.6725311
p 202 99 87.71867 -0.3219986
p 201 98 85.989 -1.2671013
p 201 97 80.39123 -12.72871
p 202 96 77.92449 -15.113045
p 203 95 77.1965 -10.947933
p 204 94 76.444374 -3.2348862
p 203 93 75.49745 -8.764778
p 202 92 74.845505 -9.925343

c 61 40.162483
p 201 161 89.39996 -1.1396408
p 202 162 86.766884 -8.554764
p 203 163 85.59545 -7.1090736
p 204 164 84.17213 -4.8576508
p 203 165 82.79408 0.13685226
p 204 166 81.77923 -8.271591
p 205 167 81.00268 -4.3075027
p 204 168 80.03395 4.9218483
p 205 169 78.86275 -5.597233
p 206 170 77.67749 -4.1738625
p 205 171 76.97423 5.5733223
p 206 172 76.97423 2.2734375
p 207 173 76.67053 0.3069725
p 208 174 76.67053 1.2568169
p 208 175 76.562126 -1.6997643
p 209 176 66.082924 -11.844879
p 210 177 65.285805 -17.408
p 211 178 64.43164 -12.348282
p 212 179 63.52381 -4.334923
p 213 180 62.93588 -3.371357
p 212 181 62.453392 -1.0712166
p 211 182 61.608936 3.4926796
p 210 183 61.020924 -1.7864456
p 211 184 60.36664 -3.1610622
p 210 185 59.541557 0.7319412
p 209 186 58.685776 -3.6652107
p 208 187 57.96054 -8.440823
p 207 188 57.268757 -8.3844795
p 206 189 56.6415 -1.0532627
p 205 190 56.07115 -0.97574806
p 206 191 55.520275 7.521488
p 205 192 54.9557 4.207447
p 206 193 54.400913 4.5879097
p 207 194 53.91024 -0.22481346
p 207 195 53.509365 -0.0917778
p 207 196 53.11781 0.073366165
p 206 197 52.60479 -0.29662704
p 205 198 52.17326 -0.06295776
p 204 199 51.938637 0.036575317
p 205 200 51.63468 -0.06324196
p 206 201 51.283253 0.10292435
p 206 202 51.026257 -0.16211891
p 205 203 50.824978 0.036993027
p 204 204 50.46446 -0.21690369
p 203 205 50.23826 -0.107645035
p 204 206 50.147106 -0.0201931
p 205 207 49.999928 -0.32387543
p 206 208 49.967293 -0.17606735
p 205 209 49.897552 0.009447098
p 205 210 49.68463 -0.17220116
p 205 211 49.512657 -0.18693924
p 205 212 49.49573 -0.049390793
p 204 213 49.41789 -0.3587818
p 203 214 49.341663 -0.035751343
p 202 215 49.23748 -0.270998

c 62 28.000206
p 204 75 68.63946 2.0334778
p 205 76 69.01322 -4.2814636
p 206 77 69.56084 -4.1761093
p 207 78 70.3853 -0.4602356
p 208 79 71.78099 0.64382553
p 209 80 73.39761 5.5989685
p 210 81 74.763824 5.0857162
p 211 82 75.81793 6.276676
p 212 83 76.86574 1.1766663
p 211 84 78.57654 3.0896683
p 212 85 81.13514 0.3009529
p 211 86 81.64006 -1.2163086
p 212 87 81.70409 3.550377
p 213 88 81.880066 5.8455772
p 214 89 82.3003 3.628666
p 215 90 82.84009 1.3426247
p 214 91 83.16066 -1.9013939
p 215 92 83.44532 -0.4433365
p 214 93 83.980354 -1.5805321
p 213 94 84.54285 -2.437519
p 214 95 84.99486 -2.5881844
p 215 96 87.484314 1.1752586
p 214 97 88.53736 -0.9404793
p 213 98 89.03149 -3.1975517
p 212 99 89.26194 -2.6143227
p 213 100 89.50777 3.2252846
p 212 101 89.97614 -4.543522
p 211 102 91.057785 -3.080387
p 212 103 91.68111 -5.8627396
p 213 104 92.21185 -6.577694
p 214 105 92.77991 -8.829548
p 215 106 93.37833 -8.129707
p 216 107 94.30559 -7.7339478
p 217 108 96.63966 -6.661457

c 63 3.767395
p 210 65 53.4092 3.2000294
p 211 64 52.976852 1.4750977
p 212 63 52.376637 1.7024574
p 213 62 52.06221 -0.05731392
p 213 61 51.794884 0.045681
p 214 60 51.776413 -0.0915432
p 215 59 51.496567 0.078624725
p 216 58 51.34336 0.112558365
p 216 57 51.203564 -0.029119492
p 217 56 51.061356 -0.08590317
p 218 55 50.891857 0.0780983
p 218 54 50.554867 0.040222168
p 219 53 50.554867 -0.10898399
p 220 52 50.330257 -0.2095623
p 221 51 50.217606 0.037319183
p 222 50 50.030983 -0.022014618
p 221 49 49.856705 -0.16379547
p 221 48 49.82458 -0.18811989
p 221 47 49.75691 0.030462265
p 220 46 49.724854 -0.17681885
p 219 46 49.641804 -0.2750206
p 218 46 49.641804 0.028051376
p 217 46 49.746513 0.009283066
p 216 47 49.81468 -0.09023285
p 216 48 50.121563 -0.2877941
p 216 49 50.177895 -0.08309555
p 216 50 50.30329 -0.17297173
p 216 51 50.40633 0.00860405

c 64 50.940933
p 212 156 100.021774 -2.2110023
p 213 157 98.35192 -1.7133675
p 214 158 97.68749 -2.0636902
p 215 159 97.41389 -1.39048
p 216 160 94.333824 -3.224556
p 217 161 93.71626 -1.8076172
p 218 162 92.5708 -0.60757446
p 219 163 91.48035 -0.49134445
p 220 164 90.65464 -3.8895683
p 221 165 90.25504 -3.1372337
p 222 166 89.04437 -3.869915
p 223 167 88.332855 -2.6092606
p 224 168 87.48949 1.0203094
p 225 169 86.58197 -1.130455
p 226 170 85.66464 -0.93663406
p 225 171 84.61848 1.6554108
p 226 172 84.02376 0.6729126
p 227 173 83.44504 -1.0395889
p 228 174 83.42589 1.5690384
p 229 173 81.99881 -0.35371017
p 230 174 81.504234 4.382221
p 231 175 81.35993 -1.3739967
p 232 176 80.69935 -4.7624207
p 233 177 80.1575 -3.6934662
p 234 178 79.8151 -0.9231529
p 235 177 79.314804 1.9576683
p 236 176 78.13188 0.7903824
p 237 175 76.49951 -0.3222313
p 238 176 75.565125 1.2237244
p 239 177 74.64999 4.034588
p 240 178 73.46959 4.7971344
p 241 179 72.62771 1.0632896
p 242 180 71.928535 -7.6613693
p 243 181 71.142006 -6.7731323
p 244 182 70.31341 1.1296234
p 245 181 69.492516 1.8665504
p 246 180 68.78051 4.1872063
p 247 181 67.428474 1.6607285
p 248 180 66.51774 -4.0624046
p 249 181 65.55594 2.5392418
p 250 182 65.4318 4.276619
p 251 183 64.26903 1.0757141
p 252 184 63.860394 3.8148232
p 253 185 63.520004 9.475086
p 254 186 63.322178 10.618031
p 254 187 63.23984 5.199589
p 253 188 59.241093 5.267456
p 254 189 58.636616 18.110111
p 253 190 57.98107 0.5556412
p 252 191 57.462708 -0.42998314
p 251 192 56.833927 5.2526836
p 250 192 56.218147 6.946022
p 249 193 56.114452 5.0421696
p 248 194 55.56362 -0.11704254
p 247 195 55.00397 0.1697216
p 246 196 54.282703 -0.24229813
p 245 195 54.05073 -0.009033203
p 244 196 53.699966 -0.17275238
p 243 197 53.25363 -0.19905853
p 242 196 52.9331 -0.08275795
p 241 197 52.822346 -0.05634117
p 240 198 52.3273 -0.14368439
p 239 199 52.08517 -0.12344742
p 238 200 51.85213 0.23687744
p 237 201 51.606934 0.02954483
p 236 201 51.265396 -0.14422798
p 235 202 51.102764 0.20554161
p 234 203 50.873463 0.073524475
p 233 204 50.719486 -0.1293354
p 232 205 50.554855 -0.057498932
p 231 205 50.376083 -0.16492844
p 230 205 50.28438 -0.020236969
p 229 206 50.22249 0.0411129
p 228 207 50.155937 0.09431648
p 227 208 49.874104 -0.26356316
p 226 208 49.752754 -0.3171978
p 225 209 49.67109 -0.14946938
p 224 210 49.429737 -0.062063217
p 224 211 49.32851 0.031179428
p 224 212 49.32851 -0.19281387
p 223 213 49.268326 -0.13579178
p 222 214 49.267303 -0.0062408447
p 221 214 49.254925 0.03864479
p 221 215 49.254925 -0.00141716
p 221 216 49.2548 -0.08005905
p 222 217 49.15011 -0.234478
p 223 218 49.082493 -0.2547741
p 223 219 49.08084 -0.11638641
p 223 220 49.08084 -0.21143723

c 65 6.9151154
p 213 86 81.84371 0.25387573
p 214 87 81.84371 -2.2331734
p 214 88 81.992615 6.0537987
p 215 89 82.62175 5.706379
p 216 90 82.92148 1.1800041
p 217 91 83.285095 -3.2648773
p 218 92 83.8644 -3.3690758
p 219 93 84.430695 -2.6182404
p 220 94 84.982414 -3.9124832
p 221 95 85.70979 -3.281292
p 222 96 86.399185 -3.3746033
p 221 97 87.11135 -0.82352066
p 222 98 88.03802 -6.0645638
p 223 99 88.75883 -7.4228897

c 66 2.5251694
p 217 195 51.986507 0.031700134
p 217 196 51.8013 -0.14314651
p 217 197 51.600048 -0.17593575
p 218 198 51.443153 -0.16635323
p 219 199 51.307087 0.13264465
p 220 200 51.030125 -0.18721199
p 221 201 50.699837 0.016614914
p 220 202 50.52862 0.027740479
p 221 203 50.40054 0.06429672
p 220 204 50.316807 0.06052971
p 221 205 50.22196 -0.023183823
p 222 206 49.946507 0.011709213
p 221 207 49.69417 -0.30854034
p 220 208 49.663376 0.005903244
p 221 209 49.650944 -0.1745472
p 222 210 49.461338 -0.0047130585
p 223 211 49.461338 0.17830849

c 67 24.878777
p 222 148 96.83174 -5.501793
p 223 147 95.18538 -2.8424683
p 224 148 93.08455 -8.937759
p 225 149 91.74303 -7.2445335
p 226 150 91.181885 -4.460064
p 227 151 90.310295 -2.7834435
p 228 152 89.812584 2.7439766
p 229 153 88.912415 -1.7245712
p 228 154 87.922676 -2.728588
p 229 155 87.24939 -0.07862091
p 230 156 86.6997 0.25437546
p 231 157 86.03202 -0.10536194
p 232 156 85.07169 3.64188
p 233 157 83.90357 -2.9771042
p 233 158 82.96415 -3.3943787
p 234 159 79.40022 -5.7785454
p 235 160 79.36369 -6.537781
p 236 161 79.36369 -2.5700417
p 237 162 79.337875 -0.30874252
p 236 163 79.01552 3.7291794
p 237 164 78.67258 1.8720665
p 238 165 78.30987 -0.67622375
p 239 166 77.93431 4.772133
p 240 166 77.82569 3.6285362
p 241 167 77.68638 0.30120087
p 241 168 77.22131 0.57021713
p 242 169 76.87378 0.2585373
p 243 170 76.55696 0.06845856
p 244 171 76.24326 -0.14194489
p 245 172 75.81969 3.565693
p 244 173 75.20157 0.7999344
p 245 174 74.989586 4.4363823
p 246 175 74.81328 1.8718987
p 246 176 74.47664 -1.2091408
p 245 177 74.021805 3.1726189
p 245 178 73.0515 -0.59630585
p 246 179 71.952965 2.3186455

c 68 8.198593
p 227 163 85.75989 -6.6443214
p 228 164 84.53988 -7.5938797
p 229 165 83.61468 -7.6045837
p 230 166 82.92128 -7.804657
p 231 167 82.32636 -5.0804634
p 232 168 81.789734 -3.4357338
p 233 169 81.27893 -3.0195122
p 234 170 80.6891 -4.4320984
p 235 171 79.97813 -4.483265
p 236 172 79.2075 -4.96661
p 237 173 78.43933 -3.5324364
p 236 174 77.561295 -4.5519333

c 69 0.39497375
p 230 34 48.993004 -0.11791992
p 230 35 48.993004 -0.15075493
p 230 36 48.993004 -0.2234726
p 231 37 49.07698 -0.4572811
p 232 38 49.12857 -0.02766037
p 231 39 49.12857 -0.06971741
p 232 40 49.26223 0.26214027
p 231 41 49.296497 -0.07303429
p 232 42 49.296497 -0.18688774
p 232 43 49.325455 -0.2400055
p 231 44 49.387978 -0.44200706

c 70 20.676357
p 231 77 69.878456 -1.7672997
p 232 78 68.94446 -6.7455254
p 233 79 68.01928 3.5470352
p 234 78 67.495735 4.824463
p 235 77 66.99292 7.86602
p 236 77 64.4885 -3.2969398
p 237 76 63.57214 -3.2192116
p 238 75 62.506084 -3.531849
p 239 74 61.66706 5.2450905
p 240 73 61.095867 1.7763596
p 241 72 60.40638 -5.821121
p 242 71 59.723618 -2.6716995
p 243 70 59.081257 -2.3801613
p 242 69 58.51742 5.0608845
p 243 68 58.250507 -0.63038254
p 242 67 57.29011 -3.6474533
p 243 66 56.64796 -2.2445602
p 244 65 56.035873 2.5413036
p 245 64 55.389263 -0.9504833
p 246 63 54.819088 1.8287163
p 247 62 54.262142 1.7245502
p 248 61 53.748592 -0.09861183
p 248 60 53.33485 -0.33488083
p 248 59 53.040688 0.058950424
p 247 58 52.62762 0.0066165924
p 248 57 52.157837 -0.065984726
p 249 56 51.726116 -0.17560959
p 250 55 51.341175 -0.11841202
p 250 54 51.18497 -0.24761963
p 250 53 50.700703 -0.44776154
p 249 52 50.53981 -0.13930702
p 249 51 50.329502 -0.26823425
p 248 50 50.17813 -0.16303253
p 247 49 50.106365 0.024765015
p 248 48 50.093254 0.10368729
p 247 47 49.884655 -0.13492012
p 247 46 49.75856 -0.21038055
p 246 45 49.603996 0.074020386
p 247 44 49.586937 0.041837692
p 247 43 49.5554 -0.1763916
p 247 42 49.45333 -0.40350533
p 246 41 49.284508 -0.22747803
p 245 40 49.2021 -0.044578552
p 246 40 49.2021 0.038698196

c 71 19.935753
p 232 84 75.9016 0.18510437
p 233 85 77.07361 2.333149
p 234 86 77.92805 -4.9286957
p 235 87 78.68797 -3.6998558
p 236 88 79.96675 -2.612938
p 237 89 80.95801 -5.239666
p 238 90 82.20447 -8.035294
p 239 91 83.45185 -4.9824066
p 240 92 84.91916 -5.7132797
p 241 93 85.93769 -5.02116
p 242 94 87.35134 -5.5501175
p 241 95 88.125916 -10.3461075
p 240 96 89.70041 -1.9185371
p 241 97 90.576225 -8.961384
p 242 98 91.71632 -9.671677
p 243 99 92.964745 -3.0857887
p 242 100 95.83736 -4.1731453

c 72 7.8868637
p 240 155 85.63008 -4.4360886
p 241 156 85.308304 -6.740551
p 242 157 85.296364 -4.6254883
p 243 158 85.24107 -4.5858574
p 244 159 85.04513 -6.1906204
p 245 160 84.56026 -5.356247
p 246 161 83.77717 1.2472343
p 245 162 83.44985 -1.1812057
p 244 163 78.263275 -5.194462
p 243 164 77.99612 -4.7553177
p 242 165 77.808846 -5.483925
p 241 166 77.74322 -2.3665314

c 73 20.930046
p 246 162 83.58741 -4.549404
p 247 161 83.58741 -2.1858864
p 248 160 83.79935 -3.481369
p 249 159 84.973404 0.30063248
p 248 158 85.84195 2.400982
p 249 157 86.45148 0.41145325
p 248 156 86.83684 -1.7196198
p 249 155 87.34088 -5.165085
p 250 154 87.76103 -7.524727
p 251 153 89.06512 -6.723957
p 252 152 91.31276 -1.752037
p 251 151 93.39768 -3.03862
p 250 150 94.54246 -2.7567787
p 249 149 96.3235 -1.5657806
p 250 148 97.85442 1.3902855
p 249 147 99.30862 1.3809547
p 250 146 100.26765 -2.0153465
p 251 145 101.52598 -0.2039032
p 250 144 102.48117 -0.22486115
p 249 143 103.25055 -0.029090881
p 248 142 103.89949 0.13635254
p 247 141 104.517456 -0.31887436

c 74 35.712856
p 248 89 85.05631 -1.5564461
p 249 88 83.044914 -1.8298836
p 250 87 81.86168 1.606739
p 251 87 80.041725 -0.2099266
p 252 86 76.90443 -2.0516205
p 253 85 75.589874 2.8346367
p 252 84 74.10745 -0.21808624
p 253 83 71.59931 -3.7085457
p 254 82 69.81568 0.7245102
p 253 81 68.35177 7.160305
p 254 80 66.60884 16.240654
p 253 79 65.21697 11.355789
p 254 78 63.85274 20.348995
p 253 77 63.081837 2.7909317
p 252 76 62.408035 -8.789541
p 253 75 61.66722 -0.15532303
p 254 74 60.957874 0.031467438
p 253 73 60.410088 17.632229
p 254 72 59.74798 17.203598
p 253 71 59.394825 5.196068
p 252 70 58.587486 -6.207512
p 253 69 57.908173 5.2924347
p 254 68 57.150845 -6.156872
p 255 67 56.513527 0.120010376
p 254 66 55.958492 -3.8465233
p 253 65 55.43029 -9.468979
p 252 64 54.894188 0.05116844
p 253 63 54.365543 13.330139
p 254 62 53.87214 -0.3350792
p 254 61 53.612503 0.0993042
p 254 60 53.137974 -0.2551422
p 255 59 52.818855 0.19047165
p 254 58 52.58711 -0.46465302
p 254 57 52.178883 -0.06549072
p 254 56 51.92776 0.009082794
p 255 55 51.492275 -0.10815811
p 255 54 51.152115 -0.029727936
p 254 53 50.980404 0.096263885
p 254 52 50.619976 -0.14731216
p 255 51 50.320663 -0.06498337
p 255 50 50.092857 -0.02734375
p 255 49 49.985603 0.2723503
p 254 48 49.824917 0.18810654
p 254 47 49.79677 0.09553528
p 255 46 49.619167 -0.08491135
p 255 45 49.611988 -0.18214035
p 255 44 49.50494 -0.24485016
p 255 43 49.50494 -0.19394302
p 254 42 49.46946 0.013809204
p 255 41 49.343456 0.040584564
p 255 40 49.343456 -0.035987854

avg 20.501488
end