//fileLoc: inputData/gradient13.png
//fluxMulti: 3.0 channelCutOff: 10
//wk_fmin: 0.0 wk_fmax: 1.0
//total_mass_shift: 334.5
//colorstage1: 2 colorstage2: 3
# 78
avgCurve 1.98552

c 0 0.72948074
p 1 212 52.582565 -0.4157982
p 2 211 52.582565 -0.4258194
p 3 210 52.90594 0.124370575
p 4 211 52.749535 -0.32901382
p 5 211 52.749535 -0.062343597
p 6 212 52.72274 -0.08757591
p 7 213 52.542183 -0.036132812
p 6 214 52.542183 -0.0078315735
p 5 215 52.44495 -0.0963459
p 4 216 52.399853 -0.17022896
p 3 217 52.327545 -0.26672935
p 3 218 52.17646 -0.4161892
p 2 219 52.17646 -0.05146408

c 1 15.630558
p 3 77 68.00954 -0.47380447
p 4 76 66.81965 -0.26334
p 5 75 66.24897 -0.91287994
p 6 74 66.10787 -0.5729523
p 7 73 64.2683 0.64308167
p 8 72 63.3713 5.687805
p 7 71 62.679523 4.6778336
p 6 70 62.157413 7.307976
p 5 69 61.49733 1.3136692
p 6 68 60.854023 -0.13022232
p 5 67 60.382942 1.9130096
p 6 66 59.829166 1.1597996
p 5 65 58.97397 3.8897343
p 5 64 58.34285 -0.44921684
p 5 63 57.840828 3.3354568
p 4 62 57.319706 0.04918289
p 5 61 56.84619 -0.0573349
p 6 60 56.44513 -0.1774807
p 7 59 55.938744 -0.32909966
p 8 58 55.70073 0.29618835
p 7 57 55.242947 -0.015497208
p 7 56 54.942078 -0.5639572
p 8 55 54.83104 -0.04608345
p 7 54 54.477123 -0.21979141
p 8 53 54.248955 -0.47969055
p 9 52 54.034798 -0.14651299
p 8 51 53.90244 -0.16551208
p 7 51 53.639263 -0.07275009
p 6 50 53.380985 -0.14365196
p 6 49 53.37322 -0.3534031
p 6 48 53.17521 0.0047130585
p 6 47 53.09871 -0.09925842
p 7 46 53.02666 -0.034830093
p 6 45 53.02666 -0.10315132
p 6 44 52.86767 -0.24615479
p 7 43 52.791912 -0.22569084
p 8 42 52.632214 0.1915226
p 8 41 52.554245 -0.21548271
p 7 40 52.550404 0.18913269
p 6 39 52.476902 -0.11493492
p 5 38 52.422462 -0.06493759
p 6 37 52.39693 -0.20581055
p 7 37 52.37898 -0.28870583
p 8 37 52.37898 -0.068573

c 2 8.279152
p 3 77 68.00954 0.7169037
p 4 78 69.144554 -0.49511337
p 5 79 70.18345 -4.8032722
p 6 80 70.84426 -7.354454
p 7 81 71.01521 -1.0150146
p 6 82 71.78934 -0.020385742
p 5 83 72.47692 -1.1871071
p 4 84 74.005516 2.671276
p 3 84 74.005516 -0.5961075
p 4 85 74.468765 -0.8202629
p 5 86 74.71258 3.0357018
p 6 87 74.843575 1.8152885
p 5 88 76.28869 0.8029442

c 3 35.861176
p 3 158 88.72986 -1.2560272
p 4 159 86.5148 -2.2992249
p 5 160 85.78093 -1.8840561
p 6 161 85.1427 -0.44187927
p 7 162 84.548256 1.5975723
p 7 163 83.64571 4.566601
p 6 164 82.64801 0.4131546
p 5 165 82.09399 -3.799408
p 6 166 81.530685 8.930782
p 5 167 80.80215 1.8179283
p 6 168 79.59787 -3.365181
p 5 169 78.50215 4.3664703
p 6 170 77.35854 1.2247238
p 7 171 76.120125 1.9216118
p 8 172 74.48876 2.336502
p 9 173 73.13955 1.259079
p 10 174 72.102745 1.688385
p 9 175 71.19183 1.2284164
p 10 176 70.33332 -0.9351654
p 9 177 69.43964 -2.0924568
p 10 178 68.593346 -1.9254646
p 11 179 67.842094 -7.298004
p 12 180 67.00298 -2.7889557
p 13 181 66.14846 1.0857239
p 14 182 65.42722 -5.06752
p 13 183 64.71978 1.1279564
p 14 184 64.04895 1.3238678
p 13 185 63.42395 1.7385826
p 12 186 62.81991 5.341423
p 13 187 62.177834 2.82053
p 14 188 61.41061 -2.2910767
p 13 189 60.48194 -1.4465675
p 14 190 59.59179 0.47045326
p 13 191 58.93 2.138466
p 12 192 58.325546 3.1339264
p 11 193 57.753445 0.3685341
p 10 194 57.1869 -0.28799248
p 9 194 56.648968 -0.3303833
p 8 195 56.284763 -0.088373184
p 7 196 56.0699 -0.09617233
p 6 197 55.70631 0.1801815
p 6 198 55.24754 -0.21110153
p 5 199 55.054718 0.051332474
p 4 200 54.682507 -0.3337841
p 3 201 54.52867 0.055992126
p 4 202 54.193306 -0.24978447
p 5 203 53.85451 -0.008308411
p 6 204 53.574852 -0.12109566
p 6 205 53.37425 0.16731644
p 6 206 53.324787 0.19003296
p 5 207 53.141308 -0.11789513
p 5 208 53.002968 -0.2675419
p 4 209 52.99177 -0.018882751
p 5 210 52.868683 -0.18115997

c 4 43.254387
p 4 112 95.44097 -4.222019
p 5 111 94.78111 -6.3355293
p 6 110 93.785 -4.777569
p 7 109 93.14168 -8.750271
p 8 108 92.36953 -3.5474854
p 9 107 91.5286 -6.034874
p 10 106 90.756546 -6.3030167
p 11 105 90.097786 -4.1251106
p 10 104 89.39879 -4.5768623
p 9 103 88.86321 4.248722
p 10 102 87.96675 0.6796913
p 11 101 87.0479 -0.8350487
p 12 100 86.33182 -0.9327469
p 13 99 85.63942 -2.7457619
p 14 98 84.98273 1.9581566
p 15 97 84.64626 -0.1372757
p 14 96 83.95623 0.132267
p 13 95 83.06911 -0.7636566
p 12 94 82.22519 2.141899
p 13 93 81.55428 1.510376
p 14 92 80.883354 3.9156952
p 15 91 80.23924 3.70829
p 16 90 79.65405 2.4869385
p 17 89 79.091324 4.058159
p 18 88 78.43535 0.625679
p 19 87 77.70291 3.6003113
p 20 86 77.08247 6.361168
p 21 85 76.47247 0.4637146
p 20 84 75.8519 1.9698677
p 21 83 75.19826 5.3304443
p 22 82 74.5177 1.5770493
p 23 81 73.87448 -4.1695595
p 22 80 73.277054 5.6967964
p 23 79 72.662 4.017475
p 24 78 72.072876 0.7181206
p 25 79 71.44677 -0.103881836
p 26 78 70.94481 3.3776398
p 27 77 70.51961 4.6550026
p 28 76 69.61584 7.8832855
p 29 75 68.99204 10.262985
p 30 74 68.373314 -0.5253296
p 29 73 67.77142 1.4092827
p 30 72 67.18446 5.708996
p 31 71 66.60379 8.074261
p 32 70 66.02127 3.6660194
p 33 69 65.435455 -2.069004
p 34 70 64.86347 7.4536705
p 35 69 64.30524 7.374752
p 36 68 63.83063 1.9802017
p 36 67 63.458492 0.5572586
p 37 66 62.7834 -0.29930496
p 38 65 61.572987 1.8451176
p 39 64 61.136868 0.84508324
p 40 63 60.365005 1.9154968
p 41 62 59.886353 0.15971565
p 42 61 59.454308 -0.19478416
p 43 60 59.000835 -0.21975327
p 44 59 58.538036 0.014060974
p 45 58 58.05758 -0.16195488
p 46 57 57.545982 0.09403801
p 45 56 57.22502 -0.11258125
p 46 55 56.95388 0.16901779
p 46 54 56.48859 -0.30682755
p 45 53 56.189316 -0.21849251
p 45 52 55.9484 0.059150696
p 44 51 55.626965 0.098537445
p 45 50 55.24667 -0.07084656
p 46 49 54.865067 -0.42256927
p 47 48 54.60885 0.08261871
p 46 47 54.234173 -0.09756851
p 47 46 53.769672 -0.19297218
p 48 45 53.618107 0.09387016
p 47 44 53.3776 0.147398
p 46 43 53.254566 0.056175232
p 45 42 53.092327 -0.16623306
p 45 41 53.013054 -0.31900215
p 44 40 53.000217 0.022180557
p 43 39 52.879066 -0.19082832
p 43 38 52.50338 -0.22107887
p 44 37 52.44693 -0.16766167
p 45 36 52.438293 0.02324295
p 44 35 52.33453 0.060087204
p 43 34 52.271194 -0.10095596
p 44 33 52.256393 -0.22471046
p 45 32 52.186584 -0.28759003
p 44 31 52.186584 -0.14364052

c 5 0.83714294
p 6 221 52.045597 0.14298439
p 7 221 52.045597 -0.012731552
p 8 221 52.045597 -0.16156006
p 9 222 52.081093 -0.10549545
p 10 221 52.081093 -0.15755463
p 11 220 52.20835 0.09615517
p 10 219 52.2663 -0.25969696
p 10 218 52.2663 -0.4224987
p 11 217 52.33115 -0.21318054
p 12 216 52.48819 0.018144608
p 13 215 52.534424 -0.18103981
p 12 214 52.563007 0.09094238
p 12 213 52.61173 -0.43035698
p 12 212 52.75036 -0.21586227
p 12 211 52.75036 -0.0769825
p 12 210 52.768047 0.13920784
p 11 209 52.853485 0.055505753
p 12 208 52.88274 -0.18706894

c 6 9.251907
p 8 162 84.37579 4.409294
p 9 161 85.18163 2.3199043
p 10 160 85.952065 0.06958771
p 11 159 86.535225 -1.1645966
p 12 158 87.208626 -0.49216843
p 13 157 87.56524 -2.1855736
p 14 156 87.98416 -0.38687897
p 15 155 88.51176 0.79119873
p 14 154 89.19706 0.15885162
p 15 153 90.04823 -1.9622002
p 14 152 90.96815 -3.5894814
p 13 151 91.896454 -5.106037
p 12 150 93.20657 -3.9164352
p 11 149 93.6277 -9.329266

c 7 1.8885155
p 9 42 52.614414 -0.10174942
p 10 43 52.79467 -0.07603073
p 11 44 52.95497 0.0063648224
p 10 45 53.040894 -0.12745094
p 11 46 53.05908 -0.15803528
p 12 47 53.107315 0.070552826
p 13 48 53.32112 0.015563965
p 12 49 53.497177 0.062459946
p 12 50 53.68586 -0.27579308
p 13 51 54.049683 -0.092199326
p 14 52 54.25268 -0.24041367
p 15 53 54.50293 0.0338974

c 8 1.8590393
p 13 37 52.219944 -0.24503326
p 13 38 52.219944 -0.015558243
p 14 38 52.274868 -0.23625565
p 15 38 52.33755 -0.100725174
p 16 39 52.36388 -0.19324303
p 16 40 52.58553 -0.053495407
p 17 41 52.70846 -0.12079239
p 17 42 52.849422 -0.028635025
p 18 43 52.983402 0.05989456
p 17 44 53.107014 0.08160019
p 16 45 53.107014 -0.10050392
p 17 46 53.244003 0.026748657
p 16 47 53.4559 -0.010417938
p 17 48 53.605633 -0.14880943
p 17 49 53.769745 -0.0010986328
p 18 50 54.078983 -0.017223358

c 9 30.174194
p 16 117 102.066536 -1.8374863
p 17 116 100.24849 -2.2687492
p 18 115 98.46706 -0.53484726
p 19 114 97.30737 -0.19347
p 20 113 96.36199 -1.3765411
p 19 112 95.50918 -0.48394012
p 20 111 94.655876 -4.0741653
p 21 110 93.834984 -3.1649437
p 22 109 93.060104 -2.355072
p 23 108 92.297554 -0.67793274
p 24 107 91.51356 -1.1180191
p 23 106 90.71961 3.2672615
p 24 105 89.974236 -0.57806015
p 25 104 89.32332 -2.871235
p 26 103 88.726906 -3.5155296
p 27 102 88.05088 -1.0053139
p 28 101 87.21778 0.586689
p 27 100 86.367256 0.8046684
p 26 99 85.67261 0.2320137
p 25 98 84.947174 -0.21175766
p 26 97 84.21678 -2.1617317
p 25 96 83.50207 -1.3480072
p 26 95 82.791245 1.7629204
p 27 94 82.11073 2.037449
p 28 93 81.4535 -1.4746933
p 27 92 80.69794 -0.8695755
p 26 91 79.97077 1.6903038
p 27 90 79.31998 3.2180977
p 28 89 78.75264 2.1106262
p 29 88 78.224594 -1.3427429
p 29 87 77.646965 1.4743958
p 29 86 77.12028 -1.4133339
p 30 85 76.321754 0.65953445
p 29 84 75.2654 2.6899872
p 28 83 74.62224 1.2789536
p 29 82 74.0101 2.2060509
p 28 81 73.923615 4.699646
p 27 80 72.39086 0.11462402
p 26 79 71.89234 -2.673832

c 10 2.0412636
p 16 220 52.27707 2.975464E-4
p 17 220 52.29516 -0.22729492
p 18 220 52.35217 -0.121276855
p 19 219 52.372993 -0.18741608
p 20 218 52.49714 -0.1841526
p 20 217 52.50681 -0.13611794
p 21 216 52.50823 0.106435776
p 20 215 52.595886 0.071718216
p 19 214 52.595886 -0.23342896
p 19 213 52.686493 -0.26091766
p 18 212 52.686493 -0.121133804
p 17 211 52.845825 -0.16594315
p 17 210 52.88372 -0.06797409
p 17 209 52.96028 -0.08052254
p 18 208 53.14046 0.10937691
p 19 207 53.3002 0.42295265
p 20 206 53.35938 -0.103284836
p 21 205 53.521812 -0.0042495728
p 21 204 53.620228 -0.08061409
p 22 203 54.064934 -0.20366096
p 23 202 54.318333 -0.10646248

c 11 1.0550385
p 17 23 51.8515 -0.49995995
p 18 22 51.8515 0.29468727
p 18 23 51.8535 -0.23069954
p 19 24 51.874695 -0.29250336
p 20 25 51.89657 -0.13093758
p 21 25 51.945812 -0.1598301
p 22 25 51.945812 -0.31863403
p 23 26 51.950203 -0.1765747
p 22 27 51.960117 -0.05752945
p 23 28 52.00036 -0.05823517
p 24 29 52.00475 -0.15151978
p 23 30 52.024784 0.071826935
p 24 31 52.12572 -0.16304016
p 24 32 52.195934 -0.21256256
p 23 33 52.219067 -0.19663239
p 23 34 52.378162 -0.19462776
p 22 35 52.378162 -0.5109329
p 21 35 52.38141 -0.5308876
p 20 36 52.388847 -0.0532341
p 20 37 52.388847 -0.24367714
p 19 38 52.410793 0.0154418945
p 19 39 52.410793 -0.27859306
p 20 40 52.48445 0.049533844
p 21 41 52.732796 -0.20230484
p 22 41 52.78126 0.076848984
p 23 42 52.81473 -0.16555977
p 23 43 52.90654 -0.046237946

c 12 45.89018
p 19 145 98.03434 -6.2919693
p 20 146 97.41532 -5.7578278
p 21 147 96.71408 -1.8767128
p 20 148 95.272995 3.7242508
p 21 149 93.37217 -1.4354744
p 22 150 92.041664 -2.4160461
p 23 151 90.83131 -0.45396423
p 24 152 90.123726 1.28788
p 25 153 89.46141 -0.3689804
p 26 154 88.64463 -0.22664261
p 25 155 88.2279 0.9927254
p 25 156 87.26469 2.4683952
p 26 157 86.66326 2.7893486
p 25 158 85.641846 -1.8952446
p 26 159 85.09776 2.4750175
p 26 160 84.97047 0.03446579
p 25 161 84.332794 0.95144653
p 26 162 83.86874 0.6834488
p 27 163 83.06246 4.0551224
p 28 164 82.64269 4.4370995
p 29 165 82.36417 6.331253
p 30 166 80.18207 0.10341263
p 30 167 79.92032 4.171547
p 30 168 79.65004 -2.0002708
p 31 169 78.383705 -6.243389
p 32 170 77.32952 -5.4002037
p 33 171 75.6542 -3.2365456
p 34 172 74.98317 0.5789223
p 35 173 74.45321 4.1251373
p 36 174 73.95937 2.398304
p 37 175 73.48357 2.236534
p 38 176 72.953865 5.748699
p 38 177 72.75697 5.6397324
p 38 178 71.993904 4.0766983
p 37 179 70.551605 3.8455887
p 36 180 69.07606 2.4622002
p 35 181 67.81139 1.1335907
p 34 182 66.78982 2.3245697
p 35 183 65.930046 7.485943
p 36 184 65.09091 6.4619446
p 37 185 64.377396 4.435547
p 38 186 63.752213 4.6903305
p 39 187 63.11187 1.9364815
p 38 188 62.102745 -0.9892864
p 37 189 61.284542 -0.026306152
p 38 190 60.644123 0.69078064
p 39 191 59.714333 4.3165092
p 40 192 59.188946 -0.57283974
p 40 193 58.50865 2.0086117
p 41 194 58.023098 -0.72826195
p 42 195 57.44631 -0.3181324
p 43 196 56.877224 -0.31900024
p 43 197 56.394096 0.038080215
p 43 198 56.148697 -0.20417786
p 44 199 55.704624 -0.021007538
p 44 200 55.2481 -0.21112633
p 43 201 54.8963 -0.10543823
p 44 202 54.66602 -0.060598373
p 44 203 54.31633 0.02712822
p 45 204 53.985645 0.27744484
p 44 205 53.764572 0.051057816
p 43 206 53.448357 -0.19355774
p 42 207 53.42675 0.07106781
p 42 208 53.278164 -0.10362053
p 41 209 53.211838 -0.16162682
p 40 209 53.089153 -0.052524567
p 39 209 53.079998 -0.07995796
p 38 209 53.079998 -0.3023796
p 37 210 52.903008 -0.26757622
p 37 211 52.854427 -0.08269882
p 38 212 52.835133 -0.17262459
p 39 212 52.757523 -0.32138252
p 40 213 52.757523 -0.042842865
p 40 214 52.595856 0.17655373
p 40 215 52.57843 -0.08757019
p 41 216 52.491787 -0.024385452
p 40 217 52.373856 -0.29510117
p 39 218 52.218628 0.0142707825
p 38 219 52.218628 -0.43561745
p 37 219 52.217648 -0.03718376
p 36 220 52.208347 -0.08172417
p 35 221 52.208347 -0.38529587
p 34 222 52.14416 -0.19145775
p 33 222 52.14416 -0.14876556

c 13 12.799736
p 28 102 88.60255 2.4291992
p 29 103 89.882744 3.119156
p 30 104 90.65238 -0.16500473
p 29 105 91.17243 0.77490234
p 30 106 91.40723 1.3208199
p 31 107 92.42279 1.2937164
p 32 108 93.554535 -1.6215744
p 31 109 95.55305 0.5592842
p 31 110 95.72246 -1.3519783
p 32 111 96.42928 -0.55758286
p 33 112 97.71481 -1.0840187
p 32 113 99.79017 -0.7480278
p 32 114 101.40228 0.3196869

c 14 17.854256
p 31 151 94.38464 0.6569023
p 32 152 92.37354 -0.42164612
p 31 153 89.06348 -2.532734
p 32 154 88.35298 0.18698883
p 33 155 87.68956 -1.3762665
p 34 156 86.76488 -0.5538521
p 33 157 86.178375 -0.3740883
p 32 158 85.77117 -1.7961731
p 32 159 85.27015 -0.7721405
p 32 160 85.03758 -2.7486115
p 33 161 84.18118 -0.014564514
p 34 162 83.49042 1.1897583
p 35 163 82.441376 3.1705322
p 36 164 81.4258 1.3480415
p 35 165 80.6702 2.6878967
p 34 166 80.01282 -4.135456
p 35 167 79.350105 7.517166
p 34 168 77.97259 1.7077713
p 33 169 77.32792 6.256859
p 34 170 76.53039 5.2003136

c 15 18.28424
p 37 139 101.37777 1.4000282
p 38 140 100.73455 -3.0766563
p 39 141 100.171844 1.1115608
p 38 142 99.489586 2.1832085
p 39 143 98.230225 2.1413765
p 40 144 97.28897 -2.0891113
p 41 145 95.88808 -3.4741096
p 42 146 95.139435 2.167469
p 41 147 94.60292 1.8873329
p 40 148 94.06232 1.9636917
p 39 149 92.33741 2.1721306
p 39 150 92.02272 0.14754868
p 40 151 91.03321 -1.4328461
p 41 152 90.36399 -1.0028343
p 42 153 89.595436 0.08520889
p 41 154 88.95607 -0.38720322
p 40 155 88.76296 1.1794281
p 40 156 87.79498 -0.11053467
p 41 157 87.24771 3.3586617
p 40 158 86.54962 -0.6854439
p 41 159 85.80308 -0.5898323
p 40 160 85.17549 0.7538719
p 39 161 84.53089 4.0210304
p 38 162 83.85501 3.1953888
p 37 163 83.09353 4.052799

c 16 6.5116043
p 38 175 73.26052 2.9148865
p 39 174 73.67362 7.0566063
p 40 173 74.32949 1.0604591
p 39 172 74.87808 -0.88026047
p 40 171 75.570145 2.0325508
p 41 170 76.144615 4.2372284
p 42 169 76.61556 3.4688034
p 43 168 77.28094 4.5021057
p 44 167 77.91246 0.9578209
p 43 166 78.44698 -2.0843773
p 44 165 79.08173 -0.9344177
p 45 164 79.772125 -2.532467

c 17 45.753387
p 42 116 97.61444 -5.275635
p 43 115 96.44566 -5.182476
p 44 114 95.25655 -4.6844635
p 45 113 94.53261 -3.727211
p 46 112 94.01612 -1.6779671
p 47 111 93.305305 -4.11388
p 46 110 92.8313 -2.774128
p 47 109 92.43872 -4.226452
p 48 108 91.69624 -4.5544243
p 49 107 91.21215 -3.5389595
p 50 106 90.76174 -3.9349709
p 49 105 90.21486 -3.530239
p 48 104 89.3665 -1.694107
p 47 103 87.97495 -0.26924515
p 48 102 86.562325 -0.78266907
p 49 101 86.01638 1.8077927
p 50 101 85.559555 1.548523
p 51 100 84.974304 4.8869667
p 52 99 84.62101 2.9315033
p 52 98 83.89458 3.2879105
p 53 97 83.21472 3.6090736
p 54 96 82.79658 -0.15369797
p 55 96 82.409584 0.28634262
p 56 95 81.98495 4.551754
p 57 94 81.44769 1.4072571
p 58 93 80.894966 -1.243515
p 59 92 80.197105 -1.5785675
p 58 91 80.197105 5.6330223
p 59 90 78.75443 0.8739891
p 59 89 78.28856 2.3737297
p 58 88 77.316864 3.6097107
p 59 87 76.62493 6.06131
p 60 86 76.14869 6.0884743
p 61 85 75.11147 5.5984306
p 62 84 74.59385 0.27937317
p 61 83 74.35062 1.4996872
p 62 82 73.90752 1.4136543
p 61 81 73.70988 1.1784515
p 61 80 72.96612 1.5256271
p 62 79 72.14481 6.403782
p 61 78 71.30732 3.6387405
p 61 77 70.95618 4.1648293
p 61 76 69.98701 5.468441
p 60 75 69.32515 9.4128
p 59 74 68.90942 6.3790436
p 58 73 68.4776 1.0687752
p 59 72 66.62106 0.5915451
p 60 71 65.876686 0.42604065
p 59 70 65.26842 4.4090576
p 60 69 64.800285 7.886814
p 61 68 64.191154 4.712322
p 62 67 63.291992 0.14933777
p 61 66 62.71416 0.8383846
p 60 65 62.178776 2.9482212
p 59 64 61.651703 6.18462
p 58 63 61.098896 6.7626286
p 57 62 60.34168 -0.18312454
p 58 61 60.01053 -0.0597229
p 57 60 59.538246 -0.46442795
p 56 59 59.040657 -0.04808998
p 57 58 58.560165 -0.16228485
p 56 57 58.058655 0.13414574
p 57 56 57.510666 -0.5042381
p 58 55 57.06298 -0.3002739
p 59 54 56.77514 -0.034025192
p 58 53 56.389565 -0.27980232
p 57 52 56.041264 0.13242531
p 56 51 55.726727 0.020893097
p 55 50 55.349426 -0.26014137
p 54 49 54.892204 0.011226654
p 55 48 54.451515 -0.23978043
p 55 47 54.23728 -0.098861694
p 56 46 54.10214 -0.0032291412
p 57 45 53.904484 -0.2856655
p 56 44 53.73582 0.06537628
p 56 43 53.54308 -0.10479355
p 57 42 53.30873 0.01363945
p 58 41 53.298164 0.004425049
p 59 40 53.098186 0.18704605
p 60 39 52.78521 -0.11702728
p 59 38 52.7385 0.09994888
p 60 37 52.67562 -0.13213539
p 60 36 52.65942 -0.4185028
p 61 35 52.576317 -0.017972946
p 61 34 52.520096 -0.14003563
p 60 33 52.452225 -0.11704445
p 59 32 52.37578 -0.24394989
p 60 31 52.37578 0.08692932
p 60 30 52.22219 -0.040239334
p 60 29 52.207012 -0.051589966
p 61 28 52.15031 0.09223747
p 61 27 52.138718 -0.18471336
p 60 26 52.107506 0.03213501
p 61 25 52.107506 -0.2230568
p 62 24 51.914047 -0.15872002
p 61 23 51.861053 -0.20679283
p 62 22 51.861053 -0.14096451

c 18 12.836487
p 49 88 79.37408 0.5700989
p 50 87 78.64917 1.6541328
p 51 86 78.104385 3.405426
p 52 85 77.68056 4.223877
p 53 84 76.77033 2.287323
p 54 83 76.11712 1.3922539
p 55 82 75.35744 1.4098282
p 56 81 74.654015 -3.9814339
p 55 80 73.90336 -0.24835587
p 54 79 73.006386 3.6378555
p 53 78 72.0315 0.5624161
p 52 77 71.34876 -0.5494766
p 51 76 71.074 3.3781052
p 52 75 70.03284 2.3483925
p 53 74 69.08894 1.9757042
p 54 73 68.843315 1.4451447
p 55 72 67.932014 -1.109375
p 56 71 67.36166 3.3033905
p 57 72 66.84281 -0.35238266
p 58 71 66.53759 2.5675087

c 19 41.366436
p 49 217 52.468525 0.20403099
p 50 216 52.475048 -0.0415802
p 51 215 52.59257 0.03533554
p 52 214 52.64514 0.097831726
p 51 213 52.72229 -0.19163895
p 51 212 52.74411 -0.20358467
p 52 211 52.752567 -0.29825974
p 53 211 53.054176 -0.042467117
p 54 210 53.054176 -0.2751522
p 54 209 53.126965 -0.0025196075
p 54 208 53.249226 0.075366974
p 54 207 53.42383 -0.24533653
p 53 206 53.644466 -0.02144432
p 54 205 53.756985 -0.36268425
p 55 204 54.116184 0.00954628
p 56 203 54.28531 -0.008367538
p 57 202 54.593105 0.28012085
p 58 201 54.91403 -0.1828556
p 58 200 55.215416 0.027330399
p 58 199 55.696075 0.13936806
p 59 198 55.958908 -0.35029984
p 60 197 56.434338 0.14725876
p 59 196 56.87615 -0.46476936
p 58 195 57.203407 -0.19919777
p 59 194 57.805546 -0.008815765
p 58 193 58.405876 -0.2757702
p 57 192 58.876537 -0.538599
p 57 191 59.63987 2.8280964
p 58 190 60.336056 1.8562222
p 59 189 61.22078 3.7574387
p 59 188 61.66937 1.8541222
p 60 187 62.147434 -0.44143295
p 61 186 62.580345 0.73156357
p 61 185 63.467567 5.214039
p 62 184 64.2568 5.8821945
p 63 183 64.97333 -1.3537788
p 62 182 65.57464 3.101715
p 63 181 66.19214 1.0193672
p 64 180 66.870834 -0.116184235
p 65 179 67.730385 1.079853
p 66 178 68.0306 1.7371788
p 66 177 68.69844 3.6498833
p 66 176 69.106865 3.9502106
p 67 175 70.04726 -0.19713593
p 66 174 70.775764 -0.91989136
p 65 173 71.36674 -5.6922264
p 64 172 72.00963 -7.369278
p 63 171 72.64137 1.5580711
p 64 170 73.22043 -6.496975
p 65 169 73.8121 -7.2294235
p 66 168 74.567184 -1.4814034
p 65 167 76.1345 0.9093704
p 66 166 76.93108 -3.8313675
p 67 165 77.445 -3.9869537
p 66 164 78.05332 2.1106148
p 67 163 78.80318 -6.3114586
p 68 162 79.66691 -8.367592
p 69 161 80.78875 -1.393692
p 68 160 81.24539 -6.9955482
p 67 159 82.04713 -12.483269
p 66 158 83.011894 -9.741192
p 65 157 84.22448 -6.5634956
p 66 156 85.162445 -7.8274727
p 67 155 85.91009 -5.965824
p 66 154 86.54637 7.9660835
p 67 153 87.12244 -8.782246
p 68 152 93.83496 -2.186058

c 20 24.676834
p 56 119 98.18941 -1.9761696
p 57 118 97.773285 -3.2697601
p 58 117 97.260445 -0.5968895
p 59 116 96.91129 0.036815643
p 60 116 96.98451 0.1502037
p 61 115 96.59726 -0.22021866
p 60 114 96.31297 -0.11006546
p 60 113 93.38433 -2.4880333
p 61 112 93.02307 0.98973846
p 62 111 91.63566 -0.53531647
p 63 110 90.86812 0.45916367
p 63 109 90.69479 -0.47544098
p 62 108 89.577545 0.5921593
p 63 107 89.3375 0.17556
p 64 106 88.07659 1.9879379
p 65 105 87.48875 1.8585472
p 66 104 86.876915 4.107506
p 67 103 86.14879 3.3062744
p 68 102 85.36668 1.9228554
p 69 101 84.741905 2.4739838
p 70 100 84.13671 0.3257103
p 71 99 83.622795 -0.009273529
p 72 98 82.92422 -0.035453796
p 73 97 82.54087 0.051418304
p 73 96 81.97248 0.52568436
p 74 95 81.46222 1.2314949
p 73 94 80.861 3.7200165
p 72 93 80.26376 5.4244766
p 71 92 79.64249 7.6796
p 70 91 79.002075 5.1810837
p 69 90 78.38888 1.1978683
p 68 89 77.83158 0.35746765
p 67 88 77.28322 0.31425858
p 66 87 76.65596 -1.5767555
p 67 86 76.053566 5.7114296
p 66 85 75.51244 2.728714
p 66 84 75.02621 4.8730927
p 65 83 74.65583 -0.2862053
p 65 82 74.176155 -2.1844368
p 64 81 74.03101 -1.6592445
p 63 80 73.51257 1.3457413

c 21 9.044609
p 59 63 61.29778 -0.10685539
p 60 62 60.75675 -0.29808807
p 61 61 60.251568 -0.038181305
p 62 60 59.745487 -0.027412415
p 63 59 59.21957 0.21447182
p 64 58 58.664402 -0.10337067
p 65 57 58.147854 -0.21681404
p 64 56 57.750637 0.11096001
p 65 55 57.259365 -0.09004402
p 66 54 56.770203 -0.08815384
p 65 53 56.322243 -0.12794304
p 64 52 55.924988 0.050628662
p 65 51 55.523922 0.10398102
p 64 50 55.115166 -0.017868042
p 64 49 54.701485 -0.14367867
p 64 48 54.621357 -0.114933014
p 64 47 54.326656 -0.121780396
p 65 46 54.096294 -0.008792877
p 65 45 53.821766 -0.1688366
p 65 44 53.57872 -0.18136787
p 66 43 53.384155 0.10704613
p 66 42 53.27663 0.036777496
p 67 41 53.06553 0.1673336
p 67 40 53.012527 0.20568466
p 66 39 52.85465 0.12038231
p 66 38 52.639935 -0.023096085
p 67 37 52.606274 -0.31723785
p 68 36 52.508015 0.08903694
p 68 35 52.4145 -0.23558998
p 68 34 52.4145 -0.11764526
p 67 33 52.25317 -0.20138931
p 67 32 52.25317 -0.04815483

c 22 17.021076
p 59 63 61.29778 4.747671
p 60 64 61.86672 7.9909344
p 61 65 62.43675 6.527197
p 62 66 63.0181 -1.3953896
p 63 67 63.61131 -3.8630257
p 64 68 64.2034 1.0784111
p 65 69 64.802734 6.504738
p 66 70 65.42257 0.67632294
p 67 69 66.13422 0.4802475
p 68 70 66.88996 -0.80101395
p 69 71 67.72733 -1.6209946
p 70 72 68.57219 0.86756134
p 71 73 69.365135 1.8019218
p 72 72 70.0972 3.838894
p 73 71 70.96711 2.5955963
p 74 72 71.66528 4.1798553
p 75 73 72.23814 4.141453
p 76 74 72.82871 6.5410995
p 77 75 73.40184 4.282177
p 78 76 74.17089 -0.676548
p 77 77 75.208855 -0.36468124
p 78 78 75.52991 -1.4362259
p 79 79 76.130936 -0.033546448
p 80 80 77.41391 1.8711891
p 81 81 77.68124 6.5618286
p 82 82 78.318855 6.9125824

c 23 24.788353
p 67 87 76.97732 5.430393
p 68 88 77.36303 2.6935616
p 69 89 78.03784 -0.031845093
p 70 90 78.63993 1.2717896
p 71 91 79.19043 2.2214851
p 72 92 79.7396 4.3606606
p 73 93 80.38857 2.2955666
p 74 94 81.05913 -0.1079216
p 75 95 82.19646 0.59625244
p 76 96 82.60456 1.3182259
p 77 97 83.19722 0.45945358
p 78 98 84.0172 1.835289
p 79 99 84.25927 -0.4799652
p 80 100 84.81817 0.038383484
p 81 99 85.39243 0.05475235
p 82 100 85.96944 -0.43956757
p 83 101 86.76053 0.15045166
p 84 102 87.221596 0.6987343
p 85 103 88.00181 0.9673233
p 86 104 88.80445 -0.5083008
p 87 104 89.81338 -0.10748291
p 88 105 90.92542 1.2279739
p 89 106 91.39377 0.9962158
p 90 107 91.74942 1.0332336
p 91 108 92.21722 1.0058899
p 92 109 92.98453 2.9244576
p 93 110 93.54528 0.4844017
p 94 111 93.83226 0.21352768
p 93 112 94.42959 0.69626236
p 94 113 94.99349 0.34051895
p 95 114 95.42822 -1.8231773
p 96 115 95.91646 -0.43375015
p 97 116 96.92774 -0.07006836
p 98 115 97.50855 -0.12494278
p 99 116 98.348656 0.99061203
p 100 117 99.129425 -0.91606903
p 101 118 99.81285 -0.22828293
p 100 119 100.442635 -0.16001129
p 101 120 101.062614 -0.13382721
p 102 121 101.76567 -1.2632828

c 24 0.8530388
p 67 210 53.170696 0.010322571
p 67 211 52.985935 -0.16677666
p 68 212 52.985935 0.13914108
p 69 213 52.884705 -0.2565632
p 69 214 52.774498 -0.0593338
p 69 215 52.774498 -0.15981102
p 68 216 52.643265 -0.1679573
p 68 217 52.62569 0.04425049
p 67 218 52.45222 -0.11230278
p 68 219 52.317657 -0.20041084
p 67 220 52.317657 -0.5733986

c 25 14.472771
p 71 118 96.77259 -1.864666
p 72 117 96.26058 -2.0418892
p 73 116 95.58939 -2.7672386
p 74 115 94.84562 -1.4337425
p 75 114 94.23293 -0.29845428
p 76 113 93.623566 0.29813766
p 77 112 92.99731 0.37242126
p 78 111 92.58109 1.5888062
p 77 110 91.30644 0.74217606
p 76 109 90.520004 0.39720917
p 75 108 89.8514 1.9590225
p 76 107 89.18401 0.3988037
p 75 106 88.47727 1.3476295
p 76 105 87.83939 -0.39821625
p 75 104 87.31385 3.0470467
p 76 103 86.85705 1.9093742
p 77 102 86.5437 -0.6093483
p 78 101 85.67214 1.5686073
p 79 100 84.74864 0.31022644
p 78 99 84.127464 3.1576004
p 77 98 83.48832 4.105816
p 76 97 82.90221 3.1655197
p 75 96 82.29982 0.44768524

c 26 0.63523483
p 72 211 52.95229 -0.07297516
p 73 212 52.90457 -0.25823402
p 74 212 52.90457 -0.4572296
p 75 213 52.808952 0.119846344
p 76 214 52.746532 -0.275568
p 76 215 52.612995 0.001663208
p 75 216 52.612995 0.26362228
p 76 217 52.542595 0.09922409
p 76 218 52.481453 -0.09571457
p 75 219 52.43903 0.0879097
p 75 220 52.43903 -0.080127716
p 74 221 52.317055 0.08294678
p 74 222 52.317055 -0.04143715

c 27 8.893204
p 76 106 88.5459 -0.41140366
p 77 107 89.13231 -0.19357681
p 76 108 89.92119 2.0770493
p 77 109 90.64861 1.768055
p 78 110 91.45573 0.5941925
p 79 111 92.27777 0.22971344
p 78 112 92.874344 0.70736694
p 79 113 93.41434 0.7022171
p 80 114 93.92245 -1.4481888
p 81 115 94.50111 -1.528183
p 82 116 95.150276 -1.5972099
p 83 117 95.76027 0.28677368
p 84 118 96.797806 0.10218811
p 83 119 97.4391 0.6858444

c 28 40.432045
p 77 152 92.97259 2.631588
p 78 153 92.11692 -5.4174194
p 79 154 91.27967 -1.7385826
p 78 155 90.44693 -0.49242783
p 79 156 89.726234 -5.040989
p 80 157 88.92376 -2.0917015
p 79 158 87.99458 7.266506
p 80 159 87.01059 0.56962204
p 79 160 86.17056 5.4885597
p 80 161 85.89002 0.89580536
p 79 162 85.11002 -1.1538506
p 80 163 84.66817 -1.2475815
p 81 164 84.11977 -2.2536697
p 82 165 82.85543 -5.038162
p 83 166 82.12237 -6.6040688
p 84 167 81.37797 -4.0792465
p 85 166 80.708374 4.4164505
p 86 167 80.28835 2.2587242
p 87 168 78.30601 2.4870682
p 86 169 77.37458 1.1172523
p 87 170 76.19269 0.79637146
p 86 171 75.147736 2.6698952
p 85 172 74.08105 -0.83545303
p 86 173 73.013664 -1.138977
p 85 174 72.13339 6.4067764
p 86 175 70.36395 1.491497
p 87 176 69.63725 1.530529
p 88 177 68.92943 0.19272614
p 89 178 68.24393 -1.0918846
p 90 179 67.59323 1.0426903
p 91 180 66.93289 3.147541
p 90 181 66.27512 4.469261
p 89 182 65.62786 4.4367256
p 88 183 64.99632 -3.4924088
p 89 184 64.3707 8.702126
p 88 185 63.736916 6.071945
p 89 186 63.122765 2.0514374
p 88 187 62.507805 4.417755
p 89 188 61.898655 7.9571457
p 89 189 61.27366 4.914545
p 90 190 60.22453 -0.5918884
p 91 191 59.570724 -1.1745377
p 92 192 59.0237 0.5861912
p 93 193 58.332306 -0.02586174
p 94 192 57.6721 -0.34260368
p 95 193 57.329063 -0.0041923523
p 96 194 56.996387 -0.0028877258
p 97 195 56.686913 -0.10720444
p 98 196 56.347054 -0.048223495
p 99 197 55.960762 -0.12160301
p 100 198 55.57406 -0.31429482
p 101 199 55.395916 0.002325058
p 101 200 55.17908 -0.17880058
p 102 201 55.156723 0.15325356
p 102 202 54.45377 -0.051704407
p 103 203 54.24274 -0.27783012
p 103 204 54.065376 -0.028469086
p 102 205 53.861362 -0.11040497
p 101 206 53.607136 -0.055870056
p 102 207 53.52335 -0.10974884
p 103 208 53.489674 -0.04996109
p 104 209 53.364155 -0.103702545
p 104 210 53.364155 0.05863571
p 105 211 52.93238 -0.23814201
p 104 212 52.870953 -0.3332634
p 103 213 52.848137 0.28572273
p 102 214 52.73237 -0.00875473
p 102 215 52.540543 0.011007309
p 101 216 52.540543 -0.056768417

c 29 1.3442726
p 79 224 52.28021 -0.113796234
p 80 223 52.31033 -0.13114357
p 81 222 52.340755 -0.086107254
p 81 221 52.387447 -0.01530838
p 82 220 52.387447 -0.08466339
p 82 219 52.40841 -0.22129059
p 82 218 52.424793 -0.45337486
p 82 217 52.493385 -0.17851257
p 82 216 52.659706 -0.091869354
p 83 215 52.659706 0.0062770844
p 82 214 52.77382 -0.18884087
p 81 214 52.77382 0.026935577
p 81 213 52.838802 -0.13208771
p 81 212 52.93183 0.09370041
p 80 211 53.0131 -0.18303871
p 80 210 53.042263 -0.014461517
p 80 209 53.070557 -0.008295059
p 80 208 53.360786 -0.20674515
p 80 207 53.52575 -0.22333908
p 80 206 53.62448 0.053310394

c 30 2.9062843
p 82 32 52.349632 -0.022100449
p 83 32 52.349632 -0.27248764
p 84 32 52.359856 -0.3601551
p 85 33 52.380573 -0.040374756
p 85 34 52.43066 -0.2584648
p 85 35 52.5467 -0.13861656
p 85 36 52.5467 -0.24396896
p 86 37 52.566734 0.15353394
p 85 38 52.566734 -0.28453636
p 84 39 52.591785 0.022333145
p 84 40 52.766083 -0.09977341
p 83 41 52.823097 0.09163666
p 83 42 53.066246 -0.48690033
p 83 43 53.17614 -0.052625656
p 83 44 53.341732 -0.2114048
p 83 45 53.418022 -0.29498672
p 84 46 53.418022 -0.07102013
p 84 47 53.631298 -0.10959816
p 84 48 53.83766 0.06368637
p 84 49 54.126488 0.1265831
p 84 50 54.371418 -0.22331238
p 84 51 54.64882 -0.0072231293
p 83 52 54.826675 -0.24687576
p 82 53 55.23795 0.01666832
p 82 54 55.255917 -0.14965439

c 31 10.428116
p 87 105 89.88134 2.2022247
p 88 106 91.07264 1.9907036
p 89 107 91.51012 0.71390533
p 90 108 91.91526 0.41254044
p 91 109 92.46031 0.16136551
p 90 110 93.03442 -0.841465
p 91 111 93.69696 0.52898407
p 92 112 94.2744 0.29693985
p 93 113 94.81414 -0.28269577
p 94 114 95.35803 -0.3883438
p 95 115 95.885605 -0.28394318
p 96 116 96.46156 -1.0722809
p 97 117 97.17356 -1.6107826
p 96 118 98.13704 -2.4693413
p 95 119 98.9834 -0.5410423
p 96 120 99.74726 -1.222641
p 97 121 100.309456 -2.708908

c 32 6.317833
p 87 105 89.88134 -0.23978806
p 88 104 90.58902 0.10671997
p 89 105 91.18998 -1.3698959
p 90 106 91.58349 -0.004135132
p 91 107 91.91348 0.83649826
p 92 108 92.77493 0.08281708
p 93 109 93.274 0.9807167
p 94 110 93.66415 -0.4280014
p 95 111 94.20717 1.0345993
p 96 110 94.89973 -1.5572739
p 97 109 95.45621 -1.5044441
p 98 108 96.19917 -1.2779503

c 33 36.006165
p 90 43 52.97087 -0.13167
p 91 44 53.12166 -0.14753342
p 92 45 53.26853 -0.10310745
p 93 46 53.38508 -0.1679573
p 94 47 53.466755 -0.17466164
p 95 48 53.61447 0.10145378
p 94 49 53.76634 -0.30823898
p 93 50 54.289833 0.034036636
p 94 51 54.34972 -0.043560028
p 94 52 54.468292 -0.426054
p 93 53 54.85626 0.05577469
p 92 54 55.189953 -0.06247711
p 91 55 55.478745 -0.22789192
p 92 56 55.862217 0.17484474
p 92 57 56.172653 -0.089904785
p 92 58 56.616577 0.12029648
p 91 59 57.012035 -0.22134781
p 92 60 57.171303 -0.5760441
p 93 61 57.8638 -0.102939606
p 93 62 58.36949 -0.44545364
p 92 63 58.910034 1.9245968
p 93 64 59.467884 0.40692902
p 94 65 60.018795 -1.1425247
p 95 66 60.589645 0.21035194
p 94 67 61.276188 -0.28581238
p 95 68 62.24416 0.09893036
p 96 69 63.15805 1.7978325
p 97 70 63.951595 8.712025
p 98 71 64.745636 5.821636
p 99 72 65.73903 0.4033203
p 98 73 66.0011 4.3412857
p 97 74 66.54804 3.3636093
p 96 75 67.187164 0.4467392
p 95 76 67.79186 0.36507034
p 94 77 68.32755 -4.20002
p 95 78 68.83115 0.1776123
p 96 79 69.65625 3.167984
p 97 80 69.9154 7.713417
p 98 81 70.5042 -2.7807236
p 97 82 71.13409 9.3746605
p 98 83 71.76005 5.216419
p 99 84 72.390656 -1.6948547
p 100 83 73.02739 -3.483158
p 101 84 73.65885 -3.7740173
p 102 85 74.27904 -1.5026817
p 103 86 74.882576 -1.2811127
p 104 87 76.0139 3.145916
p 103 88 76.74093 2.6346855
p 102 89 77.44684 -4.66201
p 103 90 78.26252 -3.029255
p 104 91 79.00936 -2.9913788
p 103 92 79.579865 1.0186577
p 104 93 80.08551 -5.3292046
p 105 94 80.67016 -3.367813
p 106 95 81.84208 -1.1137924
p 105 96 82.48769 7.0550156
p 106 97 83.350296 2.9314995
p 107 98 84.587135 0.9655762
p 106 99 85.14504 -0.35261917
p 105 100 85.88867 -2.4716606
p 106 101 86.51329 -1.8378105
p 105 102 87.07747 -4.6665993
p 104 103 88.160416 -0.39076614
p 105 104 88.977036 -2.0191803

c 34 0.6692047
p 90 226 52.113438 0.019117355
p 91 225 52.1267 -0.26988602
p 92 225 52.20384 -0.04794693
p 93 224 52.273327 -0.16589165
p 93 223 52.323963 0.15924263
p 94 222 52.323963 -0.22174644
p 93 221 52.33153 0.0246315
p 93 220 52.335625 0.12523079
p 94 219 52.341248 -0.1645279
p 95 219 52.489937 0.21669579
p 96 218 52.489937 -0.22746468
p 96 217 52.496387 -0.29694366
p 95 216 52.545635 -0.042640686
p 94 215 52.66104 -0.12187576
p 93 214 52.743187 0.0073928833
p 93 213 52.782642 -0.13915062

c 35 11.317108
p 91 178 68.20729 1.3949699
p 92 177 68.809715 0.84230804
p 93 176 69.37817 1.3271866
p 94 175 70.05895 2.411869
p 95 174 70.83104 2.9544868
p 96 173 71.59427 0.37143707
p 97 172 72.3649 0.061141968
p 98 171 73.136696 0.9177666
p 99 170 74.32853 0.45419693
p 100 169 75.15246 0.6186676
p 99 168 75.86915 -2.2405968
p 98 167 76.602165 -3.6648064
p 97 166 77.37625 -3.1012993
p 96 165 78.15524 -4.197651
p 97 164 78.87685 2.5573807
p 96 163 79.5244 -0.4160843

c 36 42.338955
p 95 146 94.6948 -3.406536
p 96 147 93.94678 -4.238434
p 97 148 93.23005 -4.6208534
p 98 149 92.5779 -1.7048264
p 99 150 91.41487 -3.3708687
p 100 151 89.119286 -4.9786415
p 101 152 88.434586 -0.35048676
p 102 153 87.62373 -1.6080666
p 103 154 87.062355 -3.326065
p 104 155 86.28404 -0.17374802
p 105 156 85.69488 -0.7677498
p 106 157 85.09596 -1.5979424
p 105 158 84.30387 6.3790207
p 106 159 83.69143 3.1236076
p 107 160 83.13876 2.5250053
p 108 161 82.62576 3.003624
p 109 162 82.08249 0.90818787
p 110 163 81.44967 0.58361816
p 111 164 80.66336 3.1321106
p 112 165 79.6444 -2.397068
p 111 166 78.76919 4.798023
p 111 167 78.33763 4.550377
p 112 168 77.26538 0.35250473
p 112 169 76.83341 5.297863
p 113 170 76.2609 5.1003304
p 114 171 75.76137 4.8304977
p 115 172 75.1065 2.7747612
p 116 173 74.27538 0.803051
p 117 174 73.89131 1.229496
p 118 175 73.5057 4.824478
p 119 176 72.60289 4.5898666
p 120 177 71.76797 1.8422852
p 121 178 70.978424 0.29198074
p 122 179 69.88662 0.32901764
p 123 180 69.13997 -2.0846825
p 124 181 68.43493 1.0315666
p 123 182 67.69801 5.6531563
p 124 183 67.00102 5.344761
p 125 184 66.34166 2.6919594
p 126 185 65.52454 0.82969284
p 127 186 64.65828 -2.42836
p 128 187 63.734653 -5.873455
p 129 188 63.04557 -1.7320938
p 130 189 62.45869 1.3374596
p 131 190 61.875103 -1.6684971
p 132 191 61.29394 0.21495819
p 133 192 60.711857 5.0242043
p 134 193 60.1175 -0.14138031
p 135 194 59.516903 0.015727997
p 136 193 58.958458 -0.13086319
p 137 194 58.428516 -0.22793198
p 138 195 57.932827 -0.2931652
p 139 196 57.46365 -0.288723
p 140 197 57.010075 -0.27396202
p 141 198 56.591488 -0.24968338
p 142 199 56.153862 -0.28743744
p 143 200 55.76808 -0.18351555
p 144 201 55.439743 -0.118515015
p 145 202 55.129326 -0.040987015
p 146 203 54.886936 -0.16344833
p 147 204 54.69146 -0.27248383
p 147 205 54.211014 -0.32593727
p 148 206 53.897167 -0.25925636
p 149 207 53.775776 0.12679863
p 148 208 53.562016 -0.08477402
p 148 209 53.395306 -0.022287369
p 147 210 53.009773 -0.25182915
p 148 211 52.956406 -0.2740097
p 148 212 52.94498 -0.33537483
p 149 213 52.769955 0.004837036
p 149 214 52.708866 -0.16381073
p 149 215 52.708866 -0.042747498
p 150 216 52.568146 0.09160614
p 151 217 52.391277 -0.082847595
p 152 218 52.355846 -0.12742424
p 153 219 52.355846 -0.5757599

c 37 8.907581
p 104 208 53.418327 -0.051382065
p 105 207 53.660847 -0.06664467
p 105 206 53.818142 0.018920898
p 106 205 54.05916 -0.037996292
p 107 204 54.15735 -0.16629982
p 108 204 54.453094 0.048793793
p 109 203 54.72419 -0.09698486
p 110 202 54.77017 -0.37404633
p 111 201 55.048862 0.04240799
p 112 200 55.183067 -0.5383816
p 113 199 55.6614 0.1836319
p 113 198 56.053707 0.30568314
p 114 197 56.43643 0.017923355
p 115 196 56.462708 -0.3036003
p 115 195 56.8184 -0.12607956
p 116 194 57.01624 -0.14693642
p 115 193 57.439487 0.20132828
p 116 192 57.843243 5.3677273
p 117 191 58.42875 5.407135
p 118 190 58.953728 4.820509
p 117 189 59.897007 4.481655
p 117 188 60.87339 7.26577
p 117 187 61.21319 7.708149
p 116 186 61.565205 2.8301926
p 115 185 62.32591 4.8472443

c 38 2.5981178
p 107 41 52.792187 -0.12383461
p 108 42 52.83899 -0.07657623
p 109 43 52.98262 -0.16776848
p 110 43 52.98262 -0.12248993
p 111 44 53.121872 0.07746887
p 110 45 53.171097 0.07682419
p 111 46 53.22074 -0.37552834
p 112 47 53.428505 0.023118973
p 112 48 53.62502 0.021133423
p 111 49 53.86048 -0.0705452
p 111 50 54.00571 -0.013586044
p 112 51 54.116516 -0.13812447
p 113 52 54.30242 -0.22124481
p 112 53 54.538086 0.038009644
p 112 54 54.707623 -0.18231392
p 113 55 54.868225 0.11299133
p 113 56 54.937782 -0.050296783
p 114 57 55.307056 0.1456356
p 113 58 55.390305 -0.31931305

c 39 5.891552
p 113 25 51.94471 -0.1228981
p 114 25 51.94471 -0.02990532
p 115 25 51.980762 -0.030878067
p 116 26 51.980762 -0.31777
p 116 27 52.012478 -0.09335518
p 115 28 52.012478 -0.1977272
p 115 29 52.06763 0.031806946
p 115 30 52.06763 -0.1373024
p 116 31 52.10451 -0.037633896
p 116 32 52.21413 0.016525269
p 115 33 52.21413 0.005214691
p 116 34 52.26731 0.14660645
p 117 35 52.38393 -0.13345909
p 117 36 52.38393 -0.1050396
p 117 37 52.509644 -0.19228172
p 116 38 52.53109 -0.05235672
p 117 39 52.652367 -0.08489227
p 118 40 52.72392 -0.20600128
p 117 41 52.8638 0.05742073
p 118 42 53.073868 0.07476616
p 117 43 53.073868 0.101192474
p 117 44 53.151382 -0.092285156
p 118 45 53.403088 -0.124248505
p 118 46 53.41668 -0.18071747
p 117 47 53.54554 -0.038633347
p 117 48 53.647606 -0.22373581
p 116 49 53.73512 0.105270386
p 117 50 53.857372 -0.08455086
p 118 51 54.253006 -0.2779827
p 118 52 54.357563 -0.13653946
p 117 53 54.67742 -0.22626686
p 117 54 54.909958 -0.100860596
p 118 55 54.97543 -0.23459625
p 117 56 55.20952 0.14337158
p 118 57 55.366894 0.058605194
p 117 58 55.461784 -0.06768799
p 117 59 55.691982 -0.11090469
p 116 60 55.861618 -0.07127762
p 117 61 56.1078 -0.12487793
p 116 62 56.280262 2.4840927
p 117 63 56.431683 -0.30591965
p 118 63 56.57508 1.2611446
p 119 64 57.071568 -1.5287971
p 118 65 57.83626 0.9815426

c 40 30.630749
p 118 95 82.88116 4.7387123
p 119 94 81.617485 -0.4436531
p 120 93 80.92448 0.13906097
p 121 92 80.404854 2.0150414
p 122 91 79.838715 3.152382
p 123 90 79.01847 -1.8471451
p 124 89 78.376396 -3.5845032
p 125 88 78.17752 -0.12786484
p 124 87 77.39222 7.722828
p 125 86 76.965546 3.6012573
p 126 85 76.12206 -0.17940903
p 127 84 75.46795 -0.61958313
p 128 83 74.81942 2.127079
p 129 82 74.28244 -0.86800003
p 130 81 73.77969 -2.7050705
p 131 82 73.2488 0.6925888
p 132 81 72.61475 -1.1005554
p 133 80 71.946625 0.81012344
p 134 79 71.13884 0.14336395
p 135 78 70.51537 4.1210213
p 134 77 69.930626 4.0397797
p 135 76 69.37616 0.7187233
p 134 75 68.80779 4.560665
p 133 74 68.21192 0.06316376
p 134 73 67.60224 7.730797
p 135 72 66.979996 10.326462
p 136 71 66.357056 12.693947
p 137 70 65.74935 12.643608
p 138 69 65.133896 12.811565
p 139 68 64.47178 5.126484
p 140 67 63.804485 2.1447678
p 141 66 63.18595 -0.22716713
p 140 65 62.598503 0.7762108
p 139 64 62.03481 -0.12266159
p 140 63 61.484722 0.06355286
p 141 62 60.916958 -0.20410347
p 142 61 60.28264 0.017850876
p 143 60 59.747665 0.083013535
p 144 59 59.18171 -0.008161545
p 145 58 58.612198 -0.10351181
p 146 57 58.045273 -0.47029495
p 147 56 57.503323 -0.078308105
p 148 55 56.99168 -0.29738808
p 149 54 56.4259 -0.5173855
p 150 53 56.057804 -0.227211
p 151 52 55.585445 -0.19931602
p 152 51 55.107224 -0.16357231
p 153 50 54.552143 -0.40867996
p 154 49 54.298134 0.32247353
p 155 48 53.967525 -0.20125198
p 156 47 53.833984 0.07168579
p 157 46 53.567352 -0.41183662
p 158 45 53.35581 -0.068927765
p 159 44 53.188137 -0.1676979
p 158 43 53.057076 0.054878235
p 159 42 52.89333 -0.34448624
p 160 41 52.857857 -0.18402672
p 159 40 52.83884 0.07913399
p 160 39 52.683617 -0.019832611
p 160 38 52.683617 -0.028524399
p 159 37 52.598694 -0.18115807
p 159 36 52.45188 -0.27046013
p 159 35 52.415573 -0.24008751
p 159 34 52.37547 -0.29096603
p 159 33 52.37547 0.10131836
p 159 32 52.25041 -0.18468666
p 160 32 52.25041 -0.50089836

c 41 38.309444
p 120 143 101.94931 -0.7847748
p 121 144 101.295685 -2.4930649
p 122 145 100.81784 0.030246735
p 123 146 100.230446 1.5879936
p 124 147 99.12839 -1.2648087
p 124 148 97.63539 -4.9168587
p 125 149 94.59988 -6.378834
p 126 150 93.51503 3.66436
p 126 151 91.448715 0.3763275
p 125 152 90.42565 -3.8103638
p 124 153 89.539986 -7.6802254
p 123 154 88.684166 -4.4347954
p 122 153 87.950905 6.1711235
p 121 154 87.07963 -2.061226
p 120 155 86.68438 2.4159508
p 121 156 86.03848 -3.333847
p 122 157 85.34711 -0.15057755
p 123 158 84.6438 -0.14688873
p 122 159 83.96021 1.874588
p 123 160 83.29422 0.2661209
p 122 161 82.680756 1.4496613
p 121 162 82.082825 0.4644432
p 122 163 81.493324 -0.7557297
p 121 164 80.90106 0.33338165
p 122 165 80.31019 4.844864
p 121 166 79.74275 2.8218079
p 122 167 79.21409 3.1413689
p 123 168 78.7476 0.76815414
p 122 169 78.39726 3.1077194
p 123 170 78.11625 3.315342
p 124 171 77.86141 7.1102676
p 125 172 77.72222 0.4668312
p 124 173 77.60982 -0.48099136
p 125 174 73.78323 6.3246384
p 125 175 71.991684 1.8181152
p 126 176 71.575226 -2.3414803
p 127 177 71.06455 -3.2940712
p 128 178 70.520996 -0.5797157
p 129 179 69.949135 2.2835464
p 130 180 69.30803 3.0049477
p 131 181 68.517105 -2.4155006
p 130 182 67.58807 0.52539825
p 131 183 66.87467 1.5160904
p 130 184 66.2274 2.286808
p 131 185 65.48097 2.2577057
p 131 186 64.25522 4.589634
p 130 187 63.639866 3.6168213

c 42 18.22068
p 123 106 90.79927 -2.035038
p 124 105 89.82462 -9.189796
p 125 104 89.01022 -8.220131
p 126 103 88.28568 -9.489841
p 127 102 87.58766 -7.85635
p 128 101 86.81702 -7.6362267
p 127 100 86.05478 1.2384567
p 128 99 85.37261 -6.033436
p 129 98 84.723915 -4.8527336
p 130 97 84.13451 -3.0292282
p 131 98 83.55233 4.2699165
p 132 97 82.935814 2.3589096
p 133 96 82.29495 0.78848267
p 134 95 81.655495 -3.0442238
p 133 94 81.01537 -1.5075798
p 132 93 80.32733 -5.7376328
p 133 92 79.5849 -4.660282
p 134 91 78.86205 -4.9942245
p 135 90 78.17635 -4.8468323
p 136 89 77.46753 -3.2420807
p 137 88 76.804955 0.79244995
p 138 87 76.15699 5.6362534
p 137 86 75.52671 -0.28718948
p 138 85 74.92415 -3.4322014
p 137 84 74.352585 -2.2902527
p 136 83 73.76521 0.0046424866
p 135 82 73.147385 2.1059074
p 134 81 72.57859 1.1529732

c 43 15.102112
p 130 173 74.61993 0.21139145
p 131 173 74.61993 3.477642
p 131 172 74.885445 3.0845108
p 132 171 75.46076 2.3146973
p 133 170 76.322624 -1.622448
p 134 169 77.605995 -2.559166
p 134 168 78.1061 1.4954758
p 133 167 79.228325 -0.47839737
p 134 166 79.88889 2.259037
p 133 165 80.35982 -2.0844803
p 134 164 82.62013 3.2496338
p 134 163 82.97036 2.6980476
p 133 162 83.62542 1.5620651
p 134 161 85.601555 2.8943024
p 135 160 86.11564 2.5907402
p 136 159 86.82203 -4.096012
p 135 158 87.496284 -3.1896324
p 134 157 88.172104 -1.9509964
p 135 156 88.73284 1.9892235
p 134 155 89.203705 0.19332886
p 135 154 89.72204 -2.1686249

c 44 33.296173
p 132 185 64.920395 0.25097656
p 133 186 65.65096 -0.55298233
p 134 185 66.422386 -0.26205826
p 135 184 67.19419 1.8230629
p 136 183 67.93821 -0.5693283
p 137 182 68.64381 5.102112
p 138 183 69.31515 -0.34476852
p 139 184 69.96553 1.3079033
p 140 183 70.609024 -2.125229
p 141 182 71.25405 -1.2450676
p 142 181 71.9025 0.8692627
p 143 180 72.552475 4.397896
p 144 179 73.200745 7.8459625
p 145 178 73.90602 4.725437
p 146 177 74.59264 3.2058296
p 147 176 75.20446 2.2956238
p 148 175 75.79367 2.0878181
p 149 174 76.41229 -1.3399124
p 148 173 77.05603 -0.6851959
p 147 172 77.70162 -0.911602
p 148 171 78.293045 -2.886055
p 149 170 78.89902 0.2543869
p 150 169 79.5463 2.6406746
p 151 168 80.180824 3.471054
p 152 167 80.79454 2.7004166
p 153 166 81.40912 1.4055557
p 154 165 82.053024 0.8930397
p 155 164 82.73907 0.43829346
p 156 163 83.45667 -1.8341789
p 157 162 84.19339 -2.7502365
p 158 161 84.83571 -1.3496017
p 159 160 85.48077 -1.0446129
p 160 159 86.20205 -1.3680038
p 159 158 86.97982 -3.4407768
p 158 157 87.71977 -2.3653526
p 159 156 88.32382 -0.4334221
p 158 155 88.90747 -1.5818787
p 157 154 89.639534 -3.4327965
p 156 153 90.51094 -4.1979637
p 157 152 91.30898 3.3266106
p 156 151 92.04517 -5.3267784
p 155 150 92.74067 -6.0210533
p 154 149 97.448845 -2.093834
p 153 148 98.21657 -4.405319

c 45 17.113365
p 134 103 86.467155 -3.4793663
p 135 104 87.384636 -1.8869057
p 136 105 87.830414 -2.2658768
p 137 106 89.10552 -4.580456
p 138 107 89.18951 -6.830818
p 139 108 89.82524 -8.1909485
p 140 109 90.51858 -0.06572342
p 139 110 92.15516 -8.870247
p 138 111 93.25686 -10.122059
p 137 112 93.69666 -4.601528
p 138 113 94.756134 0.07344055
p 137 114 95.23734 -6.560589
p 136 115 103.58052 -0.7261734

c 46 0.8056984
p 137 23 51.745922 -0.14395905
p 137 24 51.745922 -0.14926529
p 138 25 51.824196 -0.13582993
p 138 26 52.01473 -0.05396843
p 139 27 52.029633 -0.23723221
p 139 28 52.060844 -0.03827858
p 139 29 52.07718 0.052070618
p 140 30 52.11789 -0.15733337
p 140 31 52.263435 -0.14158249
p 141 32 52.263435 -0.07416916
p 140 33 52.33401 -0.091602325
p 139 34 52.341087 -0.17544365
p 138 35 52.41864 0.010852814
p 139 36 52.4443 -0.0039138794
p 138 37 52.532772 -0.2023449
p 138 38 52.55162 -0.6079712

c 47 27.25309
p 141 68 64.50877 -1.3522034
p 142 69 65.14303 -0.3091507
p 143 70 65.71246 2.8091812
p 144 71 66.345276 -1.4036522
p 145 72 67.02667 2.4047089
p 144 73 67.55973 -2.7739983
p 143 74 68.21364 -2.2479744
p 142 75 68.788246 -0.72525406
p 141 76 69.35577 -0.8294029
p 142 77 69.99265 9.738861
p 141 78 70.69762 1.2934303
p 142 79 71.44953 6.0447464
p 141 80 72.203636 -0.65633774
p 142 81 72.920654 2.9817085
p 141 82 73.58815 -5.732586
p 142 83 74.21733 -3.9370842
p 143 84 74.82862 -1.8250275
p 144 85 75.43758 1.665371
p 145 86 76.327576 0.50152206
p 146 87 76.748634 1.0967789
p 147 88 77.399 1.3827286
p 146 89 78.05505 -0.8482208
p 145 90 79.06026 0.72441864
p 146 91 79.64469 -3.9389534
p 147 92 80.303474 -5.118538
p 148 93 80.98776 -3.8430977
p 149 94 81.81649 -2.157978
p 150 95 82.57647 -0.30653763
p 151 96 83.08355 -2.3170242
p 152 97 84.04104 -2.2468643
p 151 98 85.3755 -2.9194412
p 152 99 86.67478 -5.638973
p 153 100 87.46498 -3.8560982
p 154 101 88.47318 -4.2083855
p 155 102 89.605576 -6.1826057
p 156 103 90.70473 -2.2941551
p 155 104 91.76186 -3.7848282

c 48 22.661053
p 155 187 61.812233 1.9752102
p 156 188 61.083477 5.020527
p 156 189 60.425354 2.185234
p 157 190 57.631115 -2.0040207
p 158 191 57.057358 -3.0822563
p 159 192 56.534725 0.14464188
p 159 193 56.119343 -0.052574158
p 160 194 56.104897 -0.066560745
p 159 195 56.019817 0.13798141
p 159 196 55.58423 -0.1436367
p 158 197 55.284756 0.008831024
p 157 198 54.97196 0.003490448
p 158 199 54.69063 -0.038578033
p 159 200 54.44127 0.0038890839
p 160 201 54.230804 -0.098386765
p 161 201 54.002087 -0.42513466
p 162 202 53.992508 0.13422775
p 161 203 53.824562 -0.29067612
p 160 203 53.76777 -0.18160248
p 159 203 53.689453 0.04005432
p 159 204 53.689453 -0.014072418
p 159 205 53.572357 -0.43748474
p 159 206 53.492508 0.10856819
p 160 207 53.43875 -0.18579102
p 160 208 53.25501 -0.11169052
p 161 209 53.103966 -0.26328278
p 161 210 52.979706 -0.14112282
p 160 211 52.884586 0.008321762
p 160 212 52.836063 -0.22324371
p 160 213 52.733646 -0.2054882
p 161 213 52.733646 -0.2672348
p 162 214 52.577103 -0.030376434
p 162 215 52.577103 0.035438538
p 163 216 52.478626 -0.067424774
p 164 217 52.334297 -0.06688118
p 163 218 52.205776 -0.16400528
p 162 219 52.181496 -0.11924553
p 163 220 52.180912 -0.21107864
p 164 220 52.180912 -0.04002571
p 165 219 52.224148 0.023521423
p 166 218 52.342762 0.035339355
p 167 217 52.38928 -0.09873772
p 167 216 52.41372 -0.08135414
p 168 215 52.532745 -0.0334301
p 168 214 52.66348 -0.03731346
p 169 213 52.726437 -0.48150444
p 169 212 52.77043 -0.43570137
p 170 211 52.887157 -0.21907043
p 170 210 52.999847 -0.22162056
p 169 209 53.1129 -0.35877228
p 169 208 53.11993 0.0911808
p 170 207 53.367893 -0.22064018
p 170 206 53.584885 0.27982712
p 171 205 53.675644 -0.43514252
p 172 204 53.945328 -0.08211708
p 173 203 54.245647 -0.30384827
p 173 202 54.425068 6.504059E-4
p 174 201 54.575184 0.1428318
p 173 200 54.76194 -0.13845253
p 172 199 55.03609 0.056524277
p 172 198 55.55407 0.29115105
p 173 197 55.819424 -0.26345253
p 174 196 56.329617 0.08475113
p 173 195 56.558434 -0.061691284
p 173 194 57.095768 -0.45560646
p 174 193 57.55544 -0.26579094
p 173 192 58.093933 2.751461
p 174 191 58.613857 4.3705826
p 175 190 59.20031 2.6528587
p 176 189 59.79089 -2.6771412
p 175 188 60.375732 -3.72089
p 174 187 60.959705 -3.9233284
p 173 186 61.54321 -1.6102905
p 174 185 62.43858 2.340685
p 175 184 62.66582 3.2719498
p 176 183 63.53745 5.2884674
p 177 182 63.855087 -1.8601913
p 176 181 64.57971 5.6757355
p 177 180 65.26714 4.2377434
p 178 179 65.886246 1.7352257
p 179 178 66.542656 -0.31472397
p 178 177 67.35307 -4.0693016
p 177 176 68.31953 -9.507454
p 176 175 69.18927 -9.447884
p 175 174 70.5913 -3.530632
p 176 173 72.01721 6.1498146
p 175 172 73.068985 0.083717346
p 176 171 74.841965 -1.6598129

c 49 11.545654
p 158 71 63.76725 -4.330044
p 159 70 62.637493 -1.5194473
p 160 69 61.942566 -0.06848526
p 161 68 61.190125 11.853718
p 161 67 60.768337 9.405159
p 161 66 60.709503 0.69617844
p 162 65 58.242146 -0.3772564
p 163 64 57.724834 -0.2657051
p 164 63 57.288174 1.3057823
p 165 62 56.959908 0.02466774
p 164 61 56.65507 0.051973343
p 165 60 56.31323 0.009859085
p 166 59 55.984272 -0.3659687
p 167 58 55.753494 -0.18521309
p 168 57 55.530304 -0.012489319
p 167 56 55.24439 -0.21715736
p 166 55 54.959614 -0.023090363
p 165 54 54.75515 -0.14391899
p 165 53 54.59193 -0.12157822
p 165 52 54.492523 -0.038244247
p 166 51 54.312412 -0.016952515
p 167 50 54.124187 0.053310394
p 167 49 54.081226 -0.08498955
p 166 48 53.823345 -0.06709862
p 167 47 53.400646 0.091501236
p 167 46 53.310055 -0.0046482086
p 166 45 53.310055 0.007566452
p 166 44 53.262596 -0.101932526
p 167 43 53.13815 -0.431221
p 168 43 53.222466 -0.03753853
p 169 42 52.89315 -0.28149605
p 170 41 52.89315 0.1893959
p 169 40 52.757496 -0.18242836
p 170 39 52.728252 -0.16757011
p 170 38 52.595963 -0.1689415
p 169 37 52.595963 0.12565422
p 170 36 52.568836 -0.033651352
p 170 35 52.401154 -0.22705078
p 169 34 52.401154 -0.111831665
p 170 33 52.302 -0.08364487
p 170 32 52.221596 -0.15044594
p 169 31 52.221596 -0.120191574

c 50 13.326904
p 159 154 89.593094 -7.117546
p 160 153 90.52175 -8.074799
p 161 152 91.5307 -5.414608
p 162 151 92.43676 -1.8264389
p 161 150 93.310814 0.29061127
p 162 149 95.71801 0.42658615
p 161 148 96.46274 -5.097496
p 160 147 97.46927 -2.6597672
p 161 146 100.60052 0.61037827
p 161 145 101.68655 -2.248581
p 162 144 102.92 -1.2081909

c 51 32.99399
p 167 95 85.29981 -2.1061249
p 168 94 83.506226 -4.866989
p 169 93 82.66851 -1.0620232
p 170 92 81.80184 0.7414551
p 171 91 81.023636 -0.91731644
p 172 90 80.49578 -1.7950058
p 173 89 79.82075 -0.16391373
p 174 88 78.92824 0.2139473
p 175 87 77.66587 0.34598923
p 176 86 77.06659 0.32073593
p 177 85 76.41182 -1.7505798
p 178 84 75.716 -5.16
p 179 83 74.98142 -8.579235
p 180 82 74.19875 -7.7157707
p 181 81 73.49563 -6.5954895
p 182 80 72.844864 -4.0270042
p 183 79 72.2307 1.0411224
p 184 78 71.631294 1.1515694
p 185 77 71.01576 3.538105
p 186 76 70.37231 0.058677673
p 187 75 69.689735 -3.699009
p 188 74 68.98122 1.4179306
p 189 75 68.28144 7.435581
p 190 74 67.614746 5.4456253
p 191 73 66.96875 4.0379105
p 192 72 66.32082 7.958454
p 193 71 65.68066 3.6622238
p 194 70 65.05754 0.51454926
p 195 69 64.45217 2.8326454
p 194 68 63.84127 -3.2696495
p 195 67 63.226254 2.9691467
p 194 66 62.620544 1.8134117
p 193 65 62.04353 0.8287716
p 192 64 61.49101 -0.27257538
p 192 63 60.778046 -0.19067383
p 193 62 60.39654 -0.20222664
p 192 61 59.869995 -0.24668884
p 192 60 59.50951 -0.38763237
p 193 59 58.539856 0.074827194
p 193 58 58.189026 0.11073303
p 192 57 57.87072 -0.20886993
p 192 56 57.17351 -0.07775307
p 192 55 56.67597 0.0970211
p 192 54 56.288353 -0.23708725
p 191 53 56.05985 -0.16514206
p 191 52 55.448875 -0.35769463
p 192 51 55.084797 0.074487686
p 191 50 54.700405 -0.21290016
p 192 49 54.47934 -0.0072307587
p 192 48 54.125725 -0.3743286
p 192 47 53.96465 -0.3194561
p 192 46 53.72469 0.025909424
p 191 45 53.46516 -0.2817669
p 190 44 53.209892 -0.16794968
p 189 43 53.03312 -0.04380226
p 190 42 52.94664 -0.019306183
p 191 41 52.878437 -0.2513733
p 191 40 52.74904 -0.15629959
p 191 39 52.649124 -0.089595795
p 192 38 52.496532 0.022884369
p 191 37 52.464993 0.1008873
p 190 36 52.33193 -0.50834465
p 189 36 52.30582 -0.017681122
p 188 36 52.30582 0.24763298

c 52 34.174866
p 168 111 99.2213 -2.824463
p 169 110 97.42591 -3.3027
p 170 109 96.30145 -0.2423439
p 171 110 94.776726 1.0556908
p 172 109 93.78593 -1.0745583
p 173 108 93.04128 -3.4615555
p 174 107 92.20382 -2.5567665
p 175 106 91.38039 0.70531845
p 176 105 90.640335 0.27334595
p 177 104 89.90921 -1.1822433
p 178 103 89.1697 0.49750137
p 179 102 88.399574 -1.6239967
p 180 101 87.60692 2.0219994
p 179 100 86.781525 4.630085
p 180 99 86.03342 2.3781395
p 181 98 85.26298 -1.1663094
p 182 97 84.498146 0.313591
p 181 96 83.83427 4.0846634
p 182 95 83.09903 3.469017
p 183 94 82.150665 -1.1918831
p 184 93 81.39541 -0.028877258
p 185 92 80.60159 3.2311134
p 186 91 79.8065 1.2629547
p 187 90 79.07942 4.3448143
p 188 89 78.4716 2.9479866
p 189 88 77.93635 2.229786
p 190 87 77.46499 0.5259018
p 191 86 76.94992 5.833538
p 192 85 76.17632 8.7195015
p 193 84 75.15429 5.8529015
p 194 83 74.36272 0.28974915
p 193 82 73.47827 2.9789772
p 194 81 72.68189 7.392727
p 194 80 72.607765 7.1613655
p 195 79 70.81936 -1.1780663
p 194 78 70.18433 0.03736496
p 195 77 69.30551 -1.48843
p 196 76 68.651306 -2.4339027
p 197 75 68.06593 -2.535366
p 198 74 67.556984 -1.2652321
p 199 73 66.794304 4.037403
p 198 72 66.20916 1.1533775
p 197 71 65.62783 -1.4386635
p 196 70 65.04643 -0.02689743

c 53 4.9573708
p 171 49 53.912525 -0.090330124
p 172 50 54.15884 -0.22138786
p 173 51 54.576653 -0.37302208
p 173 52 54.70735 -0.1385746
p 174 53 55.00717 -0.041887283
p 174 54 55.078743 0.022096634
p 175 55 55.28847 0.1607151
p 176 56 55.31721 -0.22263908
p 176 57 55.479755 -0.122486115
p 176 58 55.800907 -0.09539223
p 177 59 56.155357 -0.06759453
p 178 60 56.182888 -0.21076393
p 177 61 56.48704 0.4261837
p 178 62 56.63023 1.8556824
p 179 63 56.722008 2.869934
p 180 63 56.827564 2.3572674
p 181 63 56.827564 5.296217
p 182 63 57.08461 3.9732018
p 183 63 57.25606 3.4979668
p 184 63 57.862934 3.4303875
p 185 64 57.90803 -8.116743
p 186 63 58.406807 3.3591518
p 187 63 58.869896 1.9963112

c 54 2.0319405
p 172 213 52.720646 0.121974945
p 172 214 52.720646 -0.20545769
p 173 213 52.73168 -0.13653564
p 174 213 52.75108 -0.18720436
p 175 213 52.75108 -0.10002136
p 176 212 52.857426 -0.025548935
p 176 211 53.020164 0.18507004
p 177 210 53.03216 0.04990387
p 178 209 53.347687 0.09793854
p 179 208 53.4266 -0.1683178
p 178 207 53.48403 -0.32199478
p 177 207 53.493668 -0.38694
p 176 206 53.538506 0.05875206
p 177 205 53.929703 0.008682251
p 178 204 54.25447 0.07715607
p 179 203 54.57803 -0.18426514
p 179 202 54.752586 -0.16509247

c 55 51.21344
p 182 145 103.839806 -0.38675308
p 183 146 102.22645 0.18658447
p 182 147 101.3938 -1.6018219
p 183 148 100.44822 1.6190033
p 182 149 99.40938 -0.31659317
p 183 150 98.386 1.7030945
p 182 151 96.98094 3.416378
p 183 152 95.47706 -0.43011856
p 182 153 93.47488 -2.0424423
p 183 154 91.90949 -4.3016396
p 184 155 89.93065 -7.7170105
p 185 156 87.652985 -6.7029686
p 186 157 85.17757 -4.484005
p 185 158 83.4763 -5.4677544
p 186 159 82.56476 0.29193878
p 185 160 81.82677 -5.912075
p 184 161 80.92208 -3.8254128
p 185 162 80.20779 -4.790352
p 186 163 79.54618 -4.3667755
p 185 164 78.8368 3.4292946
p 186 165 78.06785 -1.7184944
p 187 166 77.41945 -2.5509071
p 186 167 76.749245 -0.26633072
p 187 168 76.06014 0.8781433
p 186 169 75.40233 -0.61673355
p 185 170 74.81519 -2.8538132
p 184 171 74.270996 4.8151627
p 185 172 73.61576 1.9875069
p 186 173 72.66633 1.688034
p 187 174 71.96794 4.252804
p 186 175 71.06507 3.7884865
p 187 176 70.34246 9.292984
p 188 177 69.65126 6.7913437
p 189 178 68.99922 1.1085091
p 190 179 68.35226 -1.2806625
p 189 180 67.71584 10.68766
p 190 181 67.113945 -0.6571808
p 189 182 66.55987 0.11771011
p 190 183 65.92675 4.1043434
p 191 184 65.13892 6.2116165
p 192 185 64.49749 6.862194
p 193 186 63.86527 2.0175362
p 194 187 63.221264 -1.0053978
p 195 188 62.561855 -2.0589561
p 196 189 61.932926 -0.14745712
p 197 190 61.337074 -1.1358814
p 198 191 60.760708 0.030267715
p 197 192 60.169106 0.008497238
p 196 193 59.60435 -0.29439735
p 195 194 59.063763 -0.17302704
p 194 195 58.544933 0.027597427
p 193 196 58.01155 -0.40195274
p 193 197 57.50968 -0.03903961
p 193 198 57.01199 -0.11380386
p 194 199 56.52725 0.01640129
p 195 200 56.07098 -0.073387146
p 196 201 55.6441 -0.041799545
p 195 202 55.416794 0.036973953
p 194 203 55.042477 -0.32159805
p 194 204 54.600327 -0.5635185
p 193 205 54.378605 -0.29781532
p 192 206 54.00555 -0.0068092346
p 191 207 53.719006 -0.015295029
p 192 208 53.526443 -0.0375309
p 193 209 53.47104 7.572174E-4
p 193 210 53.2893 -0.44050407
p 192 211 53.14347 -0.11012459
p 193 212 52.98421 -0.0021686554
p 192 213 52.920006 -0.07516289
p 191 214 52.75147 -0.123586655
p 191 215 52.71056 -0.1608448
p 191 216 52.626366 -0.11502838
p 190 217 52.626366 0.035032272

c 56 28.721535
p 184 114 96.10476 -4.539551
p 185 113 95.20813 -3.4956741
p 186 112 93.86993 -5.6199226
p 187 111 92.95151 -6.5025406
p 188 110 92.50862 -9.730923
p 189 109 91.705826 -3.561451
p 190 110 90.92746 7.131443
p 191 109 90.33208 -4.409977
p 192 108 89.7648 -1.9033699
p 193 107 89.279854 -1.1692314
p 194 106 88.83751 -1.6011772
p 195 105 88.22832 -0.66758347
p 194 104 87.446304 0.058704376
p 195 103 86.84321 1.9336205
p 194 102 86.331795 1.831707
p 195 101 85.837555 2.6535301
p 196 100 85.361786 1.3773499
p 195 99 84.82764 1.7721481
p 196 98 84.14272 4.4720917
p 197 97 83.36825 0.8540306
p 196 96 82.68367 2.6406898
p 197 95 81.945206 2.522419
p 198 94 80.80064 -2.9282417
p 199 93 79.84875 -2.4592323
p 200 92 79.03948 -1.4698257
p 201 91 78.45082 2.761303
p 200 90 77.82971 0.54691696
p 199 89 77.13946 -0.714756
p 200 88 76.44076 7.626652
p 199 87 75.84464 6.8382034
p 198 86 75.33865 1.0604782
p 199 85 74.72252 -0.1224556
p 198 84 74.01235 -0.45631027
p 199 83 73.307365 -0.49549866
p 200 82 72.51472 -3.3307114
p 199 81 71.88358 0.96751785
p 200 80 71.21961 1.7066193
p 201 79 70.55022 0.44121552
p 202 78 69.91049 -2.0171318
p 203 77 69.2454 -0.031612396
p 202 76 68.598785 1.1987419
p 201 75 67.98028 5.337044
p 200 74 67.383224 4.8088417

c 57 23.060722
p 189 154 86.19046 -6.6602364
p 190 155 85.3881 -9.456482
p 191 156 84.75671 -8.900375
p 192 157 83.869865 -6.771141
p 193 158 82.46955 -5.01828
p 194 159 81.30882 -8.397205
p 195 160 80.500046 -6.269226
p 196 161 79.74094 -6.2117767
p 195 162 79.069824 -4.544964
p 194 163 78.41767 -2.152111
p 195 164 78.07097 -0.44179535
p 194 165 77.61651 -5.304943
p 193 166 76.52852 -2.9505463
p 192 167 76.25951 -1.8746643
p 193 168 75.01348 -3.8976784
p 194 169 74.38626 -4.197315
p 195 170 73.70297 -0.72354126
p 194 171 72.94114 -1.6399193
p 195 172 72.62395 0.39692688
p 194 173 71.80011 -2.9960175
p 193 174 71.08761 -5.9729233
p 194 175 70.38608 -2.8941956
p 195 176 69.798965 -1.5849037
p 196 177 69.23879 0.56591415
p 197 178 68.67085 5.131157
p 198 179 68.01687 -3.2773628
p 197 180 67.23423 0.12300491
p 198 181 66.59504 -0.049900055
p 199 182 65.96933 7.5111237
p 200 183 65.36173 -5.749729
p 199 184 64.775536 2.1847572
p 198 185 64.20689 3.134407
p 197 186 63.65892 0.9779663
p 196 187 63.129738 0.45880508

c 58 17.262527
p 198 113 96.390366 -2.0029602
p 199 112 95.58112 -3.069725
p 200 111 94.86709 -0.2766037
p 201 110 94.18988 -2.8261757
p 202 109 93.51935 -3.224186
p 203 108 92.86783 -4.490486
p 204 107 92.33384 -1.7420235
p 205 106 91.75424 -1.2671547
p 206 105 90.83279 1.1271744
p 205 104 90.10575 0.6660042
p 204 103 89.46805 -3.7952766
p 205 102 88.84344 4.604561
p 205 101 87.778694 -0.33820724
p 204 100 87.37301 -1.4943924
p 203 99 86.603134 -1.1518059
p 202 98 85.687675 1.8193741
p 203 97 84.76007 -2.1915932
p 202 96 83.754166 -0.31703186
p 203 95 82.76259 -1.1554604
p 204 94 81.74363 1.2551994
p 203 93 80.215225 0.9972496
p 202 92 79.12784 -0.7410927

c 59 26.560524
p 203 162 79.56813 -4.2903023
p 204 163 78.841644 -0.7288208
p 203 164 77.99374 1.3361092
p 204 165 77.568146 2.9777107
p 203 166 76.57567 -2.112854
p 204 167 75.87841 -2.6802216
p 205 168 75.26915 -0.3913231
p 204 169 74.108826 1.5020981
p 205 170 73.57082 0.53985596
p 206 171 72.68597 -1.9260178
p 205 172 72.109566 2.5202599
p 206 173 71.505104 0.8324852
p 207 174 70.943115 0.9002228
p 208 175 70.34488 -0.72613907
p 209 176 69.72432 -1.0078735
p 210 177 69.01855 -5.38496
p 211 178 68.25252 -2.5736275
p 212 179 67.501274 0.7441635
p 213 180 66.86374 1.1710281
p 212 181 66.22572 6.15036
p 211 182 65.58274 8.382462
p 210 183 64.94483 0.21784592
p 211 184 64.321754 3.0132866
p 210 185 63.70972 5.659607
p 209 186 63.099976 3.844345
p 208 187 62.49186 0.7652588
p 207 188 61.8905 1.753315
p 206 189 61.29978 0.5600109
p 205 190 60.720974 -0.10621071
p 206 191 60.153564 2.322361
p 207 192 59.597 7.020756
p 208 193 59.04916 3.4944515
p 209 194 58.50911 -0.03017807
p 210 195 57.988186 0.07549667
p 211 196 57.471943 -0.10114288
p 212 197 56.939503 0.0032577515
p 211 198 56.47552 -0.29736137
p 212 199 56.149445 -0.2611599
p 213 200 55.749306 -0.17077637
p 214 201 55.40283 -0.08088684
p 213 202 54.958893 -0.4234085
p 213 203 54.631042 -0.049955368
p 213 204 54.3788 -0.2550316
p 212 205 54.275448 -0.027633667
p 211 206 54.00112 0.21632576
p 211 207 53.776413 -0.070726395
p 211 208 53.56173 -0.080718994
p 210 209 53.479027 -0.27742767
p 209 210 53.263344 -0.07663345
p 208 210 53.263344 -0.30065727
p 207 211 53.090336 -0.17435646
p 207 212 53.007607 -0.30514908
p 206 212 53.007607 -0.42834663

c 60 27.332825
p 204 76 69.81723 1.2050858
p 205 77 70.51517 -2.3999443
p 206 78 71.21958 -3.1615105
p 207 79 71.992195 0.5344925
p 208 80 72.325356 -1.710495
p 209 81 73.17836 -2.512497
p 210 82 73.82431 1.8637085
p 211 83 76.2686 2.9442215
p 211 84 76.671234 2.433052
p 212 85 78.34227 1.855175
p 213 86 80.30539 -0.7719307
p 212 87 80.83387 2.8231316
p 213 88 81.61147 5.084259
p 214 89 82.34507 3.3782349
p 215 90 83.005775 -0.047531128
p 216 91 83.63438 -0.55093765
p 215 92 84.22071 -1.5653114
p 214 93 84.77985 1.2543335
p 213 94 85.339195 -0.5335541
p 214 95 85.794655 -0.24666977
p 215 96 86.6665 -1.9963493
p 216 97 87.26789 0.36261368
p 215 98 88.07327 -1.2377968
p 214 99 88.94814 -1.2253418
p 213 100 89.86755 2.3050919
p 212 101 90.6218 0.5396538
p 213 102 91.503265 -0.561615
p 212 103 92.06539 0.53344727
p 213 104 92.68225 0.034934998
p 214 105 93.29693 1.2389069
p 215 106 93.99032 0.595829
p 216 107 94.7034 0.6128502
p 217 108 95.36756 -0.3372879
p 218 109 95.95845 -0.8288002
p 219 110 96.54086 -0.54899216
p 220 111 97.150055 -1.4521866

c 61 9.031105
p 205 103 89.75591 5.6683464
p 206 104 90.41212 -0.08195877
p 207 105 90.784515 -2.7614021
p 208 106 91.44686 -5.070179
p 209 107 92.07797 -4.244972
p 210 108 92.72884 -4.317173
p 211 109 93.339645 -5.3098564
p 212 110 93.80727 -4.755131
p 213 111 94.879944 -5.4151726
p 214 112 95.662056 -0.35398102
p 213 113 96.77268 -2.7307396
p 212 114 97.54663 -0.078769684
p 213 115 98.78702 -2.739109

c 62 4.5438957
p 210 62 56.644993 0.19202042
p 211 61 56.406418 -0.19260597
p 212 60 56.135025 0.13490677
p 213 59 55.780186 -0.046188354
p 214 58 55.553833 -0.48330307
p 215 57 55.30689 0.021482468
p 214 56 55.07422 -0.043045044
p 215 55 54.988155 0.07475853
p 216 54 54.720985 -0.011760712
p 217 53 54.575985 -0.008319855
p 218 54 54.449577 -0.093709946
p 219 53 54.44551 -0.053934097
p 220 52 54.37189 -0.33290672
p 220 51 53.9954 -0.45033073
p 219 50 53.932335 0.2529297
p 220 49 53.7812 0.15162468
p 219 48 53.640915 0.07108879
p 218 47 53.553608 -0.06636238
p 218 46 53.341457 0.01789856
p 218 45 53.24721 0.053201675
p 219 44 52.951687 -0.15442657
p 218 43 52.885166 -0.108940125
p 217 42 52.853977 -0.19520187
p 217 41 52.744236 -0.15392685
p 218 40 52.69029 -0.25478363
p 219 39 52.56747 -0.19420052
p 219 38 52.47822 -0.3397827
p 220 37 52.47822 -0.06895447
p 219 36 52.464436 -0.08085632
p 219 35 52.39186 -0.21688652
p 218 34 52.311447 -0.33698273
p 218 33 52.30001 -0.12064552
p 217 32 52.24697 -0.1210556
p 216 31 52.101097 -0.08963394
p 216 32 52.101097 -0.025865555

c 63 10.341949
p 213 87 81.01895 2.4215279
p 214 88 82.1432 3.2816658
p 215 89 82.724396 2.0578651
p 216 90 83.28482 1.6246109
p 217 91 84.07184 1.2516556
p 218 92 84.78972 -0.011749268
p 219 93 85.43034 0.57847214
p 220 94 86.32181 1.1544342
p 221 95 86.9491 0.94276047
p 222 96 88.657646 1.2007141
p 222 97 89.05526 3.236805
p 223 98 89.51175 0.909565
p 223 99 90.171135 -1.0032272
p 224 100 91.3609 1.2335091

c 64 41.474945
p 215 158 93.71292 0.48485184
p 216 159 93.190186 0.8884964
p 217 160 92.702965 3.3596802
p 218 161 92.15809 2.3919716
p 219 162 91.44079 2.1960907
p 220 163 90.626434 1.2763519
p 221 164 89.92906 1.7960396
p 221 165 89.40375 -0.35608292
p 222 166 87.5293 -0.7780075
p 223 167 86.826126 0.24927902
p 224 168 86.13717 -1.5385361
p 223 169 85.34815 0.101177216
p 224 170 84.51145 0.4739113
p 225 171 83.75342 2.9810143
p 226 172 83.04982 2.175766
p 227 173 82.485176 -0.7780609
p 228 172 82.02557 -2.4345932
p 229 173 81.33159 -0.9744415
p 230 174 80.67021 2.093956
p 231 175 79.95323 -0.4098091
p 232 176 79.22889 -4.120331
p 233 177 78.48127 -2.874115
p 234 178 77.73212 -1.4413681
p 235 177 77.091606 -1.8008881
p 236 176 76.62756 -3.056427
p 237 177 76.069374 -0.21217728
p 238 176 75.414375 7.9574547
p 239 177 74.808 3.750721
p 240 178 74.10914 -0.016338348
p 241 177 73.53296 -5.335308
p 242 178 72.93722 -6.0465355
p 243 179 72.27542 -1.9438553
p 244 180 71.580215 0.2692337
p 245 181 70.882416 3.611721
p 246 180 70.22104 -0.2907791
p 247 179 69.57799 -2.3139915
p 248 180 68.931404 -4.008934
p 249 181 68.2779 4.866867
p 250 182 67.73473 3.8292122
p 251 183 67.27127 5.412918
p 252 184 66.71385 10.213203
p 253 185 66.018845 12.342842
p 254 186 65.33555 0.011711121
p 253 187 64.74531 8.309696
p 254 188 64.154686 4.606056
p 253 189 63.565254 13.043312
p 252 190 62.981483 -1.1212292
p 251 191 62.410976 1.4127235
p 250 192 61.846767 6.644228
p 249 193 61.273563 0.84477234
p 248 194 60.679127 -0.15297318
p 247 195 60.138714 -0.12094498
p 246 196 59.591312 -0.09172249
p 245 197 58.99334 -0.16905212
p 244 198 58.472908 -0.1648674
p 243 199 57.96412 0.1760273
p 242 200 57.456394 -0.1012249
p 241 201 56.99487 0.061382294
p 240 202 56.561333 -0.08101082
p 239 203 56.109367 -0.25871277
p 238 204 55.649845 -0.3999653
p 237 205 55.182728 -0.2150917
p 236 206 54.77266 -0.1641407
p 235 207 54.428993 -0.16654205
p 234 208 54.171627 0.16041565
p 235 209 53.88219 -0.016965866
p 234 210 53.681316 -0.37238503
p 234 211 53.491135 -0.4043808
p 233 212 53.3033 0.04950905
p 232 213 53.019882 -0.0022907257
p 232 214 52.962833 -0.0012607574
p 233 215 52.909756 -0.28628922
p 232 216 52.757797 0.03911209
p 232 217 52.7492 -0.2773533
p 233 218 52.685776 0.07627487
p 233 219 52.685776 -0.013607025
p 232 220 52.66987 -0.033390045
p 231 221 52.49751 0.3374443
p 230 222 52.374878 -0.040346146
p 229 223 52.255283 -0.01818657
p 230 224 52.237976 0.11594391
p 230 225 52.237976 -0.32472038

c 65 6.3565636
p 216 216 52.652176 -0.011343002
p 217 215 52.652176 -0.10529518
p 218 214 52.740227 -0.06449127
p 219 213 52.880615 -0.005672455
p 219 212 53.085327 -0.11520195
p 219 211 53.185894 -0.21036339
p 220 210 53.336113 0.032535553
p 221 209 53.512306 -0.07056618
p 222 208 53.766544 -0.18616867
p 222 207 53.786938 -0.37353325
p 221 206 53.993275 0.11786461
p 222 205 54.15688 -0.25633812
p 223 204 54.329372 -0.08499336
p 222 203 54.429443 -0.17121315
p 223 202 54.812443 -0.09805107
p 223 201 54.87403 -0.17126274
p 224 200 55.05764 -0.23941994
p 225 199 55.291405 0.041086197
p 224 198 55.453243 -0.046518326
p 225 197 55.526833 -0.2195282
p 224 196 55.833088 -0.10175133
p 223 195 56.178024 -0.2905445
p 223 194 56.22194 -0.6177807
p 222 193 56.479374 1.2567978
p 221 192 57.03877 5.7207413
p 220 191 57.560226 3.690611
p 221 190 58.05644 -0.77763367
p 220 189 58.44064 -3.1215496
p 219 188 59.00874 -2.8203316

c 66 24.483437
p 221 148 94.69386 -1.0629883
p 222 147 93.82519 0.62117386
p 223 148 93.005035 0.6124649
p 224 149 92.21549 0.76787186
p 225 150 91.42914 2.7217712
p 226 151 90.83702 1.4842911
p 227 152 90.33939 2.227253
p 228 153 88.87207 2.7349014
p 229 154 88.303345 0.8711014
p 229 155 87.72211 3.756443
p 230 156 87.029816 1.814373
p 231 157 86.48791 0.54797363
p 232 158 85.84094 2.402256
p 233 159 85.16746 1.7211685
p 234 160 84.395485 0.027378082
p 235 161 83.59989 -0.06153488
p 236 162 82.65172 0.6605568
p 237 163 81.66135 1.4240265
p 238 164 80.7841 2.9554062
p 239 165 79.44067 0.6358452
p 240 166 78.158394 -0.7682991
p 241 167 77.25775 0.88386154
p 242 168 76.60046 -2.6238556
p 243 169 75.95875 -1.1758614
p 244 170 75.353806 -3.3522568
p 243 171 74.7206 3.3430023
p 244 172 74.11794 -0.48272324
p 245 173 73.49285 3.154831
p 246 174 72.85719 -0.28318024
p 245 175 72.23455 1.3209343
p 246 176 71.60401 0.11610794
p 245 177 70.91507 -1.4403267
p 246 178 70.21043 -0.37013626

c 67 3.2344894
p 221 230 52.12195 -0.10021019
p 222 229 52.12195 -0.13021278
p 223 228 52.134197 0.048173904
p 224 228 52.16075 -0.065935135
p 225 227 52.16075 -0.23929596
p 224 226 52.170547 0.10604668
p 225 225 52.264904 -0.07798958
p 225 224 52.264904 -0.08652878
p 226 223 52.32727 -0.05883026
p 226 222 52.406013 -0.37006187
p 226 221 52.44875 0.0024223328
p 227 220 52.44875 0.06041336
p 226 219 52.464443 0.08152008
p 227 218 52.693996 -0.015258789
p 228 217 52.74104 -0.11602974
p 227 216 52.88596 -0.07034111
p 226 215 52.88596 -0.13998985
p 227 214 52.987034 -0.26196098
p 227 213 53.254784 -0.027698517
p 228 212 53.313496 -0.041849136
p 227 211 53.317665 -0.019895554
p 227 210 53.33405 0.021873474
p 228 209 53.62277 -0.38564873
p 229 208 53.823475 -0.26189804
p 228 207 53.93155 -0.038999557
p 229 206 54.16992 -0.12713432
p 230 205 54.347183 -0.09572601
p 230 204 54.728836 0.015390396
p 231 203 54.728836 -0.20505905
p 231 202 55.207863 0.14358711
p 232 201 55.275753 -0.37325096
p 233 200 55.356438 -0.014293671

c 68 2.4000092
p 222 38 52.617374 -0.048797607
p 223 39 52.65012 0.09086037
p 223 40 52.65845 -0.08067703
p 223 41 52.690174 -0.07032585
p 224 42 52.734314 -0.23252678
p 225 43 52.795387 -0.16796875
p 225 44 52.907288 -0.23814583
p 226 45 52.982243 -0.2404213
p 226 46 53.319145 -0.06424332
p 225 47 53.319695 -0.023893356
p 225 48 53.73192 0.02082634
p 225 49 53.79016 -0.40990257
p 226 50 53.903046 0.17110443
p 226 51 54.03674 0.14360046
p 227 52 54.317993 0.03870964
p 228 53 54.650364 -0.038526535
p 229 54 54.83429 -0.2431221
p 230 55 55.017384 -0.039117813

c 69 7.18425
p 225 142 97.15626 0.27921295
p 226 143 96.41188 -2.0602112
p 227 144 95.69773 -0.32193375
p 228 145 95.00906 -2.486473
p 229 146 94.73597 -0.42601776
p 230 147 94.49336 1.6218262
p 229 148 92.206375 -3.6045341
p 230 149 91.7724 3.3690262
p 229 150 91.339096 0.74938965
p 228 151 90.800835 0.7229347
p 229 152 89.97201 1.0318184

c 70 0.67362213
p 229 45 53.06224 -0.18744278
p 230 44 53.038185 0.27440262
p 231 43 52.833244 -0.16083145
p 230 42 52.81572 0.027694702
p 231 41 52.68349 -0.15688896
p 232 40 52.65641 -0.20343399
p 232 39 52.55626 -0.247612
p 233 38 52.537304 0.09636307
p 232 37 52.515644 -0.36683273
p 233 36 52.47798 0.023757935
p 234 35 52.38862 -0.032823563
p 233 35 52.38862 -0.069610596

c 71 45.85061
p 229 45 53.06224 -0.104127884
p 230 46 53.338 -0.14839745
p 230 47 53.47435 -0.27685356
p 231 48 53.679436 -0.085100174
p 232 49 53.829144 -0.129282
p 232 50 53.98529 0.00866127
p 231 51 54.12301 -0.3959942
p 230 52 54.470814 -0.02246666
p 231 53 54.72141 -0.12730408
p 232 54 54.98426 -0.22206688
p 232 55 55.124344 -0.20684052
p 233 56 55.56697 -0.044532776
p 234 57 55.953556 -0.0029296875
p 235 58 56.12716 -0.33605194
p 236 59 56.6005 -0.16017723
p 237 60 56.992287 -0.10780144
p 238 61 57.379734 -0.43429947
p 239 62 57.770554 1.0171833
p 240 61 58.287666 0.15112686
p 241 62 58.73069 -0.5974159
p 242 63 59.292458 3.6094627
p 243 64 59.91813 4.5712585
p 244 65 60.498146 4.2949142
p 243 66 61.050587 3.1866093
p 242 67 62.185112 1.3471069
p 243 68 62.794777 3.2329445
p 242 69 63.68147 5.8399887
p 242 70 64.534874 11.507729
p 241 71 65.06521 11.598206
p 240 72 65.51687 7.139786
p 239 73 66.09078 2.5626564
p 238 74 66.73506 5.898243
p 237 75 67.630615 6.9713097
p 236 76 68.27208 10.640923
p 235 77 68.78504 9.895775
p 234 78 69.334785 8.54443
p 233 79 70.214775 2.0796509
p 234 80 71.04429 0.4887085
p 233 81 73.04866 2.8570633
p 233 82 73.46275 4.380371
p 233 83 74.07343 2.2866669
p 234 84 74.97081 -1.8256416
p 233 85 76.12964 2.0376816
p 233 86 77.121025 0.5669098
p 234 87 77.64927 -0.33624268
p 235 88 78.56007 2.9636497
p 236 89 79.558685 -0.18493271
p 235 90 80.41525 -2.3185844
p 234 91 81.77293 -1.2739105
p 233 92 81.97552 -1.7495079
p 232 93 82.49798 -1.3157921
p 233 94 83.12026 4.0527725
p 232 95 83.747955 1.6377754
p 233 96 84.28725 -1.6763039
p 234 97 84.75889 -0.89354324
p 233 98 85.24211 -3.2644958
p 232 99 85.79643 -1.4930954
p 231 100 86.40241 -1.6595955
p 232 101 87.0782 -4.058693
p 233 102 87.71034 0.12569046
p 232 103 88.20543 -4.350708
p 231 104 88.76817 -5.5523796
p 230 105 89.50825 -3.3781319
p 231 106 90.219185 -8.30714
p 232 107 90.972305 -10.597004
p 233 108 91.949394 -11.211227
p 234 109 92.673805 -10.145687
p 235 110 94.371796 -8.718292
p 236 111 95.740204 -7.8737984
p 237 112 98.91285 -5.815609

c 72 15.663811
p 234 86 77.19616 1.4607086
p 235 87 78.0189 1.2861214
p 236 88 78.981415 -1.303894
p 237 89 80.00249 -2.1756897
p 238 90 80.898186 -1.9563789
p 239 91 81.65936 -2.0180511
p 240 92 82.374855 -1.3501968
p 241 93 83.02055 -0.73892593
p 242 94 83.78233 -3.5694542
p 241 95 84.31379 -4.580406
p 240 96 84.77705 -3.4551773
p 241 97 85.303955 -2.8272247
p 242 98 85.86518 -5.430008
p 243 99 86.47102 -2.2193298
p 242 100 87.29358 3.9325905
p 243 101 88.322426 -3.0011444
p 244 102 88.96445 -1.2872238
p 243 103 89.92111 2.389698
p 244 104 91.15434 0.20581436
p 243 105 92.85997 -2.6206398

c 73 9.155258
p 240 155 87.352486 0.567997
p 241 156 86.661545 -0.33442688
p 242 157 86.04494 4.7999687
p 243 158 85.287186 1.8903847
p 244 159 84.455376 -0.44099045
p 245 160 84.03176 2.1263504
p 245 161 83.9765 3.0499039
p 244 162 82.24003 -0.9217453
p 245 163 80.98045 -1.2787018
p 244 164 79.86232 -2.8630753
p 243 165 78.987 -2.4236526
p 242 166 78.19723 -3.3428307

c 74 0.5927048
p 244 39 52.57261 0.36008835
p 245 38 52.487305 -0.15146446
p 246 37 52.487305 0.016334534
p 246 36 52.380234 -0.051950455
p 245 35 52.330303 -0.043373108
p 246 34 52.330303 -0.06934166
p 246 33 52.274826 -0.11676407
p 247 32 52.19243 -0.01704216
p 248 31 52.190075 0.098192215
p 249 30 52.162033 -0.1173439
p 250 29 52.162033 0.03404045
p 251 28 51.979904 -0.13040352
p 252 27 51.979904 -0.0072402954

c 75 31.170513
p 246 40 52.73009 0.07859993
p 247 41 52.85146 -0.5041275
p 247 42 52.873936 -0.4069252
p 248 43 53.077805 -0.043491364
p 249 44 53.156597 -0.1954937
p 248 45 53.300667 -0.040584564
p 248 46 53.329216 -0.07342911
p 247 47 53.65891 0.27049065
p 248 48 53.893005 0.12602806
p 249 49 53.973583 -0.067640305
p 250 50 54.16412 0.11960411
p 251 51 54.352177 -0.015468597
p 251 52 54.61279 -0.20807838
p 250 53 54.881596 -0.015296936
p 250 54 55.308475 0.11164093
p 251 55 55.702698 -0.01747322
p 252 56 56.23097 -0.17265892
p 253 57 56.56956 0.09069061
p 252 58 57.012276 -0.09350014
p 251 59 57.525978 -0.026054382
p 252 60 57.993073 0.0025348663
p 251 61 58.337486 -0.29522514
p 252 62 58.890835 -0.15238762
p 253 63 59.221306 -0.46744537
p 253 64 59.974358 6.9159985
p 254 65 60.52988 0.120780945
p 254 66 60.92321 3.5859604
p 255 67 61.93836 0.7811394
p 254 68 62.204163 1.0185089
p 253 69 62.7327 15.337875
p 252 70 63.325485 -2.3891373
p 253 71 63.897354 15.440708
p 254 72 64.38414 -0.08508301
p 253 73 64.84215 16.894737
p 254 74 65.36323 5.605728
p 253 75 66.01501 11.955196
p 252 76 66.715454 -1.7243843
p 252 77 67.55453 -1.1674232
p 253 78 68.22714 12.856182
p 254 79 68.87639 8.100578
p 254 80 69.75816 3.7005005
p 253 81 70.09585 10.611721
p 254 82 70.48025 10.993439
p 253 83 71.353096 6.144207
p 252 84 71.7649 -2.4465942
p 253 85 72.46764 6.4788666
p 252 86 72.959435 2.3432274
p 251 87 74.48623 3.7420044
p 250 88 74.48623 -1.3392029
p 249 89 75.55481 0.41819382
p 250 90 76.03297 -5.526863
p 251 91 78.57393 -0.08014679
p 251 92 79.96444 1.1234627
p 252 93 80.88185 1.8137741
p 253 94 81.57928 1.9495544
p 252 95 82.409454 5.955288
p 253 96 83.900604 4.740738

c 76 12.081886
p 246 160 84.210976 1.5142021
p 247 159 84.38371 1.1680565
p 248 158 85.05186 2.2829971
p 249 157 85.7115 1.6374893
p 249 156 87.13975 2.2371254
p 249 155 87.417076 2.4270554
p 250 154 87.8436 1.1095619
p 251 153 88.47809 2.6109428
p 252 152 89.292534 -0.19567871
p 251 151 89.85549 -0.64476013
p 250 150 90.515205 -2.2654343
p 249 149 91.09753 -1.5741997
p 250 148 91.58732 3.2962952
p 249 147 92.26469 -1.3419151
p 248 146 93.235855 -1.4266129
p 249 145 93.45037 -2.5259361
p 250 144 94.01292 -4.278324
p 251 143 96.29286 -1.9405899

c 77 0.76548004
p 253 219 52.634857 -0.13638115
p 254 220 52.583702 -0.19378662
p 254 221 52.333786 0.18312836
p 254 222 52.322716 -0.0037231445
p 255 223 52.167698 -0.058799744
p 254 224 52.122597 -0.09698105
p 253 225 52.044235 -0.11462402
p 254 226 52.044235 0.35469818
p 253 227 51.95925 -0.20507812
p 254 228 51.95925 -0.14402008
p 255 229 51.869377 0.007598877
p 255 230 51.869377 0.07889557

avg 16.965128
end