//fileLoc: inputData/gradient13.png
//fluxMulti: 3.0 channelCutOff: 10
//wk_fmin: 0.0 wk_fmax: 1.0
//total_mass_shift: 20597.0
//colorstage1: 2 colorstage2: 3
# 86
avgCurve 1.0246341

c 0 20.666527
p 0 23 55.05423 -0.07678223
p 1 24 55.05423 -0.09743881
p 1 25 55.16554 0.0376091
p 1 26 55.16554 -0.15488434
p 2 27 55.17228 0.02232933
p 1 28 55.209778 0.09251022
p 0 29 55.30234 0.055065155
p 1 30 55.37656 0.116241455
p 1 31 55.399612 -0.12928009
p 0 32 55.577972 0.019950867
p 0 33 55.577972 -0.21217728
p 1 34 55.580498 -0.35255432
p 1 35 55.76967 -0.32844162
p 0 36 55.76967 0.05895996
p 1 37 55.86297 -0.5127106
p 2 38 56.06856 -0.116918564
p 2 39 56.164692 -0.03818512
p 2 40 56.219917 -0.13113785
p 2 41 56.28563 -0.18159866
p 1 42 56.31402 -0.009513855
p 2 43 56.660248 -0.12218857
p 2 44 56.673454 -0.27155304
p 1 45 56.684025 -0.28236008
p 1 46 56.8595 -0.23576355
p 0 47 57.02313 0.16902924
p 1 48 57.172646 0.14545059
p 0 49 57.18711 0.045959473
p 1 50 57.327854 -0.017623901
p 1 51 57.327854 -0.09863281
p 1 52 57.621254 0.066287994
p 2 53 57.876125 -0.069316864
p 3 54 58.017788 -0.12838173
p 2 55 58.45405 -0.1896267
p 2 56 58.782238 -0.089323044
p 2 57 58.875908 -0.020429611
p 1 58 59.136993 -0.0746727
p 0 59 59.447163 -0.13392639
p 0 60 59.545887 -0.3839569
p 1 61 60.130432 -0.038539886
p 1 62 60.51284 -0.058597565
p 2 63 60.879253 4.8685493
p 3 64 61.34512 5.760681
p 4 65 61.853466 3.279457
p 5 66 62.367474 2.0225048
p 6 67 62.926525 -0.8403797
p 5 68 63.793377 0.2054863
p 6 69 64.08157 2.5888405
p 7 70 64.9884 4.7605247
p 8 71 65.66967 0.17746353
p 8 72 65.99653 -0.22793579
p 7 73 66.8473 -0.29461288
p 6 74 68.07175 -1.1370277
p 5 75 68.31696 1.092308
p 4 76 68.814575 -0.20410538
p 5 77 69.39887 1.7488213
p 4 78 70.039986 3.08107
p 5 79 70.7625 0.067554474
p 4 80 71.78831 -2.4789124
p 5 81 72.738266 -1.2232132
p 6 82 73.49637 3.6003304
p 5 83 74.1604 1.9599228
p 4 84 74.78304 0.0021476746
p 5 85 75.72076 0.11311722

c 1 28.926369
p 3 158 84.74597 1.5822372
p 4 159 84.251305 1.7214546
p 5 160 83.41564 1.7825623
p 6 161 83.20545 0.6285591
p 7 162 82.89938 0.11322403
p 6 163 81.98413 -1.3587685
p 7 164 81.469986 4.0846786
p 6 165 81.05373 3.3754196
p 5 166 80.530914 0.16850662
p 5 167 80.15736 2.7339249
p 4 168 78.86587 1.5208473
p 5 169 77.969955 2.0142593
p 6 170 76.63771 1.4521866
p 7 171 75.298294 0.4310379
p 8 172 74.23997 0.0042800903
p 9 173 73.796234 -1.1358261
p 10 174 72.84652 -0.82582474
p 9 175 72.22617 2.1771545
p 10 176 71.280495 0.07059479
p 9 177 70.54407 1.1769714
p 10 178 69.81059 0.013881683
p 11 179 69.11987 -0.7976494
p 12 180 68.4845 -2.010315
p 13 181 67.837265 1.1611176
p 14 182 67.231094 -0.41362762
p 15 183 66.66067 1.0576286
p 16 184 66.1072 1.4340744
p 15 185 65.556015 4.3129272
p 14 186 64.93206 0.10419083
p 15 187 64.25509 -0.72369385
p 14 188 63.575275 0.19679832
p 15 189 63.01567 -1.2541008
p 16 190 62.6185 -2.0825481
p 16 191 62.157192 -0.16986084
p 16 192 61.76142 0.02691269
p 15 193 61.480007 -0.002571106
p 14 194 61.0084 -0.09686661
p 13 195 60.464226 -0.064704895
p 14 196 60.073708 0.26879883
p 13 197 59.717075 -0.008605957
p 12 198 59.429626 0.02557373
p 13 199 59.035397 -0.087183
p 12 200 58.82021 0.07161522
p 13 201 58.454082 0.0125103
p 12 202 58.038624 -0.22603226
p 11 203 57.8742 0.0034179688
p 11 204 57.659237 -0.040719986
p 11 205 57.573273 -0.16990662
p 12 206 57.447395 0.059358597
p 11 207 56.991035 -0.40754128
p 10 208 56.66452 -0.08823013
p 11 209 56.66452 0.058149338
p 11 210 56.456097 0.054216385
p 12 211 56.22485 -0.080617905
p 11 212 56.115532 -0.12869453
p 12 213 56.101562 -0.14679718
p 13 214 56.04252 0.012248993
p 12 215 55.91754 -0.32500267
p 11 216 55.819603 -0.26394272
p 12 217 55.819603 -0.35821724

c 2 1.0408745
p 3 210 56.426785 -0.064258575
p 4 211 56.426785 -0.18351555
p 5 212 56.13203 -0.11371231
p 5 213 56.03468 -0.07176018
p 4 214 55.996964 0.084135056
p 5 215 55.966682 -0.23646927
p 5 216 55.759567 -0.29543114
p 6 217 55.746185 0.138134
p 5 218 55.681114 -0.04268074
p 4 219 55.526566 -0.08274841
p 4 220 55.47226 -0.41693878
p 3 221 55.47226 0.09624863
p 4 222 55.434494 -0.288002
p 5 223 55.434494 -0.0123615265
p 6 223 55.38591 -0.012247086
p 6 224 55.38591 -0.19579887

c 3 3.313404
p 5 33 55.684536 0.025175095
p 6 34 55.715347 -0.09519768
p 7 34 55.732372 -0.12218475
p 8 35 55.781147 -0.22034454
p 7 36 55.881863 0.13096619
p 8 37 55.96844 -0.24528885
p 9 38 55.98972 -0.24738884
p 8 39 56.169918 -0.016637802
p 8 40 56.20302 -0.30381012
p 8 41 56.27756 -0.09814072
p 7 42 56.44634 -0.07489014
p 7 43 56.561874 -0.05266571
p 7 44 56.561874 -0.19879913
p 6 45 56.71935 0.01858902
p 7 46 56.876965 -0.18040848
p 8 47 57.023266 -0.14581299
p 7 48 57.21026 -0.020982742
p 8 49 57.45857 0.23640823
p 7 50 57.685955 -0.2977295
p 7 51 57.7919 0.11775017
p 7 52 57.952435 -0.08955383
p 8 53 57.952435 -0.40979004
p 9 53 58.12482 -0.1786232
p 10 54 58.27951 -0.068574905
p 10 55 58.583977 -0.026069641
p 11 56 58.81722 -0.26698303
p 12 57 58.99794 -0.016899109

c 4 38.375565
p 5 112 94.17499 1.7747269
p 6 111 93.04535 0.33918762
p 7 110 92.47137 1.1698303
p 8 109 91.63384 0.34257126
p 9 108 91.19447 1.6824951
p 10 107 90.58173 -0.039604187
p 11 106 89.95617 -0.78216934
p 10 105 89.27757 3.2810745
p 11 104 88.69422 -0.06485748
p 10 103 88.20371 1.1523743
p 11 102 87.782425 1.8007889
p 12 101 87.34776 1.5875816
p 13 100 86.84472 -0.47490692
p 14 99 86.19831 -0.34684372
p 13 98 85.46278 -0.45765305
p 12 97 84.80663 0.0991745
p 13 96 84.24663 0.17970657
p 12 95 83.75479 -0.08116531
p 11 94 83.3653 -0.20870972
p 12 93 82.958885 0.8761444
p 13 92 82.385925 2.0880089
p 14 91 81.968056 -0.2594757
p 15 92 81.62747 1.2419701
p 16 91 80.495224 0.19109726
p 17 90 79.6195 -0.49303818
p 18 89 79.26784 0.8965721
p 19 88 78.47701 1.8450584
p 20 87 77.85504 2.3743172
p 21 86 77.33337 1.7937126
p 20 85 76.98208 -1.2593498
p 19 84 76.54783 0.6097908
p 20 83 75.798996 1.9241486
p 21 82 75.25149 4.1126175
p 22 81 74.69354 3.3521118
p 23 80 74.12925 -0.08688736
p 24 79 73.50236 0.10832596
p 25 78 72.98523 0.7203407
p 26 77 72.38919 -0.04122162
p 27 78 72.75651 0.8815994
p 28 77 72.128 2.9218102
p 29 76 71.53028 4.184292
p 30 75 70.96708 4.1794395
p 31 74 70.32511 3.3496284
p 32 73 69.737816 -1.5026474
p 33 72 69.17966 -1.6477165
p 34 71 68.69296 0.68808365
p 35 70 68.26676 1.5374908
p 36 69 67.804726 2.5185204
p 37 68 67.28621 -0.33948135
p 36 67 66.901436 0.84350204
p 37 66 66.47742 0.14482498
p 36 65 65.58082 0.70513153
p 35 64 64.947754 -0.0066452026
p 36 63 64.5259 1.2217827
p 35 62 64.159454 -0.5106201
p 34 61 63.74619 -0.18516731
p 33 60 63.066933 -0.7275238
p 32 59 62.675823 -0.4206562
p 31 58 61.981293 -0.62763023
p 30 57 61.395706 0.03719139
p 30 56 60.899754 -0.3203926
p 29 55 60.532696 -0.52469444
p 28 54 60.11687 -0.033517838
p 27 53 59.709503 -0.2634182
p 27 52 59.50951 -0.2177372
p 26 51 59.123436 0.22920227
p 26 50 58.59777 -0.28510857
p 25 49 58.535965 -0.035089493
p 25 48 58.23391 -0.23722076
p 25 47 57.762417 -0.78886414
p 24 46 57.522324 -0.17754173
p 23 45 57.07807 -0.12371063
p 24 44 56.90244 -0.0727005
p 23 43 56.787186 0.189394
p 23 42 56.632164 -0.09760666
p 23 41 56.45415 -0.3273449
p 24 40 56.426163 0.06588173
p 23 39 56.30066 0.05687332
p 24 38 56.227646 0.029649734
p 24 37 56.06651 -0.035373688
p 23 36 55.874027 -0.119363785
p 24 35 55.85601 -0.028396606
p 25 35 55.799423 -0.15365982
p 26 36 55.799423 -0.119623184

c 5 9.027702
p 6 166 80.67901 5.1605263
p 7 165 81.269485 4.801117
p 8 164 81.7868 0.20985413
p 9 163 82.106964 0.3483925
p 8 162 83.051155 3.4307518
p 9 161 83.37153 3.0401535
p 10 160 84.11635 0.49822617
p 11 159 85.04868 1.2137146
p 12 158 85.24989 -0.8382759
p 13 157 85.837654 -0.30062866
p 14 156 86.38303 0.69738007
p 15 155 86.85683 -1.9339905
p 16 154 87.57675 -2.4818802
p 15 153 88.19139 -3.5934067
p 14 152 88.67954 -3.2958717
p 13 151 89.4602 -1.6102448
p 12 150 89.70671 -3.9895096

c 6 1.5268211
p 15 45 56.986855 0.15086555
p 16 44 56.85595 -0.24316597
p 17 44 56.755074 -0.104990005
p 18 43 56.679615 -0.36919594
p 18 42 56.587013 -0.36684418
p 18 41 56.37086 -0.3682251
p 19 40 56.340313 -0.15348053
p 20 39 56.243565 0.13085175
p 20 38 56.169125 -0.20339203
p 19 37 56.131203 -0.15520859
p 18 37 56.057804 -0.26588058
p 17 36 56.057804 0.10232544
p 17 35 55.8615 -0.24158669
p 18 34 55.735588 -0.045074463
p 19 33 55.735588 0.04003334
p 18 32 55.55624 -0.12541771
p 18 31 55.483986 -0.20372963
p 17 30 55.460033 -0.28761673
p 16 30 55.460033 -0.32517242

c 7 42.041943
p 17 142 97.454704 -1.7877617
p 18 143 96.89001 -2.1365814
p 19 144 96.25699 -3.5042648
p 20 145 95.40234 -2.5446243
p 21 146 94.52585 -0.7599602
p 20 147 93.49348 1.7036247
p 21 148 93.11557 -0.08133316
p 20 149 92.59131 2.928543
p 21 150 91.62175 2.019867
p 22 151 91.10873 3.7857666
p 23 152 90.12414 1.3486862
p 24 153 89.42089 0.99085236
p 25 154 88.40347 1.5886688
p 26 155 86.97158 0.11436844
p 26 156 86.400085 0.45475006
p 25 157 85.31318 0.9643822
p 26 158 84.553955 0.07594681
p 27 159 83.580696 -0.8823471
p 26 160 82.58972 1.2520981
p 27 161 81.7518 -0.21695709
p 28 162 80.879265 0.41235352
p 29 163 80.272385 -0.32936096
p 28 164 79.64261 2.4557076
p 29 165 79.06145 -0.42211533
p 28 166 78.46972 -1.7854843
p 29 167 77.8981 -4.634468
p 30 168 77.37288 -5.058529
p 31 169 76.7843 -5.1751137
p 32 170 76.08842 -5.813484
p 33 171 75.40104 -2.8311386
p 34 172 74.82626 1.111454
p 35 173 74.27346 5.4231186
p 36 174 73.72927 4.0079613
p 37 175 73.198166 0.71212006
p 38 176 72.70452 3.2114983
p 37 177 72.2202 -0.7674904
p 38 178 71.65259 4.8845863
p 37 179 71.02905 5.1461334
p 36 180 70.4744 2.3997116
p 35 181 69.91246 0.7167778
p 34 182 69.36561 0.19584656
p 35 183 68.836075 3.3915672
p 36 184 68.29556 8.629597
p 37 185 67.72871 7.011585
p 38 186 67.133316 2.5559807
p 39 187 66.517395 1.6931496
p 38 188 65.89073 -0.12402725
p 39 189 65.27504 -0.20473099
p 40 190 64.70507 -0.4313202
p 41 191 64.184425 0.765049
p 42 192 63.678165 2.282547
p 43 193 63.168663 -0.06605339
p 44 194 62.664623 -0.39440918
p 45 195 62.174763 -0.20926666
p 46 196 61.722496 0.42424202
p 47 197 61.22335 -0.27012634
p 48 198 60.808807 0.11270332
p 49 199 60.276154 0.095277786
p 50 200 59.783455 -0.049261093
p 50 201 59.361393 -0.39564896
p 51 202 59.046005 -0.0016479492
p 51 203 58.733624 0.045808792
p 50 204 58.130005 -0.27878952
p 51 205 58.093147 -0.013069153
p 52 206 57.739807 -0.11068344
p 51 207 57.393803 -0.059343338
p 52 208 57.25124 0.20765877
p 51 209 56.95387 0.042964935
p 51 210 56.739414 -0.020980835
p 50 211 56.522144 -0.18572235
p 51 212 56.516422 -0.09333801
p 52 213 56.276104 -0.2461853
p 51 214 56.27355 -0.09236717
p 51 215 56.086803 -0.25152016
p 52 216 56.012585 -0.13662529
p 53 217 55.932587 0.05796814
p 54 218 55.880352 0.033903122
p 54 219 55.76436 0.10403824
p 54 220 55.695602 -0.10382843
p 53 221 55.675056 -0.037677765
p 53 222 55.55772 -0.06422043
p 54 223 55.557716 0.05583191
p 53 224 55.457695 -0.059473038
p 53 225 55.41276 -0.17135048
p 52 224 55.41276 -0.52965164

c 8 23.192513
p 18 115 96.53242 1.4842148
p 19 114 95.917725 1.7733879
p 20 113 95.27108 -0.017887115
p 19 112 94.573395 2.0614815
p 20 111 94.05041 1.2297859
p 21 110 93.50141 1.602066
p 22 109 92.9387 -0.27410507
p 21 108 92.29737 0.86398315
p 22 107 91.566635 0.8887291
p 23 106 90.68209 0.9346657
p 24 105 89.46851 1.5002365
p 24 104 89.3514 -0.10007095
p 25 103 88.06435 -2.6688957
p 26 102 87.271965 -1.5433273
p 27 101 86.978035 0.986351
p 26 100 86.15582 -0.15136337
p 25 99 85.768234 -0.49292374
p 24 98 85.41799 2.2287178
p 25 97 84.7285 0.24092484
p 26 96 84.2404 -0.0831871
p 25 95 83.54917 0.3133049
p 26 94 82.93323 0.2082367
p 27 93 82.30056 0.55921555
p 26 92 81.360344 2.414898
p 27 91 80.60114 0.8871956
p 28 90 79.851395 1.4252739
p 29 89 79.4285 -0.42443466
p 30 88 78.81436 -0.77316284
p 31 87 78.546 2.67202
p 30 86 77.85436 2.2489777
p 29 85 77.46094 0.4443245
p 29 84 76.67149 1.1391983
p 28 83 75.54217 -0.33514023
p 27 82 74.99481 -0.5754585
p 28 81 74.458565 2.539505
p 27 80 73.90797 -0.152462
p 28 79 73.339905 0.12223816

c 9 1.798645
p 18 208 57.036255 0.56385803
p 19 209 56.639496 0.06431389
p 20 210 56.367714 -0.4142666
p 21 211 56.24585 -0.4317112
p 22 212 56.205273 0.10099411
p 21 213 56.178234 -0.4557438
p 20 214 56.135857 0.00885582
p 20 215 56.09558 -0.055768967
p 20 216 56.043327 -0.06356621
p 21 217 55.823242 -0.043891907
p 20 218 55.823242 0.01656723
p 19 219 55.65602 0.16231346
p 18 220 55.56618 0.026212692
p 19 221 55.442142 -0.21953583
p 20 222 55.427273 0.0039024353
p 19 223 55.34161 -0.35067368
p 18 224 55.34161 0.12190819
p 19 225 55.23761 -0.079753876
p 20 225 55.23761 -0.15414238

c 10 9.381767
p 26 97 84.811195 -0.24240494
p 27 98 85.39649 0.07548523
p 26 99 85.78963 0.81739044
p 27 100 86.28501 1.0860634
p 28 101 86.77258 0.059059143
p 27 102 87.16567 0.47169113
p 28 103 87.6703 -0.73256683
p 29 104 88.18065 0.29699326
p 30 105 88.72718 0.6413574
p 31 106 89.39023 0.072250366
p 30 107 90.07849 1.9308853
p 31 108 90.644905 1.3857117
p 32 109 91.15392 -1.4047966
p 31 110 91.74144 0.80031586
p 32 111 92.394905 -0.074523926
p 33 112 93.00576 -1.1748428
p 34 113 93.55215 1.3470306
p 33 114 94.19296 -2.3237076

c 11 18.984367
p 28 142 95.006744 -3.328411
p 29 143 93.61853 -4.1175613
p 30 144 93.27255 -3.486534
p 31 145 92.76379 -3.4029427
p 32 146 91.94439 -0.7610283
p 31 147 90.69875 -1.4140167
p 32 148 89.84057 1.5333443
p 31 149 89.0517 -1.9733353
p 30 150 88.44374 -3.2303772
p 31 151 87.88733 -1.3705368
p 32 152 87.37761 1.045208
p 33 153 87.10906 -1.1481895
p 32 154 86.08159 1.5379143
p 33 155 85.41683 0.37384415
p 34 156 84.69877 0.873291
p 33 157 84.082726 1.6795044
p 34 158 83.50876 -0.0389328
p 33 159 82.89743 1.6709442
p 32 160 82.26916 -1.8034706
p 33 161 81.568436 0.79823685
p 34 162 80.89372 1.670845
p 35 163 80.238754 1.6600838
p 36 164 79.58934 1.1393929
p 35 165 78.989685 -0.7120819
p 34 166 78.392746 -0.51151276
p 35 167 77.805725 -0.039325714
p 36 168 77.2273 -3.1518288
p 35 169 76.63817 -0.9407387
p 34 170 76.02238 0.05008316

c 12 4.246273
p 36 23 55.19492 -0.12220955
p 37 23 55.19492 0.10592461
p 37 24 55.285717 -0.05088234
p 37 25 55.4085 0.020395279
p 36 26 55.43071 0.037036896
p 37 27 55.533165 -0.29958534
p 37 28 55.533165 -0.030813217
p 37 29 55.632374 0.082120895
p 38 30 55.71498 -0.4607544
p 39 31 55.71498 -0.2897129
p 38 32 55.779102 0.015348434
p 39 33 55.779102 -0.35899353
p 40 34 55.889706 -0.032152176
p 40 35 55.97436 -0.19599915
p 40 36 56.05857 -0.16984177
p 41 37 56.079113 -0.091869354
p 42 37 56.09708 -0.25671387
p 43 37 56.243137 -0.1964035
p 44 38 56.324543 -0.025331497
p 43 39 56.466118 0.11201477
p 44 40 56.502502 -0.3150425
p 45 40 56.687885 -0.056352615
p 46 41 56.913902 -0.07012749
p 47 42 57.027637 -0.050806046
p 46 43 57.129604 0.13316727
p 47 44 57.274513 -0.113529205
p 47 45 57.724724 0.20782661
p 48 46 57.980152 0.010128021
p 49 47 58.030045 -0.21054268
p 50 48 58.58491 0.35597992
p 49 49 58.95054 -0.1633091
p 50 50 59.332336 0.0022621155
p 51 50 59.441193 0.029497147
p 52 49 58.94463 -0.35089302
p 53 48 58.573166 -0.459486
p 54 47 58.432972 -0.009288788
p 53 46 58.11186 -0.28798103
p 52 45 57.795605 -0.06603241
p 51 44 57.293385 -0.3415184
p 52 43 57.170803 0.058834076
p 53 42 56.833767 0.11540222
p 53 41 56.777496 0.057632446
p 52 40 56.577106 -0.3073063
p 51 39 56.496643 0.04391098
p 51 38 56.26897 -0.27200317
p 52 37 56.1998 -0.35059738
p 53 36 56.110466 -0.10842514
p 52 35 56.110466 -0.14332771
p 51 35 56.008892 -0.17915726
p 50 34 55.990227 -0.2033081
p 50 33 55.80272 0.044635773
p 49 32 55.80272 -0.19257355

c 13 15.425446
p 37 139 95.61547 0.24497986
p 38 140 95.24733 -2.3449364
p 39 141 94.46091 -1.7345886
p 40 142 94.16622 -1.6956711
p 39 143 93.436226 1.4272728
p 40 144 92.886734 -2.0086899
p 41 145 92.319824 -3.5161133
p 42 146 91.755585 0.698822
p 41 147 91.17971 0.2055664
p 40 148 90.54579 -0.41579437
p 39 149 89.86605 -0.042304993
p 40 150 89.40825 0.31134415
p 39 151 87.4887 -0.5762253
p 40 152 86.78551 0.7986679
p 41 153 86.16813 -0.3651085
p 42 154 85.57786 -0.64557266
p 43 155 85.02332 1.3509979
p 42 156 84.44595 1.3458023
p 41 157 83.874245 1.241787
p 40 158 83.28455 1.5570602
p 39 159 82.66407 1.693039
p 38 160 82.0339 -1.5594063
p 39 161 81.42696 2.7968254
p 38 162 80.836365 2.4576607
p 37 163 80.190025 3.8805008

c 14 5.884819
p 39 175 73.57344 5.2141266
p 40 174 74.31465 2.5109062
p 41 173 75.31985 -0.6854248
p 41 172 75.67388 -0.6903343
p 40 171 75.876015 1.8912086
p 41 170 76.30588 4.312393
p 42 169 76.872475 7.5292206
p 43 168 77.52513 5.0664444
p 44 167 78.25626 6.0127525
p 45 166 78.92923 4.0119514
p 46 165 79.45826 1.6599007

c 15 6.8525925
p 44 154 85.65481 1.5158539
p 45 153 86.30186 0.3150406
p 46 152 86.91636 2.5759811
p 47 151 87.49535 -1.181015
p 48 152 88.05983 2.447567
p 49 151 88.652405 -2.3775291
p 50 150 89.53543 -2.1026115
p 51 149 90.052155 2.076439
p 52 148 90.70156 -0.45565414
p 51 147 91.7196 2.0843124
p 52 146 92.5074 -1.5458336

c 16 33.20867
p 46 111 92.9075 -1.3029022
p 47 110 92.21804 -1.8944168
p 48 109 91.63952 0.74930954
p 49 108 90.984505 0.40898514
p 50 107 90.06155 -1.3688126
p 49 106 89.42664 -0.95018387
p 48 105 88.842285 -0.81194687
p 47 104 88.267586 0.45225906
p 48 103 87.69673 0.5992775
p 49 102 87.13189 1.8357162
p 50 101 86.58402 -0.24513245
p 51 100 86.04195 1.0238152
p 52 99 85.48181 2.5927658
p 53 98 84.86673 1.3372498
p 54 97 84.265625 1.985115
p 55 96 83.79595 0.2547989
p 54 95 83.2473 -2.6285934
p 55 94 82.71309 0.20049667
p 56 93 82.19928 1.0150299
p 57 92 81.70563 2.39608
p 58 91 81.2029 0.41827774
p 59 90 80.63616 -0.2508316
p 58 89 80.06455 1.2756844
p 59 88 79.551346 0.5524521
p 60 87 79.05763 2.3327675
p 61 86 78.56679 0.0052833557
p 60 85 78.07697 2.979477
p 61 84 77.604 1.3438187
p 62 83 77.113304 -0.6982002
p 63 82 76.53449 -0.1705513
p 63 81 76.38978 2.9382973
p 62 80 75.2261 1.6789055
p 61 79 74.77204 0.33407974
p 60 78 74.35291 2.075756
p 60 77 73.47003 2.0796204
p 59 76 73.00124 1.8530731
p 58 75 72.62509 -0.24295807
p 59 74 71.67765 4.3000298
p 58 73 70.9931 1.5413971
p 57 72 70.42464 -0.17723465
p 58 71 70.01722 0.13383102
p 59 70 69.459465 4.098068
p 60 69 68.82687 5.4334946
p 61 68 68.06658 0.27923965
p 62 67 67.32254 -0.0733757
p 61 66 66.765564 -0.14544296
p 60 65 66.20757 3.0865402
p 59 64 65.6838 5.8984604
p 58 63 65.20041 3.3183136
p 57 62 64.73047 -0.274086
p 56 61 64.21251 0.16786957
p 55 60 63.749287 0.03224945
p 54 59 63.26915 0.16693878
p 53 58 62.802486 -0.02422905
p 54 57 62.391766 -0.25579262
p 53 56 61.756863 -0.23057938
p 53 55 61.44359 0.008201599
p 52 54 60.86944 -0.06677437
p 53 53 60.64257 -0.010234833
p 53 52 59.970577 -0.33821487
p 52 51 59.69883 -0.1666317

c 17 6.146492
p 55 194 61.914406 0.035888672
p 56 195 61.48433 0.0053920746
p 57 196 61.05848 0.020626068
p 58 197 60.637543 0.079919815
p 57 198 60.193954 -0.058023453
p 58 199 59.850548 -0.051570892
p 59 200 59.48005 -0.11437225
p 58 201 59.12868 0.15125847
p 59 202 58.773823 -0.3849411
p 60 203 58.472492 0.34041023
p 61 204 58.141163 -0.25790405
p 62 205 57.813732 -0.059957504
p 63 205 57.628815 -0.49695587
p 64 206 57.628815 0.095041275
p 63 207 57.399666 -0.0018882751
p 62 208 57.094807 -0.13210678
p 61 209 56.929703 -0.022043228
p 60 210 56.85968 -0.023424149
p 60 211 56.593037 -0.10866165
p 59 212 56.286232 -0.17744446
p 58 213 56.17895 -0.032411575
p 58 214 56.08314 -0.21928406
p 58 215 55.968357 -0.26262283
p 57 216 55.968357 -0.15439987
p 57 217 55.767914 0.10218811
p 56 218 55.767914 -0.062210083

c 18 25.527054
p 55 194 61.914406 -0.30078316
p 56 193 62.362175 -0.23204994
p 57 192 62.857746 1.9324894
p 58 191 63.37052 0.0065231323
p 57 190 63.881165 1.8219852
p 58 189 64.38623 -0.23292542
p 59 188 64.87861 -0.23173904
p 60 187 65.22389 3.3046875
p 61 186 66.00867 1.4444389
p 62 185 66.976204 0.2782364
p 61 184 67.50131 -0.49292374
p 60 183 67.87481 -0.895031
p 61 182 68.3432 3.3285065
p 62 181 68.89102 0.93774414
p 63 180 69.43979 1.6926003
p 64 179 69.99629 2.825615
p 65 178 70.57589 4.1989403
p 66 177 71.129105 3.8341446
p 67 176 71.685486 1.4920883
p 66 175 72.35077 0.05961609
p 65 174 73.00859 0.36320877
p 64 173 73.57639 -1.4155846
p 63 172 74.12625 -1.7788391
p 64 171 74.69834 4.18943
p 63 170 75.29869 1.7207146
p 64 169 75.936745 0.16742706
p 65 168 77.011536 0.28897858
p 66 167 77.826225 1.545433
p 65 166 78.365364 -0.7760353
p 64 165 78.75167 0.09849167
p 65 164 79.1299 0.7072716
p 66 163 79.61413 0.09921646
p 67 162 80.35873 -1.5253334
p 68 161 81.28391 -0.33117294
p 69 160 81.78401 0.49793625
p 68 159 82.33685 -2.8788605
p 67 158 83.06159 -4.192463
p 66 157 83.76046 -1.9271622
p 65 156 84.3003 -5.1634254
p 66 155 84.841545 -2.7166443
p 67 154 85.434326 -3.2644424
p 68 153 86.25803 -1.9919624
p 67 152 86.815125 3.2471886
p 68 151 87.44146 0.34230042

c 19 41.2378
p 58 118 96.64152 -0.24715424
p 59 117 96.03439 -0.17855072
p 60 116 95.38463 -0.4203148
p 61 115 95.008255 -0.5077667
p 62 114 94.4659 -0.99191666
p 61 113 94.26862 0.1522255
p 61 112 93.40475 1.0491829
p 62 111 92.41166 -0.0832634
p 62 110 92.11183 0.044136047
p 63 109 91.413414 0.11387634
p 64 108 90.856285 -0.29274368
p 65 107 90.095505 0.4795456
p 66 106 89.51086 -0.36347198
p 65 105 88.92321 1.0577583
p 66 104 88.33891 -0.09657669
p 67 103 87.773964 0.7590065
p 68 102 87.22388 0.0020942688
p 69 101 86.67515 1.3594589
p 70 100 86.12572 1.1211205
p 71 99 85.580025 0.44675064
p 72 98 85.04672 -0.3211975
p 71 97 84.49569 0.7574272
p 72 96 83.98666 -0.40920258
p 71 95 83.79341 1.1722527
p 72 94 82.72697 0.0463562
p 71 93 82.40615 1.4873619
p 70 92 81.88319 1.4998169
p 69 91 81.33186 -0.23457718
p 70 90 80.766754 0.2926178
p 69 89 80.23393 -0.1939888
p 68 88 79.746 -0.031814575
p 67 87 79.30699 0.49763107
p 66 86 78.79904 1.6113014
p 65 85 78.1752 2.2172852
p 64 84 77.735054 -0.093997955
p 65 83 77.21547 1.1051483
p 64 82 76.80618 -0.23527908
p 65 81 76.61639 -0.5137863
p 64 80 75.90857 0.056777954
p 63 79 75.03466 1.8350372
p 62 78 74.561516 4.088726
p 61 77 73.56825 2.8503914
p 60 76 73.05698 0.9492836
p 60 75 72.74374 -0.23674774
p 60 74 71.53846 1.28442
p 59 73 71.21423 1.7566872
p 59 72 70.502014 0.72522736
p 60 71 69.677605 1.8876686
p 61 70 69.13111 1.2422333
p 62 69 68.57811 -0.21017075
p 62 68 67.91928 -0.18005371
p 63 67 67.21733 -1.0504074
p 64 66 66.71487 -0.38936615
p 64 65 66.390175 -0.97911835
p 65 64 65.26387 -0.12578583
p 66 63 64.74573 2.5731964
p 67 63 64.20553 3.3049202
p 68 63 63.557747 -0.008687973
p 69 62 63.236477 0.3281288
p 70 63 62.77304 0.2932167
p 71 62 62.37164 0.2143364
p 72 61 62.223778 -0.0014133453
p 73 60 61.90992 -0.06425667
p 74 59 61.69711 0.21075249
p 75 58 61.188713 0.0044002533
p 76 57 60.894016 0.06445885
p 76 56 60.613808 -0.15800858
p 77 55 60.518803 0.22684288
p 78 54 60.115555 0.012296677
p 79 53 59.690037 -0.59970665
p 80 52 59.32553 -0.12584877
p 81 51 59.273155 -0.0149383545
p 82 50 59.06327 0.09175491
p 83 49 58.57082 -0.29167175
p 84 48 58.34186 0.025302887
p 83 47 57.972332 -0.2029934
p 82 46 57.830795 0.1602478
p 83 45 57.479614 -0.26407623
p 84 44 57.275856 -0.1618042
p 85 43 57.17087 0.07899666
p 84 42 56.957058 0.027383804
p 85 41 56.77926 0.019512177
p 84 40 56.688164 -0.30996895
p 84 39 56.63572 0.018795013
p 84 38 56.4852 -0.19556236
p 83 37 56.480816 -0.0052661896
p 83 36 56.352577 -0.29919815
p 84 35 56.16272 -0.09605026
p 85 35 56.159916 0.10903168
p 86 34 56.09944 0.13789558
p 85 33 55.99988 0.06526947
p 86 32 55.945217 -0.03891754
p 87 31 55.89462 0.0028629303
p 88 30 55.800407 0.068841934
p 89 29 55.75296 0.06815338
p 88 28 55.680546 -0.15037918
p 88 27 55.67327 -0.1077652
p 89 26 55.670444 0.012254715
p 88 25 55.591633 -0.076143265
p 88 24 55.52459 0.06451225
p 87 23 55.50993 -0.10026169
p 86 22 55.403717 -0.24552536
p 86 21 55.403717 0.1815033

c 20 10.33831
p 63 68 68.26175 1.5498505
p 64 69 68.3632 2.0640755
p 65 69 68.62239 6.649212
p 66 70 69.32807 -0.07929611
p 67 69 70.12298 0.993351
p 68 70 70.443924 2.8537369
p 69 71 70.88268 2.053749
p 70 72 71.607994 1.2929611
p 71 72 72.32234 0.37006378
p 72 71 72.620544 4.016968
p 73 72 73.24089 -0.2241478
p 74 72 74.04828 3.762104
p 75 73 74.27301 3.4672127
p 76 74 74.79712 2.086197
p 77 75 75.30227 2.6278267
p 78 76 75.70974 1.6768112
p 79 77 76.29085 2.3676682
p 80 78 77.2207 3.448803
p 81 79 77.96328 3.4753265
p 82 80 78.60006 1.4148636

c 21 1.3125801
p 64 43 57.153076 -0.3761654
p 65 42 57.02471 -0.09270859
p 66 41 56.90126 -0.040870667
p 66 40 56.821365 -0.2437706
p 67 39 56.783916 0.060926437
p 67 38 56.53897 0.08351898
p 67 37 56.48156 0.13166618
p 66 36 56.270042 0.048065186
p 66 35 56.10739 -0.08064842
p 66 34 56.10739 0.0926857
p 67 33 55.873516 -0.26159668
p 66 32 55.840496 -0.06901169
p 65 32 55.840496 0.10910225

c 22 22.266884
p 65 82 76.80719 2.216175
p 66 83 77.30022 1.5264511
p 67 84 77.852486 0.722332
p 67 85 78.62525 1.733799
p 68 86 78.94775 0.69591904
p 69 87 79.74403 1.0801048
p 70 88 80.13293 0.604496
p 71 89 80.93203 -0.20716858
p 72 90 82.90498 -1.7776337
p 73 91 83.02105 -1.720623
p 74 92 83.13362 -0.05557251
p 73 93 83.36073 1.9948502
p 74 94 83.640465 0.40501404
p 75 95 84.03352 0.10879898
p 74 96 84.42348 -0.17292023
p 75 97 84.99106 0.21714401
p 76 98 85.51622 0.36517334
p 77 99 85.98993 -0.062252045
p 78 100 86.473145 -0.13116455
p 77 101 87.087685 -0.49142075
p 76 102 87.76287 0.10903168
p 77 103 88.34411 0.2762184
p 76 104 89.203636 0.40560913
p 75 105 89.33299 0.42402267
p 74 106 90.143394 -0.063453674
p 74 107 90.68612 0.719017
p 73 108 91.06136 0.4453621
p 74 109 91.60877 0.054908752
p 75 110 92.10004 -0.36381912
p 76 111 92.705215 -0.14617157
p 77 112 93.41075 -0.30697632
p 77 113 93.855576 -0.007701874
p 76 114 94.69264 -0.16643906
p 75 115 95.16419 -0.47559357
p 74 116 95.66032 -0.50138474
p 73 117 96.71467 -1.069004
p 72 118 98.04001 0.71702194
p 72 119 98.259026 -0.9400902
p 73 120 99.07407 0.13224792

c 23 16.801147
p 74 93 83.416084 1.6362343
p 75 94 83.871735 0.991024
p 76 95 84.41227 0.23860931
p 77 96 84.979706 0.3068161
p 78 97 85.477036 0.7858925
p 79 98 85.99071 0.5770874
p 80 99 86.57027 0.40943527
p 81 100 87.15871 -0.06295776
p 82 101 87.743675 0.37721252
p 83 102 88.338905 -0.35273743
p 84 103 88.94011 -0.37573242
p 85 104 89.529236 0.36946487
p 86 105 90.082375 1.1901588
p 87 106 90.6239 0.21924973
p 88 107 91.173676 0.3865776
p 89 108 91.72852 0.36339188
p 90 109 92.28249 0.09920502
p 91 110 92.83622 0.3894348
p 92 111 93.39339 -0.23690796
p 93 112 93.95861 -0.6697922
p 94 113 94.59013 0.5891533
p 95 114 95.307495 0.1679306
p 96 115 96.11086 0.21595001
p 97 116 97.121864 0.64873123
p 98 117 97.87633 1.6844635
p 99 118 98.407555 -0.21762085
p 100 119 98.860176 -1.6962852
p 101 120 99.320274 0.31521606
p 102 121 99.70873 0.200531
p 103 122 100.21723 1.4310303

c 24 7.670967
p 74 93 83.416084 0.38116837
p 75 93 83.59689 0.15361786
p 76 94 83.952515 -0.04385376
p 77 95 84.46423 0.1366539
p 78 96 85.051865 -0.21109009
p 79 97 85.592606 -0.45196152
p 80 98 86.117065 -0.27760315
p 81 99 86.65956 -0.2696457
p 82 100 87.22474 -0.049167633
p 83 101 88.27245 0.6439743
p 84 102 88.67897 0.4902382
p 85 103 89.216934 1.0307503
p 86 104 89.8222 0.71123123
p 87 105 90.3043 1.1196289
p 88 106 91.08705 0.662014

c 25 3.9899216
p 75 220 55.521523 0.22429276
p 76 219 55.615204 -0.17168045
p 77 219 55.615204 -0.011817932
p 78 218 55.627228 -0.22767258
p 78 217 55.83956 -0.16874504
p 79 216 56.11004 0.21245193
p 78 215 56.11004 -0.2879734
p 77 214 56.175625 0.14204788
p 77 213 56.327835 -0.21922684
p 77 212 56.434784 0.010061264
p 77 211 56.447273 -0.05637932
p 78 210 56.744293 0.11536217
p 79 209 56.771187 -0.1518898
p 80 209 56.786137 0.031282425
p 81 208 56.906696 -0.028867722
p 81 207 56.995457 0.0033740997
p 82 206 57.257362 0.26844978
p 81 205 57.580677 -0.16699791
p 80 204 57.819557 -0.06419182
p 81 203 57.965908 -0.29390717
p 81 202 58.21751 -0.4682827
p 80 201 58.539055 -0.5642109
p 79 200 59.004993 -0.2011013
p 78 199 59.30013 -0.32562637
p 77 198 59.383125 -0.20679092
p 76 197 59.511444 -0.354084

c 26 6.888191
p 77 105 89.3298 0.087654114
p 78 106 89.83971 -0.5382004
p 78 107 90.724655 0.06230545
p 77 108 90.9351 0.027233124
p 77 109 91.75509 -0.084285736
p 77 110 92.19744 0.10383606
p 78 111 92.85928 0.053771973
p 78 112 93.634384 0.33348846
p 79 113 93.99581 0.69776154
p 80 114 94.47953 0.30107117
p 81 115 95.00699 -0.13535309
p 80 116 95.595825 0.30876923
p 81 117 96.217995 -0.7607765

c 27 34.55887
p 77 151 90.13313 -0.24925613
p 78 152 88.949234 -1.3805847
p 79 153 88.02265 0.080760956
p 78 154 87.28514 5.4865036
p 79 155 86.54226 -1.1006851
p 80 156 85.82359 -2.5032463
p 79 157 85.19422 4.2702026
p 80 158 84.53831 3.9275475
p 79 159 83.73308 6.486107
p 80 160 83.08463 0.9591408
p 79 161 82.44618 0.7390938
p 80 162 81.73369 3.9760742
p 81 163 80.86617 -1.9233055
p 82 164 80.171 -4.01342
p 83 165 79.51291 -5.2882805
p 84 166 78.93971 -3.4029465
p 85 167 78.411865 -2.4751854
p 86 168 77.828384 -0.9434471
p 87 169 76.99299 4.3392525
p 86 170 75.802475 3.51857
p 85 171 75.23081 3.140396
p 84 172 74.73199 -0.8796997
p 85 173 74.209625 0.10563278
p 86 174 73.63382 2.1963768
p 87 175 73.07865 4.321789
p 88 176 72.283165 3.427147
p 89 177 71.84413 3.8072586
p 90 178 71.08859 -0.6158371
p 89 179 70.37302 -1.1566353
p 90 180 69.6892 0.48863983
p 89 181 68.99691 -1.545414
p 88 182 68.26497 -1.3313179
p 89 183 67.51685 10.282082
p 88 184 66.89562 6.508148
p 87 185 66.34194 5.1017723
p 88 186 65.79249 3.0314407
p 89 187 65.235146 0.5049324
p 90 188 64.671555 -1.2042542
p 89 189 64.11096 5.6921425
p 90 190 63.562393 5.378071
p 91 191 63.02542 2.8320923
p 92 192 62.49027 2.1725445
p 93 193 61.99043 0.09419632
p 94 194 61.538822 0.003194809
p 95 195 61.11207 -0.08731842
p 96 196 60.752926 -0.16261482
p 97 197 60.394318 0.13757133
p 98 198 59.69333 -0.14153862
p 99 199 59.249123 -0.11125183
p 100 200 59.159805 -0.173872
p 101 201 58.6739 -0.35323524
p 100 202 58.474533 -0.02243042
p 100 203 58.19444 0.05549431
p 99 204 58.00711 0.052301407
p 98 205 57.84807 -0.215168
p 97 206 57.578163 -0.057617188
p 96 207 57.353733 -0.12924767
p 95 208 57.03957 -0.19277191
p 94 209 56.75518 -0.20148277
p 93 210 56.58785 0.10271454
p 93 211 56.432507 0.09761047
p 93 212 56.387314 -0.14656448
p 92 213 56.369186 0.015510559
p 91 214 56.300003 -0.08445358
p 90 215 56.201675 0.03532982
p 89 215 56.121128 0.0012550354
p 89 216 56.121128 -0.123708725
p 90 217 55.987263 -0.09221649
p 89 218 55.873005 0.13110924
p 90 219 55.58006 -0.01979065
p 90 220 55.574265 -0.119501114
p 91 221 55.574265 -0.20823479

c 28 3.338108
p 82 53 59.519115 0.32518768
p 83 52 59.277935 -0.12325287
p 83 51 59.08358 -0.11370468
p 84 50 58.975018 0.24320793
p 85 49 58.447243 -0.1998024
p 85 48 58.22143 -0.32425117
p 86 47 58.06316 0.044712067
p 86 46 57.929626 0.13246536
p 87 45 57.63706 -0.043836594
p 86 44 57.332714 -0.14119339
p 86 43 57.135277 -0.19867134
p 87 42 56.9775 0.0744133
p 88 41 56.843372 -0.20733452
p 87 40 56.73063 0.08408165
p 87 39 56.654736 -0.013185501
p 86 38 56.553078 -0.024858475
p 86 37 56.506546 0.25582123
p 85 36 56.181007 -0.09444237

c 29 9.548153
p 87 44 57.425938 0.053987503
p 88 45 57.639465 -0.14893723
p 89 46 57.840057 -0.07493973
p 89 47 57.898052 -0.047790527
p 89 48 58.267715 -0.12506104
p 88 49 58.55722 -0.032491684
p 89 50 58.62951 -0.21239853
p 90 51 58.840363 -0.2192154
p 91 52 59.20761 0.06983757
p 90 53 59.365715 -0.42399406
p 89 54 59.55316 -0.16043091
p 90 55 60.140743 0.12774849
p 89 56 60.55878 -0.06500816
p 90 57 60.612625 -0.23586655
p 89 58 60.99478 -0.005622864
p 89 59 61.484745 -0.12765121
p 90 60 61.93605 -0.3082714
p 91 61 62.206993 -0.1592102
p 91 62 62.815983 -0.36127853
p 92 63 63.034233 -0.2727127
p 92 64 63.433968 0.9613819
p 93 65 64.12454 -0.11222458
p 94 66 65.01089 -0.9084587
p 95 66 65.06336 0.090206146
p 96 65 64.69996 2.1505127
p 97 64 64.20584 3.1147308
p 98 63 63.691708 4.2632484
p 99 62 63.14999 1.9454956E-4
p 100 61 62.645557 0.10488701
p 101 60 62.20557 0.043540955
p 102 59 61.683067 0.13475418
p 103 58 61.17918 0.012025833
p 104 57 60.770496 0.031320572
p 104 56 60.21065 -0.110443115
p 104 55 60.21065 -0.21709442
p 104 54 59.568264 -0.36313057
p 103 53 59.317673 -0.14017296
p 102 52 59.217216 -0.030778885
p 103 51 58.942917 -0.09936714
p 104 50 58.625565 0.06519127
p 103 49 58.22613 -0.20554352
p 102 48 58.110577 0.11539078
p 101 47 57.877132 -0.22628212
p 100 46 57.795826 0.048854828
p 100 45 57.410614 -0.1336937
p 99 44 57.38719 -0.2951641
p 98 43 57.224564 0.13509941
p 97 42 56.963127 -0.21556091
p 97 41 56.81894 -0.14952087
p 96 40 56.714302 0.27518654
p 97 39 56.489315 0.069833755
p 97 38 56.399155 -0.37223816
p 97 37 56.311127 -0.27008057
p 96 36 56.311127 0.010669708
p 96 35 56.080982 8.831024E-4
p 95 34 55.990456 -0.032585144
p 96 33 55.990456 -0.37151337
p 96 32 55.925377 -0.27889633
p 95 31 55.925377 -0.0975399
p 94 30 55.850544 7.648468E-4
p 94 29 55.78736 0.007232666
p 93 28 55.744057 -0.11440468
p 92 27 55.69204 0.12685966
p 91 26 55.595734 -0.12099266
p 92 25 55.595734 -0.18452454
p 92 24 55.51521 -0.059225082
p 93 23 55.51521 -0.10123062

c 30 7.69191
p 90 179 70.6172 0.27644348
p 91 178 71.23329 3.4148102
p 92 177 71.75603 5.5613556
p 93 176 72.29219 8.0431595
p 94 175 73.09012 6.3824234
p 95 174 73.79834 5.147789
p 96 173 74.14602 3.9651337
p 97 172 75.04131 3.324501
p 98 171 75.520966 5.1931725
p 99 170 75.90175 2.1719513
p 100 169 76.41623 0.2753868
p 99 168 77.01243 -1.3894386
p 98 167 77.635124 1.385582
p 97 166 78.30911 6.2802353

c 31 5.9960938
p 94 77 71.68426 -0.8495407
p 95 76 71.00876 3.5935898
p 96 75 70.44371 6.155159
p 97 74 69.875534 3.9751778
p 98 73 69.3106 0.46538162
p 97 72 68.69161 -1.590519
p 98 71 68.023155 6.910469
p 97 70 67.45798 6.0369606
p 96 69 66.88095 4.075451
p 95 68 66.30055 -0.41645432
p 96 67 65.68816 -0.10599518

c 32 17.891945
p 94 77 71.68426 1.0674934
p 95 78 72.21031 2.9948196
p 96 79 72.67589 6.90699
p 97 80 73.18846 8.379139
p 98 81 73.75492 0.33776474
p 99 82 74.43974 -1.4285545
p 100 83 75.12505 -1.071785
p 101 84 75.92586 0.5853882
p 102 85 76.39032 1.0269775
p 103 86 76.831764 3.7137985
p 103 87 77.69745 -0.10759735
p 102 88 78.01247 0.5815697
p 102 89 78.50422 -1.9722633
p 103 90 79.02408 2.9837112
p 102 91 79.55878 0.25981522
p 103 92 80.079735 -0.83073425
p 104 93 80.58591 -3.766346
p 105 94 81.194885 0.46922684
p 106 95 81.90879 -0.63388443
p 105 96 82.834625 2.1950722
p 106 97 83.59406 1.7773666
p 105 98 84.056274 0.22636414
p 106 99 84.499954 -0.690258
p 105 100 84.9842 -2.147049
p 106 101 85.52645 1.120182
p 105 102 86.135925 -3.798256
p 104 103 86.72029 0.8765907
p 105 104 87.369736 -0.6369324
p 106 105 88.05458 -2.6171188
p 107 106 88.86218 -2.657898
p 108 107 89.5762 -3.9619064

c 33 10.506363
p 94 223 55.51552 -0.071624756
p 94 224 55.51552 -0.22079086
p 95 223 55.51918 0.09453392
p 96 223 55.56851 -0.12519073
p 97 222 55.614864 -0.16668892
p 98 222 55.69579 -0.03286743
p 99 221 55.743713 -0.28305435
p 100 220 55.76282 -0.05060959
p 100 219 55.791023 -0.33130074
p 101 218 55.8424 -0.05296135
p 102 217 56.035778 -0.23691368
p 102 216 56.068417 -0.036787033
p 102 215 56.198975 0.0028076172
p 103 214 56.293144 0.1829071
p 102 213 56.343964 -0.35132408
p 101 212 56.60399 -0.0534153
p 102 211 56.810425 0.05883026
p 101 210 56.886597 0.17635536
p 102 209 56.95872 0.059720993
p 103 208 57.210682 0.29382515
p 104 207 57.428146 0.12096596
p 105 206 57.653786 -0.16284561
p 106 205 58.049675 0.24116707
p 107 204 58.26966 -0.089487076
p 108 203 58.34928 -0.3297329
p 109 203 58.64932 -0.30945396
p 110 202 58.997322 0.095905304
p 111 201 59.197784 -0.07816124
p 111 200 59.632317 0.09764862
p 112 199 59.90811 0.17359734
p 111 198 60.01254 -0.18743324
p 110 197 60.290585 0.28157043
p 111 196 60.55465 -0.05940056
p 112 195 60.791126 -0.11749077
p 113 194 61.10327 -0.035585403
p 114 193 61.62996 -0.29440308
p 115 192 62.051823 2.8004875
p 116 191 62.35236 4.4472446
p 117 190 62.82924 -0.3711357
p 116 189 63.69899 2.1409721
p 116 188 64.188934 -0.4507141
p 115 187 64.739525 -0.2776146
p 114 186 66.02188 3.4220047

c 34 37.703995
p 96 147 93.36054 0.75185394
p 97 148 92.82412 0.085193634
p 98 149 92.301895 -0.2985649
p 99 150 91.7491 0.55034256
p 100 151 91.13361 0.46876907
p 101 152 90.50909 0.71858215
p 102 153 89.90578 0.77869415
p 102 154 89.17588 1.6731567
p 103 155 87.85926 -0.62781906
p 104 156 87.15424 -1.1265335
p 105 157 86.564476 2.6358566
p 106 158 85.51661 2.1229973
p 107 159 84.94215 0.35530472
p 108 160 83.966736 0.6698265
p 109 161 83.31062 1.2374458
p 110 162 82.60041 1.316246
p 111 163 81.98563 1.9156532
p 112 164 81.37243 2.8967743
p 111 165 80.736885 1.6323128
p 110 166 80.11205 0.94607544
p 111 167 79.47598 -0.08098984
p 112 168 78.840706 0.63199234
p 113 169 78.50535 2.895424
p 114 170 77.942375 1.0268402
p 115 171 77.28008 4.3237724
p 116 172 76.730865 3.2905312
p 117 173 76.14064 5.732849
p 118 174 75.51056 6.3147163
p 119 175 74.87347 4.298065
p 120 176 74.238846 1.5998573
p 121 177 73.599266 0.46665573
p 122 178 72.95904 -1.2695389
p 121 179 72.3118 3.8298683
p 122 180 71.7449 5.584347
p 123 181 71.271164 6.61005
p 124 182 70.46081 4.417446
p 125 183 69.89903 3.580944
p 126 184 69.3447 3.9795303
p 127 185 68.79241 4.725498
p 128 186 68.243805 3.023075
p 129 187 67.70202 -0.30279922
p 130 187 67.79727 -0.3203087
p 131 188 67.29603 -1.4062042
p 130 189 66.605515 0.03728485
p 131 190 65.80779 0.74468994
p 132 191 65.21888 2.1862144
p 133 192 64.66797 2.4562492
p 134 193 64.216866 -0.06655502
p 135 194 63.690052 -0.19592094
p 136 195 63.134785 -0.2905178
p 137 196 62.461132 -0.5283451
p 138 197 61.85396 -0.4370079
p 139 198 61.57381 -0.3359337
p 140 199 61.09467 -0.078697205
p 141 200 60.594227 0.007019043
p 142 201 60.072567 0.49256897
p 143 202 59.59355 -0.07221222
p 143 203 59.154583 -0.0620327
p 144 204 58.893463 -0.20211601
p 144 205 58.489613 -0.21533012
p 145 206 58.232887 0.21302414
p 144 207 57.85032 -0.15868759
p 144 208 57.60092 0.012395859
p 145 209 57.29463 -0.030021667
p 145 210 57.173782 0.01747322
p 146 211 57.011913 -0.16147232
p 145 212 56.90997 -0.20252228
p 146 213 56.846336 -0.023853302
p 146 214 56.433903 -0.36148643
p 145 215 56.268356 -0.025234222
p 145 216 56.087917 -0.059480667
p 144 217 56.035492 -0.09321976
p 144 218 55.945343 0.0058021545
p 143 219 55.935257 -0.16135025
p 142 220 55.847786 -0.09597778
p 141 221 55.765427 -1.5449524E-4
p 140 222 55.656548 0.030612946
p 139 222 55.656548 0.037981033

c 35 1.6331062
p 107 29 55.734936 0.011543274
p 108 30 55.734936 -0.17487335
p 109 31 56.04264 0.030916214
p 110 32 56.04264 0.015672684
p 110 33 56.20396 -0.057706833
p 111 34 56.355175 -0.14388657
p 112 35 56.481808 -0.26838303
p 113 36 56.534805 -0.016361237
p 114 37 56.534805 0.0022411346
p 113 38 56.62608 0.0013790131
p 114 39 56.761726 0.06637192
p 113 40 56.85497 -0.07351112
p 112 41 56.938393 -0.17990303
p 111 42 57.171146 0.37029648
p 112 43 57.282196 -0.16888428
p 113 44 57.368042 -0.0539093
p 114 43 57.26374 -0.10375023
p 115 42 57.089523 -0.011260986
p 116 42 57.029213 -0.15322304
p 117 41 56.99226 -0.2414856
p 117 40 56.839485 -0.15479279
p 117 39 56.770737 -0.13503075
p 117 38 56.596638 -0.26927948
p 116 37 56.540897 0.070510864
p 117 36 56.412117 -0.4780445
p 118 35 56.29337 0.058099747
p 119 34 56.134277 -0.0018424988
p 120 33 56.084923 0.058238983
p 121 32 56.076015 -0.0473938
p 121 31 55.98467 0.022720337
p 122 30 55.979355 -0.045778275
p 123 29 55.947273 -0.22839165
p 124 28 55.84429 -0.141325
p 123 27 55.831062 0.16600037
p 122 26 55.78816 -0.1825962
p 122 27 55.78816 0.17120743

c 36 3.2345123
p 109 59 60.746567 0.055318832
p 110 58 60.60278 0.18638992
p 111 57 60.23177 -0.11480522
p 111 56 60.025665 -0.15468597
p 111 55 59.639782 -0.032281876
p 112 54 59.247562 -0.44406128
p 113 53 59.247562 0.23122978
p 114 52 58.96251 -0.08724594
p 114 51 58.683735 -0.28507233
p 115 50 58.574776 0.025512695
p 116 49 58.375244 -0.03118515
p 116 48 58.325047 0.16996956
p 115 47 58.10307 0.0717144
p 114 46 57.7247 0.086977005
p 113 45 57.512054 -0.074214935
p 112 44 57.514736 0.13314247
p 111 45 57.521458 -0.040779114
p 111 46 57.805565 -0.10821724
p 112 47 57.87985 -0.24091911
p 113 48 58.135883 0.025102615
p 114 49 58.24965 -0.35624123

c 37 3.287922
p 117 50 58.624573 0.031360626
p 118 51 58.9471 -0.013620377
p 119 52 59.199123 0.10447502
p 120 53 59.501743 0.01914215
p 121 54 59.863678 -0.036893845
p 122 55 59.999336 -0.33130455
p 121 56 60.27827 0.06560135
p 122 57 60.559334 -0.29159927
p 122 58 60.652214 -0.48849678
p 121 59 60.91646 -0.07692337
p 121 60 61.147896 -0.24351883
p 120 61 61.45952 0.1556797
p 119 62 61.76814 -0.28894424
p 118 63 61.912495 1.0319519

c 38 29.326427
p 120 94 85.21519 -1.766201
p 121 93 84.32333 -2.0120049
p 122 92 83.71762 -0.4626236
p 123 91 83.08087 1.1600266
p 124 90 82.50114 -0.33287048
p 123 89 82.05108 4.1868362
p 124 88 81.28195 2.560913
p 125 87 80.261444 -1.5728607
p 124 86 79.586136 2.3309212
p 125 85 78.89521 4.4799347
p 126 84 78.21417 4.7015686
p 127 83 77.87776 6.1648293
p 128 82 77.06817 0.37434387
p 129 83 76.47932 -0.229805
p 130 82 75.77545 1.2271767
p 131 81 75.20294 -0.8900566
p 132 80 74.59851 -2.1308365
p 133 79 74.03992 -1.0542603
p 134 78 73.48472 1.3173256
p 133 77 72.934814 0.564476
p 134 76 72.39307 1.4034195
p 133 75 71.8665 0.2494812
p 134 74 71.35399 1.035778
p 135 73 70.83191 3.3987846
p 136 72 70.26219 3.7275276
p 137 71 69.64608 4.211605
p 138 70 69.05531 -0.056705475
p 137 69 68.51473 4.4284096
p 138 68 67.965385 2.582901
p 139 67 67.41307 0.9100876
p 140 66 66.90076 -0.41511154
p 141 65 66.37789 1.660408
p 142 64 65.855156 4.545807
p 143 63 65.33103 2.7919693
p 144 62 64.79861 -0.19068146
p 145 61 64.28115 -0.42741776
p 146 60 63.764893 0.0030059814
p 145 59 63.23126 -0.15130234
p 146 58 62.76713 -0.6004944
p 147 57 62.31011 -0.16706467
p 148 56 61.859993 -0.1128273
p 148 55 61.44089 -0.20815277
p 147 54 60.938362 0.097177505
p 147 53 60.574615 -0.17541504
p 147 52 60.242702 -0.07329178
p 146 51 59.70961 -0.2868061
p 147 50 59.487793 -0.17675018
p 147 49 59.12476 0.12631416
p 147 48 58.77698 -0.010007858
p 148 47 58.41335 0.0823288
p 148 46 58.12193 0.058849335
p 149 45 57.869373 0.17862892
p 148 44 57.564995 -0.09955788
p 148 43 57.47906 -0.11314392
p 149 42 57.190838 -0.21626282
p 150 41 57.09007 -0.08989143
p 150 40 56.863777 -0.46953964
p 150 39 56.653904 -0.3223114
p 151 38 56.423702 0.035097122
p 150 37 56.423702 -0.018047333
p 149 36 56.30191 -0.029596329
p 149 35 56.12616 -0.14033318
p 150 34 56.080982 -0.022525787
p 150 33 55.88876 -0.16469383
p 149 33 55.88876 -0.23794937

c 39 30.742683
p 120 140 98.68976 -3.5277405
p 121 141 98.18754 -1.1876106
p 122 142 97.01021 -0.8805313
p 123 143 96.03447 -0.15232468
p 122 144 94.87083 2.0298195
p 123 145 93.459946 1.3046417
p 122 146 93.063995 -3.3299255
p 123 147 92.115906 -2.1924095
p 124 148 91.43919 -1.8550262
p 125 149 90.89419 -4.223049
p 126 150 90.38047 1.148449
p 126 151 90.250626 1.3526611
p 125 152 89.62312 0.034748077
p 124 153 88.973946 -2.4073563
p 123 154 88.394035 -1.2547493
p 122 155 87.7262 -0.92700577
p 121 156 87.09275 0.16080475
p 121 157 86.444435 0.8902626
p 122 158 85.94499 0.09653854
p 121 159 84.96897 -2.2732887
p 122 160 84.02662 1.4461861
p 122 161 83.37736 0.06374359
p 122 162 83.052505 1.0846252
p 121 163 82.226135 -0.3885498
p 122 164 81.73902 -0.13636398
p 121 165 81.24135 0.4457054
p 120 166 80.687935 1.985218
p 121 167 80.07395 1.9610023
p 122 168 79.41383 2.2932053
p 123 169 78.72698 0.08005142
p 122 170 78.04573 -2.9218483
p 123 171 77.35758 -1.1856155
p 124 172 76.64345 2.1984673
p 125 173 75.96238 3.5742378
p 126 174 75.453384 0.65308
p 127 175 75.010124 -0.6352501
p 128 176 74.60178 0.014293671
p 128 177 74.22321 2.350193
p 129 178 73.803734 0.059947968
p 129 179 73.15054 3.2253838
p 130 180 72.9202 0.33685303
p 130 181 71.567406 -0.49036026
p 131 182 70.639 -0.08839798
p 132 183 70.0358 0.8363495
p 131 184 69.497955 2.820736
p 132 185 68.91351 0.3916855
p 132 186 68.46044 1.5912209
p 131 187 67.947075 1.4126854
p 131 186 68.31729 0.27156448

c 40 14.886356
p 122 32 56.029224 -0.1319313
p 122 33 56.14103 -0.11780739
p 123 34 56.158092 -0.14759445
p 124 35 56.370808 -0.037269592
p 125 36 56.407326 -0.16510582
p 125 37 56.510017 -0.15964317
p 124 38 56.62089 -0.057424545
p 124 39 56.665455 0.13678741
p 123 40 56.76341 0.062913895
p 124 41 56.870052 -0.028207779
p 123 42 57.04806 -0.08051491
p 124 43 57.354168 -0.26731873
p 124 44 57.392155 -0.28284836
p 125 45 57.60055 0.11361885
p 126 46 57.85717 -0.44122505
p 127 47 58.419666 0.3054161
p 128 48 58.598587 -0.017091751
p 129 49 58.854 -0.05735016
p 128 50 59.17236 0.11371231
p 129 51 59.536476 -0.2761135
p 129 52 59.816967 -0.21113968
p 128 53 60.183308 -0.19112587
p 127 54 60.575775 -0.053447723
p 128 55 60.99095 -0.16698456
p 129 56 61.42069 -0.1335411
p 130 57 61.833374 -0.23698044
p 131 58 62.262978 -0.071582794
p 132 59 62.760956 0.3244934
p 133 60 63.250927 -0.20364761
p 134 61 63.72391 -0.35903358
p 135 62 64.153206 0.12957573
p 136 63 64.629776 -0.13584137
p 137 64 65.11154 3.2512589
p 138 65 65.72327 0.4381218
p 139 66 67.11905 0.25468063
p 138 67 67.55469 -2.8803482
p 137 68 68.12979 -4.665535
p 136 69 68.7681 -2.8339882
p 135 70 69.47399 1.0090752
p 134 71 70.175995 1.9812889
p 133 72 70.91558 1.6593742

c 41 14.677559
p 126 102 89.83206 1.0028114
p 127 101 88.96762 -0.8388443
p 128 100 88.542404 0.30226517
p 129 99 87.818504 0.08789444
p 130 98 87.10934 1.6365738
p 131 97 86.52165 1.9309921
p 132 96 85.98975 0.124988556
p 131 95 85.53733 -3.440403
p 132 94 85.04306 -1.777565
p 133 93 84.18309 -0.43302917
p 134 92 83.045105 0.22545624
p 135 91 82.31139 -0.336689
p 136 90 81.622 0.04516983
p 135 89 80.92667 -4.001316
p 136 88 80.14991 -4.326786
p 137 87 79.91261 -0.8339386
p 138 86 79.28507 0.3500824
p 137 85 77.69702 1.8895721
p 136 84 76.951485 2.877964
p 135 83 76.24866 2.36483
p 134 82 75.70382 3.02248
p 133 81 75.1545 0.50403214

c 42 12.069366
p 127 150 90.78056 -0.5150528
p 128 149 91.36476 0.6433525
p 129 148 91.9778 0.52544403
p 130 147 92.550575 0.89133835
p 131 146 93.08312 -5.1116943E-4
p 132 145 93.97186 1.606636
p 133 144 94.750755 0.44841766
p 134 143 95.96724 -0.32445145
p 135 142 98.30747 -1.0655785
p 136 141 98.433815 0.86800385
p 136 140 99.13959 0.43948746
p 135 139 100.5587 -0.95905304
p 134 138 102.84993 -2.4005432

c 43 11.268158
p 128 188 67.163414 -2.0103188
p 129 189 66.62289 -0.099788666
p 130 190 66.08035 0.5533905
p 131 191 65.509285 2.8261948
p 132 192 64.96877 2.361374
p 133 193 64.50669 -0.36721802
p 134 194 63.86585 -0.21711731
p 135 195 63.317135 -0.34536743
p 136 196 62.814995 0.008272171
p 135 197 62.345306 -0.24233055
p 134 198 61.552135 -0.08621597
p 135 199 61.11475 -0.6855831
p 136 200 60.764523 0.04953766
p 137 201 60.405994 -0.03384018
p 136 202 60.014687 -0.094135284
p 136 203 59.36537 -0.5290451
p 135 204 59.17439 0.26243782
p 136 205 58.82966 -0.10102081
p 135 206 58.692596 0.24869347
p 136 207 58.104755 -0.26605225
p 137 208 57.8833 0.03894806
p 137 209 57.65989 0.0021362305
p 138 210 57.21261 -0.18719482
p 137 211 57.132004 0.21996307
p 138 212 56.85166 -0.1681633
p 138 213 56.488384 -0.31874084
p 139 214 56.369038 0.022377014
p 139 215 56.26058 -0.13591003
p 138 216 56.165432 -0.2796154
p 139 217 56.02054 -0.09458542
p 140 217 56.017227 -0.16825104
p 141 218 55.987568 -0.14968109
p 141 219 55.895256 -0.13333702

c 44 12.252426
p 129 176 74.60311 0.7394371
p 130 175 75.089615 2.5620804
p 131 174 75.609924 0.81019974
p 130 173 76.10964 4.850506
p 131 172 76.59709 3.6256256
p 132 171 77.13122 0.0043792725
p 131 170 77.71849 1.6131859
p 132 169 78.309784 3.164837
p 133 168 78.92781 3.4286041
p 134 167 79.51792 2.7174492
p 135 166 80.07689 0.6338959
p 134 165 80.67144 1.3074799
p 133 164 81.422585 0.8902893
p 134 163 82.07609 2.2231483
p 133 162 82.79021 0.40413284
p 134 161 83.51693 1.2351074
p 135 160 84.680046 0.3050232
p 136 159 85.618355 -1.1412811
p 135 158 86.2867 1.6819191
p 136 157 86.85554 -2.9892464

c 45 1.0952873
p 133 24 55.496212 -0.21468163
p 133 25 55.496212 -0.079912186
p 134 26 55.559776 -0.19120216
p 135 27 55.640423 -0.21323967
p 134 28 55.73394 -0.37505913
p 134 29 55.784454 -0.48394585
p 135 30 55.811916 -0.11622429
p 136 31 55.910492 0.079006195
p 137 32 55.9246 -0.1952343
p 136 33 55.960434 -0.37470245
p 135 33 56.15945 0.03043747
p 134 34 56.205906 -0.15132904
p 134 35 56.225525 -0.29800606
p 134 36 56.304817 -0.30621147
p 135 37 56.40525 -0.038028717
p 134 38 56.5915 -0.06827164

c 46 33.008087
p 133 185 69.13012 -0.10305786
p 134 186 70.08354 -2.6775208
p 135 185 70.76388 3.481453
p 136 184 71.72758 5.191223
p 137 183 72.28482 2.4459496
p 138 182 72.94264 1.1631393
p 139 183 73.54382 0.6940155
p 140 182 73.99287 0.29024887
p 141 181 74.76188 -0.90501404
p 142 180 74.96844 -0.52116776
p 143 179 75.55718 3.229889
p 144 178 76.18262 1.9375
p 145 177 76.81749 2.4926605
p 146 176 77.43636 2.3548012
p 147 175 78.03066 0.32603455
p 148 174 78.609924 0.15909195
p 149 173 79.31704 0.12549591
p 148 172 79.93173 0.8117256
p 149 171 80.45071 2.9599457
p 150 170 80.994934 1.5420876
p 151 169 81.52522 2.2204819
p 152 168 82.032906 1.4787979
p 153 167 82.5711 0.31144333
p 154 166 83.171326 -0.43719864
p 153 165 83.79786 1.8577957
p 154 164 84.37885 0.8127899
p 155 163 84.89609 -0.72990036
p 156 162 85.39287 -2.587017
p 157 161 85.91539 -2.5985756
p 158 160 86.466095 -0.7445755
p 159 159 87.02722 0.31111145
p 158 158 87.59585 0.32093048
p 159 157 88.168236 0.95456314
p 158 156 88.75617 -0.91062164
p 157 155 89.41207 -2.2292976
p 156 154 90.135345 -2.1593094
p 157 153 91.4799 3.530548
p 156 152 91.51243 -0.2710495
p 155 151 92.16232 1.6614265
p 154 150 92.91647 -1.2693825
p 155 149 93.68635 0.98078537
p 154 148 94.447266 -0.48468018
p 153 147 95.209305 -0.1750145
p 154 146 95.90364 -1.425312
p 155 145 96.5994 -1.7865181
p 156 144 97.31577 -0.1136055
p 155 143 97.99928 -3.0383415
p 154 142 99.33333 -1.6970024
p 155 141 99.62231 0.5185623
p 154 140 100.35398 -2.0503654
p 153 139 101.24174 -4.4314194
p 152 138 102.13821 -2.772316

c 47 8.134407
p 134 102 90.29399 0.088409424
p 134 103 91.4044 2.781189
p 135 104 91.66114 3.4017334
p 136 105 92.73414 5.7108536
p 137 106 92.88309 -0.21178818
p 137 107 93.41033 2.6367111
p 138 108 93.93539 2.0332718
p 139 109 94.78113 1.0105591
p 138 110 95.5623 0.5990715
p 137 111 96.256195 1.6771889
p 138 112 97.25792 0.0023727417
p 138 113 97.96523 0.7718315
p 138 114 98.4284 2.7914352

c 48 10.898045
p 141 66 66.71729 -0.1804924
p 142 65 66.06231 0.27583694
p 143 64 65.54543 4.7116127
p 144 63 65.05722 3.6677437
p 145 62 64.577835 -0.42546463
p 146 61 64.10182 -0.22259521
p 147 60 63.653027 0.16003609
p 148 59 63.172573 -0.31549835
p 149 58 62.69534 -0.052942276
p 150 57 62.280186 0.13000679
p 151 56 61.805973 -0.30483627
p 152 56 61.33788 -0.1884613
p 153 55 61.054184 -0.4158306
p 154 54 60.79985 0.07864952
p 155 53 60.4245 0.004840851
p 156 52 60.012245 -0.35744858
p 157 51 59.602383 -0.34773254
p 158 50 59.291603 -0.104997635
p 159 49 58.76985 -0.1278801
p 160 48 58.52026 -0.17804146
p 161 47 58.268707 0.020235062
p 162 46 58.01205 0.027200699
p 163 45 57.469456 -0.23788261
p 162 44 57.330215 -0.11505318
p 162 43 57.17105 -0.11259842
p 161 42 57.035984 -0.31689072
p 160 41 56.994358 0.1503334
p 161 40 56.867863 -0.043001175
p 162 39 56.623116 -0.2222023
p 163 38 56.498055 0.113033295
p 164 37 56.337532 -0.07852745
p 164 36 56.16999 -0.082559586
p 165 35 56.108463 0.109947205
p 164 34 56.093456 -0.16323471
p 165 33 56.04084 -0.48407555
p 166 32 56.017746 0.07038498
p 166 31 55.99159 -0.05419731
p 167 31 55.99159 0.027290344
p 168 32 55.913036 -0.0036678314
p 169 31 55.859356 -0.037046432
p 170 31 55.81925 -0.09146881
p 170 30 55.81925 0.028289795
p 169 30 55.825966 0.16931152
p 168 30 55.89824 -0.2959919

c 49 23.254402
p 141 66 66.71729 -0.16660309
p 142 67 67.36525 0.110198975
p 141 68 67.86114 1.3508339
p 142 69 68.28018 4.1954536
p 143 70 68.78145 4.1268883
p 144 71 69.28359 0.44905472
p 145 72 69.93087 0.983654
p 144 73 70.418434 -1.5082626
p 143 74 70.94441 -0.6227112
p 142 75 71.65391 1.2099533
p 141 76 72.30177 2.5104294
p 142 77 73.09261 5.197586
p 141 78 73.66835 1.332222
p 142 79 74.24509 2.531948
p 141 80 74.90579 -0.2678833
p 142 81 75.58045 2.35363
p 141 82 76.375496 -3.515625
p 142 83 76.85008 0.2496376
p 143 84 77.43012 -1.3486214
p 144 85 77.98065 2.2339249
p 145 86 78.8003 5.232689
p 146 87 79.24782 4.755039
p 147 88 80.14511 0.54185104
p 147 89 80.28041 1.7846451
p 148 90 80.8323 -0.234478
p 147 91 81.65935 4.1071167
p 148 92 82.400566 -0.06619263
p 148 93 82.8204 0.56251144
p 149 94 83.34885 2.7688484
p 150 95 83.91184 2.2371368
p 151 96 84.702194 3.318283
p 152 97 85.41254 4.677498
p 153 98 86.17389 -0.37276077
p 152 99 86.460335 0.014633179
p 153 100 87.094986 -0.895504
p 154 101 87.799774 -1.3357811
p 155 102 88.51599 -1.1599312
p 154 103 89.26714 -1.0012817
p 155 104 89.971695 1.6174164

c 50 10.785477
p 149 172 80.21721 2.090332
p 150 171 80.58234 0.31898117
p 151 170 81.04938 -2.031189
p 152 169 81.8223 -1.3679428
p 153 168 82.205185 -2.4357376
p 154 167 82.78032 -4.628067
p 155 166 83.15776 -3.7584457
p 156 165 84.2534 -1.7027855
p 157 164 84.647934 -0.31339264
p 158 163 84.67874 -0.5921402
p 159 162 85.822495 -0.30385208
p 160 161 86.19977 -0.56017303
p 161 160 87.699905 0.4102478
p 162 160 87.81467 -0.9853325
p 163 161 88.64195 1.0462494
p 164 160 89.39507 2.927681
p 165 159 89.910545 3.2582893
p 166 158 90.40935 1.3782349
p 167 157 91.002686 1.0140305

c 51 3.5077667
p 151 202 58.67992 -0.052038193
p 152 203 58.32056 -0.10468292
p 152 204 58.16759 -0.027713776
p 152 205 58.020374 -0.29441452
p 153 206 57.758762 -0.17918777
p 154 207 57.468094 -0.21036911
p 155 208 57.20476 -0.07688522
p 156 209 56.947056 -0.2915058
p 157 210 56.672306 -0.28738976
p 158 211 56.65832 -0.1996479
p 158 212 56.284157 -0.34338188
p 157 213 56.239475 -0.2475071
p 156 214 56.14898 -0.08077049
p 156 215 56.14898 -0.24517441
p 157 216 56.088223 0.004337311
p 157 217 55.932255 -0.40382767
p 156 218 55.829166 -0.045820236
p 157 219 55.75945 -0.09691429
p 157 220 55.687885 -0.048130035
p 158 220 55.687885 0.13027
p 159 220 55.665154 0.19006348
p 160 221 55.533646 0.039951324
p 161 222 55.519337 0.10378075
p 161 223 55.519337 -0.28365135
p 161 224 55.442375 -0.099004745
p 162 225 55.410255 -0.041936874
p 163 226 55.410255 -0.33006668
p 164 227 55.227234 -0.4012661
p 163 228 55.227234 -0.30098915
p 162 229 55.172153 -0.010198593
p 161 229 55.172153 -0.05616188

c 52 8.400509
p 155 187 64.10258 3.1934967
p 156 188 63.30547 1.0280266
p 157 189 62.656815 -1.3353863
p 158 190 61.962036 -3.731821
p 159 191 61.380066 -1.6329155
p 160 192 60.84232 0.07601929
p 159 193 60.374523 -0.022914886
p 158 194 60.25416 0.16636467
p 159 195 59.982944 -0.0468235
p 159 196 59.53131 -0.040031433
p 160 197 59.231926 0.02368927
p 159 198 58.94884 0.024536133
p 160 199 58.683247 -0.078969955
p 159 200 58.504402 -0.20688057
p 158 201 58.31879 0.07014465
p 158 202 58.27905 -0.056526184
p 158 203 58.14419 -0.03406906
p 158 204 57.924465 -0.1036911
p 159 205 57.648327 -0.11471939
p 160 206 57.46176 0.12580681
p 159 207 57.080822 0.1505642
p 159 208 57.080822 -0.08635521
p 160 209 56.957706 -0.31900787
p 161 210 56.831295 -0.26979065
p 160 211 56.647465 -0.20736313
p 159 212 56.313034 -0.17850876
p 158 213 56.255398 0.040100098
p 158 214 56.15537 -0.2806492
p 159 215 56.10285 0.20678711
p 159 216 56.028038 0.022382736
p 159 217 55.961388 -0.18187714
p 159 218 55.923824 0.09283638
p 158 219 55.70207 -0.11953926

c 53 11.110905
p 158 71 67.072914 -0.9987297
p 159 70 65.86576 4.78825
p 160 69 65.295876 2.627884
p 161 68 64.82967 -0.31798935
p 160 67 64.370125 -1.4440727
p 161 66 64.02743 3.1550865
p 160 65 63.069416 0.91293526
p 161 64 62.619396 2.6213875
p 160 63 62.270817 0.27269173
p 161 62 61.951267 -0.071596146
p 161 61 61.465702 -0.16910744
p 160 60 61.237076 -0.07988167
p 160 59 60.91071 -0.16090393
p 161 58 60.554497 -0.009523392
p 160 57 60.421585 -0.0044384003
p 161 56 60.229507 0.046115875
p 161 55 59.70537 0.064014435
p 162 54 59.422523 0.06477547
p 161 53 59.28913 -0.020477295
p 162 52 59.1219 -0.20389366
p 163 51 58.83915 -0.13250351
p 164 50 58.70813 -0.10728645
p 165 49 58.407673 -0.1136837
p 166 48 58.169945 -0.28886986
p 165 47 58.022335 0.0013103485
p 165 46 57.759575 -0.2286129
p 166 45 57.591564 -0.007883072
p 165 44 57.371914 -0.001821518
p 165 43 57.12836 -0.119752884
p 164 42 56.946815 -0.017475128
p 164 41 56.809235 -0.15458298
p 165 40 56.699673 0.08493805
p 166 39 56.479534 -0.14208221
p 167 39 56.433155 -0.23199272
p 168 38 56.38436 1.6212463E-4
p 169 37 56.190037 0.07833481
p 170 36 56.06343 -0.055490494
p 169 35 56.06343 0.0695076
p 170 34 56.041878 -0.017404556
p 169 33 55.96201 -0.091688156

c 54 0.4814949
p 160 30 55.899223 -6.0653687E-4
p 161 29 55.862213 -0.039396286
p 162 28 55.802296 0.17337418
p 163 27 55.69073 -0.15328026
p 162 26 55.69073 -0.1938343
p 161 25 55.58286 -0.28866577
p 162 24 55.58286 -0.23927307
p 163 23 55.527294 0.31406403
p 164 23 55.472477 0.03894615
p 165 22 55.438118 -0.16455078
p 166 21 55.41773 -0.13238525
p 167 21 55.41773 -0.33314514

c 55 16.279556
p 161 216 56.088814 0.034072876
p 162 215 56.146793 -0.22895622
p 162 214 56.2032 -0.16663933
p 163 213 56.309387 -0.18577003
p 164 212 56.31141 -0.5047798
p 165 212 56.31141 -0.21344376
p 166 212 56.374783 -0.23689461
p 167 211 56.49587 -0.0710392
p 167 210 56.54369 -0.22220802
p 168 209 56.834057 0.030107498
p 169 208 56.942554 -0.046144485
p 170 207 57.254692 -0.3469143
p 171 206 57.254692 -0.16444778
p 171 205 57.475586 -0.23433113
p 170 204 57.67171 -0.0166111
p 171 203 57.915844 0.021787643
p 170 202 58.00213 0.10501671
p 170 201 58.16282 0.12848854
p 169 200 58.51947 -0.11077118
p 169 199 58.789585 -0.21856308
p 168 198 58.911007 -0.28447342
p 169 197 59.461 0.22299385
p 168 196 59.514587 -0.059511185
p 168 195 59.861435 -0.09789276
p 169 194 60.023884 -0.21299171
p 170 194 60.34846 -0.0374794
p 171 193 60.566967 -0.27703857
p 172 192 60.98818 1.3431454
p 173 191 61.361813 -0.22967148
p 174 191 61.79107 2.8353863
p 175 190 62.27323 4.4627533
p 174 189 62.767574 1.1307678
p 175 188 63.3236 1.8457527
p 174 187 63.881905 0.36779022
p 173 186 64.46446 1.3650894
p 174 185 64.8934 1.3724709
p 175 184 65.67569 0.13363647
p 174 183 66.308235 1.6063004
p 175 182 66.77503 0.70597076
p 176 181 67.22373 1.5901871
p 177 180 67.83092 6.3183975
p 178 179 68.562325 4.8740425
p 179 178 69.59889 6.794533
p 178 177 70.46577 1.8731346
p 177 176 71.17512 0.8406868
p 176 175 71.802666 0.17988586
p 175 174 72.36837 -3.1248093

c 56 3.1331291
p 166 54 59.471004 -0.20324326
p 167 53 59.088196 -0.48972893
p 168 52 58.906147 -0.027057648
p 167 51 58.820923 -8.506775E-4
p 168 50 58.537415 -0.04755783
p 169 49 58.17682 -0.09920883
p 169 48 58.072105 -0.01585579
p 169 47 57.8023 -0.20963669
p 169 46 57.664627 0.014158249
p 170 45 57.467255 -0.15689468
p 171 44 57.253803 0.0922699
p 170 43 56.819946 -0.27002144
p 169 42 56.819946 -0.22810364
p 169 41 56.574665 -0.30504417
p 170 40 56.497856 -4.711151E-4
p 171 39 56.497856 0.11592293
p 170 38 56.337875 3.8146973E-4

c 57 30.141888
p 168 95 85.78977 0.89689255
p 169 94 85.20678 0.94283295
p 170 93 84.405914 5.075596
p 171 92 83.03849 -0.99642944
p 170 91 82.221565 0.1434021
p 171 90 81.70945 1.0636177
p 172 89 81.31597 1.1828995
p 173 88 80.52852 0.9747696
p 174 87 80.00507 1.8752975
p 175 86 79.35673 1.925003
p 176 86 79.047386 2.1503868
p 177 85 78.89336 0.70202255
p 177 84 77.97739 4.161728
p 178 83 77.45738 -0.44009018
p 179 82 76.88584 -1.2666359
p 180 81 76.46408 0.41500092
p 181 80 75.49935 -0.049137115
p 182 79 74.83046 1.6251106
p 183 78 74.257416 1.2064133
p 184 77 73.7706 1.948616
p 185 76 73.25227 -0.9660721
p 186 77 72.70392 6.750534
p 187 76 72.20596 4.8355484
p 188 75 71.71824 3.4010468
p 189 74 70.90338 1.7999039
p 190 73 70.397224 2.0589561
p 191 72 69.93997 2.6244926
p 192 71 69.45612 2.0543518
p 193 70 68.867805 -0.13058472
p 194 69 68.22177 0.15247726
p 195 68 67.758446 0.6969261
p 194 67 67.221405 -0.034965515
p 195 66 66.66981 -0.116882324
p 196 65 66.11017 1.2691422
p 197 64 65.55618 2.2272072
p 198 63 65.02349 2.7103653
p 199 62 64.51353 0.20143509
p 200 61 63.982765 -0.18018341
p 201 60 63.434795 -0.06404495
p 202 61 62.96878 -0.46468353
p 203 60 62.5463 -0.59095955
p 204 59 62.105286 -0.4091587
p 204 58 61.714523 -0.77113724
p 205 57 61.627586 -0.06805611
p 206 56 61.213467 0.13502312
p 207 55 60.44653 -0.20045853
p 208 54 60.28404 -0.2066803
p 209 53 59.96724 0.030576706
p 210 52 59.523346 0.08456802
p 211 51 59.150818 -0.0589962
p 212 50 58.588566 -0.20192337
p 213 49 58.419525 -0.17797852
p 214 48 58.15464 0.2837906
p 215 47 57.706516 0.1624794
p 216 46 57.389305 -0.11353111
p 217 45 57.070778 -0.1893444
p 218 44 56.77525 0.100725174
p 218 43 56.66223 -0.11786842
p 219 42 56.573986 -0.085142136
p 220 41 56.340195 0.11187935
p 221 40 56.236156 -0.029699326
p 222 39 56.16972 -0.10084915
p 222 38 56.09599 -0.06112671
p 221 37 55.951683 0.019447327
p 222 36 55.83741 -0.24538994
p 223 35 55.678036 0.05602455
p 223 34 55.647884 0.019685745
p 222 34 55.647884 0.026132584

c 58 27.419678
p 169 109 95.70694 -0.20130539
p 170 110 94.90756 0.8896713
p 171 109 93.71529 0.2818451
p 172 108 92.91638 0.9019699
p 173 107 92.01314 0.070423126
p 174 106 91.321434 0.59399796
p 175 105 90.532036 0.6471138
p 176 104 90.03337 1.7506981
p 177 103 89.10023 0.9681244
p 178 102 88.50972 -0.30148697
p 177 101 87.8716 0.32901
p 178 100 86.937004 0.6337471
p 179 99 86.585335 2.0679512
p 180 98 86.04908 3.1941528
p 181 97 85.487915 3.7095833
p 182 96 84.77228 1.396183
p 183 95 84.11235 -0.60393524
p 183 94 83.6571 2.3071404
p 184 93 82.416855 1.480442
p 185 92 81.672 2.2553596
p 186 91 81.018654 1.5633087
p 187 90 80.39847 1.2357178
p 188 89 79.74539 1.209259
p 189 88 79.21181 1.6404228
p 190 87 78.7081 2.0856476
p 191 86 78.19339 3.0200272
p 192 85 77.76618 3.4410515
p 193 84 77.271805 4.885975
p 194 83 76.525475 2.2887383
p 195 82 75.672844 -0.94695663
p 194 81 75.4064 4.8170853
p 195 80 74.75193 -0.7683945
p 196 79 74.0914 -0.7130203
p 196 78 73.63945 -1.9744949
p 195 77 72.9127 1.3849373
p 196 76 72.35797 0.36621857
p 197 75 71.90436 0.21312332
p 198 74 71.63372 -0.21562958
p 199 74 71.06589 -0.83625793
p 200 73 70.51995 1.7383461
p 199 72 69.94731 0.093387604
p 198 71 69.33518 1.7084312
p 197 70 68.768036 3.1152725
p 196 69 68.28726 2.4657822

c 59 3.98106
p 171 36 56.121086 -0.14213943
p 172 37 56.15873 -0.14252281
p 172 38 56.36012 -0.24044609
p 172 39 56.37836 -0.12731552
p 172 40 56.66653 0.30835152
p 173 41 56.66653 -0.13707542
p 173 42 56.769142 0.05466461
p 174 43 57.020252 -0.1270523
p 175 44 57.17257 -0.20747757
p 176 45 57.469402 0.056669235
p 175 46 57.72305 0.029880524
p 174 47 58.01102 -0.24757957
p 174 48 58.15711 -0.002708435
p 175 49 58.565132 0.10684013
p 176 50 58.70324 -0.24448395
p 176 51 59.043518 -0.033330917
p 177 52 59.407345 -0.4670372
p 178 53 59.847763 0.0011043549
p 177 54 60.102146 -0.23307991

c 60 2.3052902
p 173 205 57.379208 -0.25021362
p 173 206 57.34919 0.13519096
p 174 207 57.11316 0.09820175
p 174 208 56.97422 -0.20906067
p 174 209 56.642803 -0.3026638
p 175 210 56.555107 -0.07560921
p 175 211 56.46999 -0.16913223
p 175 212 56.411407 0.01722908
p 176 213 56.201805 -0.13696098
p 175 214 56.201805 -0.014373779
p 176 215 55.899723 -0.36858177
p 176 216 55.83017 -0.26504326
p 175 217 55.765877 -0.09785843
p 174 217 55.73992 -0.068265915
p 174 218 55.73992 -0.086265564
p 175 219 55.693398 -0.12057686
p 175 220 55.615414 -0.1694603
p 176 221 55.615414 -0.0376091
p 177 222 55.575462 -0.06806755
p 178 223 55.55299 0.007896423
p 177 224 55.55299 -0.18005943
p 177 225 55.40306 -0.016729355
p 176 226 55.391132 0.08405495
p 175 227 55.305492 -0.23578835
p 174 228 55.190464 0.12453461
p 173 229 55.130997 -0.038324356
p 173 230 55.10136 -0.12624359
p 174 231 55.073917 -0.060350418
p 173 232 55.073917 -0.19828033

c 61 2.6343079
p 175 218 55.76193 -0.015300751
p 176 217 55.828434 -0.22849464
p 177 216 55.920654 0.3170948
p 178 215 55.925354 -0.09152603
p 179 214 55.96578 0.017587662
p 178 213 56.21079 0.20887756
p 179 212 56.435234 0.123806
p 180 211 56.55315 -0.0493412
p 181 210 56.61263 -0.049041748
p 180 209 56.838085 0.048469543
p 181 208 56.99075 -0.16160583
p 180 207 57.268604 0.1516304
p 181 206 57.378426 -0.1228981
p 182 205 57.73139 0.017118454
p 182 204 58.049553 0.013771057
p 181 203 58.33342 -0.061016083
p 181 202 58.396236 -0.39006615

c 62 0.5114517
p 180 31 55.81708 -0.010101318
p 181 30 55.765423 -0.031734467
p 181 29 55.698067 -0.025224686
p 182 28 55.561478 -0.13554955
p 183 28 55.561478 0.011470795
p 184 27 55.44852 -0.024103165
p 185 26 55.446716 -0.25260544
p 186 26 55.446716 -0.14619255
p 187 25 55.337093 -0.06767464
p 186 24 55.337093 0.16693306
p 187 23 55.30563 0.1271019
p 187 22 55.30563 0.23069

c 63 0.954628
p 180 31 55.81708 0.049674988
p 181 32 55.84352 0.075401306
p 182 33 55.904655 0.07394409
p 182 34 55.912086 0.07502365
p 182 35 55.912086 -0.17612839
p 181 36 56.151814 0.3341503
p 182 37 56.25968 -0.1968956
p 182 38 56.278393 -0.34038544
p 183 39 56.627514 0.13445473
p 182 40 56.75841 -0.30166435
p 182 41 56.75841 -0.05112648
p 182 42 56.77171 -0.18541908

c 64 34.544106
p 181 152 89.76902 -4.522846
p 182 153 88.5156 -2.4219666
p 183 154 86.29631 -5.2361526
p 184 155 85.66644 -4.5454636
p 185 156 85.0668 -4.8488884
p 186 157 84.39709 0.5693474
p 185 158 83.84061 0.7230873
p 186 159 83.23994 2.0613976
p 185 160 82.64521 -0.042613983
p 184 161 82.075676 0.3900795
p 185 162 81.51034 1.0941353
p 186 163 81.043816 2.6071625
p 187 164 80.57405 -0.63593674
p 186 165 79.82926 6.2857437
p 187 166 78.870705 1.2944946
p 186 167 78.296844 -0.2958107
p 187 168 77.718185 1.2285271
p 186 169 77.096466 2.2013245
p 185 170 76.53406 1.8173256
p 184 171 75.99212 1.7776299
p 185 172 75.217354 3.8879051
p 186 173 74.614914 3.9636688
p 187 174 74.11477 3.38488
p 188 175 73.744804 4.259445
p 189 176 73.30564 -0.4584198
p 188 177 72.475006 5.4827614
p 189 178 71.14884 2.9682617
p 189 179 70.777794 3.4102783
p 189 180 70.736824 9.543041
p 190 181 69.07391 7.6335373
p 191 182 68.447914 3.9396133
p 192 183 67.88167 2.9459229
p 193 184 67.35846 2.1571693
p 194 185 66.86773 2.1599083
p 195 186 66.37393 -0.17075348
p 194 187 65.89182 0.7297096
p 195 188 65.60984 -0.053951263
p 194 189 64.54768 -1.4486694
p 193 190 64.06049 -0.5985489
p 192 191 63.580326 -0.049440384
p 192 192 62.879303 -0.13093948
p 193 193 62.645966 -0.106666565
p 192 194 62.2855 -0.06889343
p 193 195 61.846275 0.12945366
p 193 196 61.187885 -0.35642815
p 192 197 60.84866 0.06440544
p 193 198 60.46198 -0.44909286
p 192 199 60.16634 0.08256149
p 192 200 59.582344 -0.29633522
p 193 201 59.290634 -0.31941795
p 193 202 58.93783 -0.41975403
p 194 203 58.62791 -0.07724571
p 195 204 58.267334 0.13220787
p 195 205 57.71799 -0.206913
p 194 206 57.559658 0.10166359
p 194 207 57.252136 0.14039612
p 194 208 57.252136 -0.026374817
p 193 209 56.89665 -0.19899368
p 192 210 56.70889 -0.28855324
p 191 211 56.565605 0.0653553
p 191 212 56.41305 -0.42455482
p 191 213 56.41305 -0.13724327
p 192 214 56.15401 -0.26353645
p 191 215 56.123238 -0.0076522827
p 192 216 56.0407 -0.14825249
p 193 217 55.911087 -0.39595795
p 193 218 55.86473 -0.11336899
p 192 219 55.783405 -0.08244133
p 192 220 55.72824 -0.033708572
p 193 221 55.602764 -0.2761898
p 194 222 55.46404 -0.012550354
p 194 223 55.452938 -0.274683
p 194 224 55.440704 0.007923126
p 193 225 55.440704 -0.1737194
p 193 226 55.40028 -0.26821136
p 192 227 55.397995 -0.024635315
p 192 228 55.332996 -0.10885811
p 191 229 55.224915 -0.114572525
p 191 230 55.224915 -0.18440056

c 65 26.158142
p 184 115 97.301994 -0.198555
p 185 114 96.4343 0.372818
p 186 113 95.548454 -0.5654564
p 187 112 94.94014 -2.5769577
p 188 111 94.289795 -2.3186378
p 189 110 93.62449 -0.19926453
p 190 109 93.052246 -0.9086151
p 191 108 92.342995 -2.1161003
p 192 107 91.428635 -1.8084755
p 193 106 90.75453 -0.62020874
p 194 105 89.91719 0.041202545
p 195 104 88.965935 0.16703415
p 194 103 88.29368 0.8266907
p 195 102 87.5838 0.33184433
p 196 101 86.829834 -1.0310707
p 197 100 86.20677 -0.72932816
p 196 99 85.53867 3.450756
p 197 98 84.85945 1.7880249
p 196 97 84.21874 1.9977036
p 197 96 83.666435 1.8591614
p 198 95 83.091194 -0.2797737
p 199 94 82.5113 0.18289185
p 200 93 81.91578 0.67962265
p 201 92 81.31555 1.3183594
p 200 91 80.75543 -0.39094925
p 201 90 80.195595 0.4540825
p 200 89 79.636734 -0.3807106
p 201 88 79.08049 -1.3190384
p 200 87 78.54843 0.71536636
p 199 86 78.08866 2.9568443
p 198 85 77.58105 1.3310165
p 197 84 76.88265 -2.6168518
p 198 83 76.338646 -0.5494232
p 199 82 75.79513 2.7088814
p 200 81 75.26757 2.6101189
p 201 80 74.749535 -0.088207245
p 200 79 74.163574 -2.2500687
p 201 78 73.54269 -0.5391617
p 202 77 72.965225 0.3528595
p 201 76 72.198425 1.5017014
p 200 75 71.61728 0.6256523
p 201 74 71.14385 3.0304718
p 202 75 71.90755 1.29739
p 203 76 72.682106 0.14429092
p 204 77 73.360664 0.25378418
p 205 78 73.92272 -1.171238
p 206 79 74.39752 -4.1217804
p 207 80 74.84976 -4.1648293
p 208 81 75.326775 -2.4925919
p 209 82 75.833725 -1.1385651
p 210 83 76.35621 0.4865532
p 211 84 76.88377 -0.28876114
p 210 85 77.42662 -3.4918976
p 211 86 77.98465 0.18170929
p 212 87 78.64588 3.2941742
p 213 88 79.27998 2.2657356
p 214 89 79.829094 1.7982025
p 215 90 80.34477 -0.08816528
p 216 91 80.858635 -0.01864624
p 215 92 81.38788 -1.1762924
p 214 93 81.9184 -0.067733765
p 215 94 82.492645 1.4521332
p 214 95 83.09653 1.5710716
p 215 96 83.78267 1.1817551
p 214 97 84.46903 0.006942749
p 215 98 85.08846 0.23432922
p 214 99 85.718796 -0.38954926
p 213 100 86.44821 1.6887894
p 212 101 87.072754 0.33130646
p 213 102 87.46841 -0.8544388
p 212 103 88.02118 -0.40491867
p 213 104 88.72675 -0.888607
p 214 105 89.39942 -0.13232803
p 215 106 90.13633 -0.96951294
p 216 107 90.69527 0.6845131
p 217 108 91.143585 -1.8957558
p 218 109 92.16188 -0.58516693
p 219 110 92.69962 -1.161869
p 220 111 93.67667 0.8116112
p 221 112 95.20469 1.333725

c 66 36.401207
p 189 149 91.94588 -1.2172356
p 190 150 91.158005 -0.85785294
p 191 151 90.43663 -0.75019073
p 190 152 89.84231 0.7196884
p 189 153 89.220764 -0.44332504
p 190 154 88.47918 1.5147552
p 189 155 87.68157 -2.4761581
p 190 156 86.95689 -0.7833481
p 191 157 86.268845 -0.5870476
p 192 158 85.50763 -2.354908
p 193 157 84.51812 4.1750603
p 194 158 83.92581 3.3867645
p 195 159 83.35205 2.591034
p 194 160 82.72296 -0.5230217
p 195 161 82.03701 4.0091286
p 194 162 81.50151 0.14770508
p 195 163 81.0804 3.5079384
p 194 164 80.35461 3.1650696
p 193 165 79.72191 3.3233833
p 192 166 79.20982 1.3815193
p 193 167 78.46662 3.474739
p 194 168 78.02573 -0.8106499
p 194 169 77.30788 0.5648079
p 194 170 76.72951 1.7545204
p 195 171 75.738396 0.19293594
p 194 172 75.08692 1.0565529
p 193 173 74.5944 -2.227047
p 194 174 73.93472 7.3397217
p 195 175 73.249626 -0.7883835
p 194 176 72.66901 0.9024391
p 195 177 72.17542 4.328636
p 196 178 71.30308 3.6246414
p 197 179 70.68467 3.7106323
p 198 180 70.08556 5.455509
p 199 181 69.48223 0.89416504
p 198 182 68.865486 -2.5390015
p 199 183 68.239655 4.1741905
p 198 184 67.62531 3.138462
p 197 185 67.03959 3.5249138
p 196 186 66.573166 1.5473099
p 195 187 66.1124 1.5829201
p 196 188 65.31346 -0.7417717
p 195 189 64.7437 0.13385773
p 196 190 64.18225 3.1058846
p 197 191 63.670975 5.3906116
p 198 192 63.185555 3.8583908
p 199 193 62.698463 -0.16514397
p 198 194 62.240036 -0.085962296
p 198 195 61.77074 0.1350193
p 198 196 61.190205 -0.09226036
p 199 197 60.89179 -0.45695877
p 199 198 60.418 -0.17985344
p 199 199 60.04498 -0.19968224
p 198 200 59.613686 -0.04571724
p 198 201 59.29962 -0.2351551
p 199 202 58.910328 0.019475937
p 200 203 58.560017 0.026679993
p 200 204 58.390892 -0.2527218
p 201 205 57.771584 -0.15197182
p 200 206 57.45081 0.092681885
p 201 207 57.36258 -0.3435669
p 202 208 57.174778 0.011707306
p 202 209 56.89992 -0.10524559
p 202 210 56.712063 0.10139465
p 201 211 56.595234 -0.21203613
p 200 212 56.573994 0.12777519
p 199 213 56.348488 -0.16296005
p 198 214 56.17479 -0.0913353
p 198 215 56.062008 -0.082901
p 197 216 55.96552 -0.0022697449
p 197 217 55.96552 -0.540081
p 197 218 55.825974 -0.27070808
p 196 219 55.82177 -0.048906326
p 196 220 55.78165 -0.1696167
p 196 221 55.72964 -0.074394226
p 195 222 55.54467 -0.02809906

c 67 12.769226
p 198 113 94.62963 -0.8345413
p 199 112 93.76703 -2.573368
p 200 111 93.2418 -1.3363991
p 201 110 92.86243 -0.3910675
p 202 109 92.03166 -1.1138649
p 203 108 91.48532 -1.6905212
p 204 107 91.03797 -0.069438934
p 205 106 89.674736 0.7433853
p 206 105 88.7012 0.19762039
p 205 104 88.09806 0.34487152
p 204 103 87.48272 -1.8969498
p 205 102 86.85812 2.260357
p 204 101 86.23698 -1.4170914
p 203 100 85.63706 -1.1488113
p 202 99 85.075325 -0.9975052
p 201 98 84.55123 -1.6704254
p 202 97 84.04918 -1.246376
p 203 96 83.54177 -0.6605072
p 204 95 82.99728 0.51327515
p 203 94 82.42368 0.31358337
p 202 93 81.860405 0.5944748

c 68 1.6800232
p 200 45 57.489212 -0.2638855
p 201 44 57.257744 -0.27789116
p 202 43 57.008286 -0.43915558
p 203 42 56.90335 -0.019269943
p 204 41 56.62289 0.0598526
p 205 40 56.51408 0.017486572
p 206 39 56.32091 -0.14479637
p 205 38 56.137527 -0.031938553
p 206 37 55.95361 -0.2685032
p 206 36 55.90464 -0.13199234
p 206 35 55.87561 -0.31279564
p 207 34 55.87561 0.003534317
p 208 35 55.80919 -0.37098122
p 208 36 55.80919 -0.08515358

c 69 24.732998
p 203 165 80.21389 0.8372421
p 204 166 79.666405 6.5460777
p 205 167 78.98863 2.0710526
p 204 168 78.122536 2.9384155
p 205 169 77.41463 -0.3556366
p 204 170 76.79569 1.1468811
p 205 171 76.20414 2.17593
p 205 172 75.88783 0.92934036
p 206 173 75.23324 3.218235
p 206 174 73.98587 -0.74056625
p 207 175 73.3932 0.9963417
p 208 176 71.82463 -0.6642723
p 209 177 71.14938 -2.112423
p 210 178 70.5658 -3.7360954
p 211 179 69.819176 -0.6243553
p 212 180 69.313896 3.5154228
p 211 181 68.81209 0.1586113
p 212 182 68.26337 3.069027
p 211 183 67.717674 3.9193459
p 210 184 67.184105 5.151661
p 209 185 66.660515 6.6079216
p 208 186 66.13538 -0.0075683594
p 209 187 65.61045 0.9124718
p 208 188 65.09176 0.8514099
p 207 189 64.52922 -0.668705
p 206 190 63.977123 0.012533188
p 207 191 63.411438 2.163517
p 208 192 62.846954 -0.004453659
p 207 193 62.312794 -0.15925598
p 206 194 61.879246 -0.28252602
p 207 195 61.580383 0.02799797
p 208 196 61.106155 0.05365944
p 209 197 60.603737 0.21449661
p 210 198 60.15953 0.012563705
p 209 199 59.847244 0.04452324
p 210 200 59.5037 -0.032814026
p 209 201 59.16379 0.115184784
p 210 202 58.82764 0.1119957
p 209 203 58.53007 0.0020160675
p 208 204 58.2439 -0.06943703
p 208 205 57.933292 -0.2696228
p 207 206 57.62559 0.09471893
p 206 207 57.30997 -0.12089157
p 206 208 57.15063 -0.028289795
p 206 209 56.837486 -0.1289978
p 205 210 56.76458 -0.03835106
p 206 211 56.71213 0.06756592
p 206 212 56.548786 -0.2130394
p 207 213 56.320995 -0.08703804
p 206 214 56.194202 -0.15354347
p 205 215 56.15625 0.018007278
p 206 216 56.05988 0.026432037
p 205 217 55.975315 -0.11022949
p 206 218 55.924732 -0.029356003
p 206 219 55.85141 -0.1758709
p 206 220 55.85141 -0.024942398
p 205 221 55.62177 -0.018884659
p 205 222 55.53171 0.0033454895
p 206 223 55.480892 -0.057397842
p 205 224 55.480892 -0.047319412

c 70 4.8878403
p 208 224 55.475376 -0.073732376
p 209 224 55.475376 0.025852203
p 210 223 55.53977 -0.33151627
p 211 222 55.56706 -0.08747864
p 212 223 55.615147 -0.13246155
p 213 223 55.617893 -0.2992897
p 214 222 55.6689 0.09249878
p 213 221 55.6689 0.08081436
p 212 220 55.74849 -0.010017395
p 213 219 55.85149 -0.021097183
p 213 218 55.962757 -0.023881912
p 214 217 55.962757 -0.30433846
p 215 217 55.99481 -0.30427742
p 216 216 56.115597 -0.13999176
p 217 215 56.218643 0.03887558
p 218 214 56.42003 -0.07632446
p 218 213 56.472515 -0.200037
p 217 212 56.67925 0.07593346
p 218 211 56.974636 -0.08295822
p 219 210 57.145615 -0.24058914
p 220 209 57.264328 -0.14156723
p 219 208 57.264328 -0.33372307
p 218 207 57.394753 0.10804939
p 218 206 57.610703 0.06923103
p 219 205 57.770386 -0.042459488
p 220 204 58.07755 -0.20724869
p 221 203 58.300186 -0.21696472
p 220 202 58.54681 0.08325958
p 221 201 58.799675 -0.21965408
p 222 200 58.906452 -0.040550232
p 221 199 59.17589 -0.06513405
p 220 198 59.34576 -0.00274086
p 220 197 59.465687 -0.30143738
p 219 196 59.750027 -0.022195816
p 220 195 59.86166 -0.29239082
p 221 194 60.00875 -0.20551872
p 220 193 60.363216 0.06748581

c 71 23.550766
p 209 152 94.0213 0.55701447
p 210 153 91.72187 -2.819538
p 211 154 90.35523 2.7654228
p 211 155 89.63843 -0.936615
p 212 156 86.92505 -7.662899
p 213 157 86.271774 -8.349754
p 214 158 85.09563 -2.678875
p 213 159 83.09234 -7.6720047
p 212 160 82.32223 -4.8422546
p 211 161 81.73984 -3.2973785
p 210 162 81.109856 1.6779518
p 211 163 80.44945 2.4180527
p 210 164 79.36347 0.31895065
p 211 165 78.588684 -0.0030937195
p 212 166 78.03548 1.1598511
p 213 167 77.382515 4.9608727
p 214 168 76.939316 -0.6443176
p 213 169 76.22668 5.922859
p 214 170 75.59749 0.5589409
p 213 171 75.04556 -0.7625885
p 214 172 74.4384 0.90667343
p 213 173 73.85672 -1.7647705
p 214 174 73.19772 3.0812798
p 213 175 72.34809 -0.13922119
p 214 176 71.69738 4.631359
p 213 177 71.43811 2.076107
p 212 178 70.470535 -0.78354645

c 72 3.129406
p 217 55 58.77299 -0.2708645
p 218 54 58.66783 -0.06290245
p 219 53 58.150032 -0.059165955
p 220 52 58.06836 -0.1645832
p 221 51 57.811115 -0.016075134
p 221 50 57.724293 -0.24639702
p 222 49 57.514023 -0.100914
p 222 48 57.233513 0.010087967
p 222 47 57.156155 0.1938057
p 221 46 57.028843 -0.17810631
p 221 45 56.94794 -0.2100296
p 222 44 56.752796 -0.2687664
p 223 43 56.675533 0.08436394
p 224 42 56.295017 -0.051218033
p 224 41 56.18558 0.12522888
p 223 40 56.153603 0.0909729
p 224 39 56.153603 -0.05296707
p 225 38 55.96613 -0.059181213
p 226 37 55.96613 -0.0714035
p 226 36 55.808247 -0.080192566
p 226 35 55.689007 -0.1497879
p 227 34 55.689007 -0.1551876
p 228 33 55.643585 -0.048646927
p 228 34 55.643585 0.07948303

c 73 39.33037
p 217 145 95.32045 -0.5566597
p 218 146 94.53601 -2.1670494
p 219 147 93.69677 -0.83418274
p 220 148 92.90312 -0.64045334
p 221 149 92.234764 -0.63772583
p 222 148 91.62723 0.6627388
p 223 149 90.899666 1.0658798
p 224 150 90.16072 1.5171661
p 225 151 89.68216 0.7956734
p 226 152 89.16154 0.46440506
p 227 153 88.419044 1.8971176
p 228 154 87.80799 0.095817566
p 229 153 87.56025 0.27204514
p 230 154 86.95066 0.22176361
p 231 155 86.44455 2.4843102
p 232 156 86.15687 1.6764641
p 233 157 85.3114 1.6631851
p 234 158 84.59887 1.724205
p 235 159 84.06173 0.9543419
p 236 160 83.540215 1.3194122
p 237 161 83.00389 0.9961052
p 238 162 82.43713 1.734623
p 239 163 81.87488 -0.13774872
p 238 164 81.34961 1.4442062
p 239 165 80.8377 0.17977905
p 240 166 80.33521 0.58761215
p 241 167 80.11906 0.108867645
p 241 168 79.48482 0.9604225
p 242 169 78.91187 -0.29537582
p 242 170 78.28662 2.227108
p 243 171 77.79816 1.6107674
p 244 172 77.32102 2.321743
p 245 173 76.88251 0.49775696
p 244 174 76.49478 0.6937599
p 244 175 76.09063 -1.2127228
p 245 176 75.79184 1.2746696
p 246 177 74.58465 1.9546661
p 247 178 74.071594 0.33177185
p 247 179 73.578705 1.4683533
p 248 180 73.19155 0.2673645
p 249 181 73.02792 0.19174957
p 250 182 72.48702 1.2891388
p 251 183 72.102 0.58317566
p 252 184 71.59946 -0.33761978
p 252 185 71.054756 2.5949554
p 253 186 70.60996 7.9938164
p 254 187 69.589355 -0.5758133
p 253 188 69.523315 6.3853073
p 252 189 67.08666 -1.3127556
p 253 190 66.47116 3.2494087
p 252 191 65.93868 3.8025818
p 251 192 65.41 2.236885
p 250 193 64.861336 -0.019001007
p 251 194 64.29317 -0.4218483
p 250 195 63.928555 -0.45386887
p 249 196 63.26725 -0.11186409
p 250 197 62.856087 -0.38679504
p 251 198 62.470047 -0.26001358
p 252 199 62.100452 -0.26278877
p 253 200 61.594887 -0.4543972
p 254 201 61.234333 -0.49292374
p 255 202 60.632725 -0.24105453
p 254 203 60.28848 -0.02193451
p 255 204 59.84609 0.19987488
p 254 205 59.516212 -0.09710693
p 253 206 59.087242 0.042892456
p 253 207 58.703163 -0.161829
p 254 208 58.49996 0.074855804
p 254 209 58.230663 0.109989166
p 253 210 57.780136 -0.060323715
p 253 211 57.27594 -0.1613121
p 252 212 57.27594 -0.09631729
p 251 213 57.09602 -0.020069122
p 250 214 56.85284 -0.090662
p 251 215 56.61426 -0.0688591
p 252 216 56.38078 -0.12864685
p 253 217 56.355556 0.21197319
p 254 218 56.172626 0.10636139
p 254 219 56.156757 -0.20858383
p 254 220 55.990078 -0.17938805
p 255 220 55.990078 -0.24209595

c 74 3.6085205
p 220 219 55.94681 -0.0651741
p 221 219 55.94681 -0.056764603
p 221 218 56.0897 -0.39876366
p 221 217 56.09914 -0.6573925
p 222 216 56.110535 0.0049324036
p 223 216 56.22235 0.134552
p 224 215 56.22235 -0.18665504
p 223 214 56.336864 -0.2220211
p 222 213 56.61774 -0.008022308
p 221 212 56.661217 -0.26195335
p 222 211 57.030186 -0.28248978
p 222 210 57.24281 -0.33829117
p 223 209 57.37991 -0.12841034
p 223 208 57.495518 -0.30576134
p 224 207 57.65918 0.15850067
p 225 206 58.00149 -0.09163666
p 226 205 58.01049 -0.1489582
p 227 204 58.27446 -0.02176857
p 228 203 58.5588 0.06618881
p 229 202 58.806084 0.098587036
p 230 201 59.131275 0.23890305
p 231 200 59.31462 0.19080925
p 232 199 59.478046 0.084589005
p 233 198 59.555332 -0.07422638

c 75 2.23489
p 222 57 59.06132 -0.090761185
p 223 56 58.934338 0.037837982
p 223 55 58.57854 0.06949997
p 224 54 58.343307 -0.11498642
p 225 53 58.067112 0.10341263
p 224 52 57.794495 -0.018465042
p 225 51 57.794495 -0.10119629
p 225 50 57.715347 -0.10269737
p 225 49 57.47258 -0.29343796
p 224 48 57.391228 -0.09429169
p 224 47 57.221245 -0.30714035
p 224 46 56.875755 -0.60051346
p 223 45 56.82643 -0.51099205

c 76 8.183861
p 225 140 96.7041 1.8757019
p 225 141 95.99555 1.1167107
p 226 142 94.57655 -1.3572426
p 227 143 94.021965 -2.023796
p 228 144 93.19131 -1.7069359
p 229 145 92.617485 0.32112503
p 230 146 92.06731 -0.41544724
p 229 147 91.43508 -0.5844574
p 230 148 90.770256 0.47685242
p 230 149 90.17502 -0.5397339
p 231 150 89.89898 1.0291557
p 230 151 89.34877 0.10440445
p 230 152 88.52024 -0.5479622

c 77 0.9675522
p 230 215 56.363018 0.0030651093
p 230 216 56.344627 0.11582184
p 231 217 56.149086 -0.14178848
p 232 218 56.075077 -0.02299881
p 231 219 56.00799 0.035360336
p 232 220 55.822655 -0.14105034
p 232 221 55.822655 -0.060504913
p 231 222 55.72064 -0.010585785
p 231 223 55.63222 -0.01017189
p 230 224 55.527557 -0.17337036
p 231 225 55.508972 -0.09038162
p 230 226 55.508972 0.014612198
p 231 227 55.47452 -0.01704216
p 232 228 55.397415 -0.22513771
p 231 229 55.395466 -0.051919937
p 230 230 55.395466 -0.19836807

c 78 31.733452
p 231 100 87.24805 1.5019798
p 232 99 86.09598 1.7480125
p 233 98 84.907135 1.1421318
p 234 97 84.53404 0.18517685
p 233 96 83.94089 0.020751953
p 232 95 83.02208 -1.0204849
p 233 94 82.24907 0.4464836
p 234 93 81.70019 -2.0912476
p 233 92 81.06083 1.8541107
p 234 91 80.392426 -0.49116898
p 235 90 79.71123 -0.034816742
p 236 89 79.042465 0.912323
p 235 88 78.40716 1.6740761
p 234 87 77.81782 1.2017555
p 233 86 77.2327 1.3090744
p 233 85 76.38414 1.672081
p 234 84 75.389206 2.7617416
p 233 83 74.673904 3.455532
p 234 82 74.011765 2.8297882
p 233 81 73.37631 0.82979584
p 234 80 72.785515 3.4905472
p 235 79 72.20754 -0.21461868
p 236 78 71.57171 -1.2763481
p 235 77 70.86362 7.4167557
p 236 76 70.207565 6.693062
p 237 75 69.63543 7.3525505
p 238 74 69.1226 6.0789185
p 239 73 68.4004 4.2875786
p 240 72 67.73446 6.371868
p 241 71 67.17781 7.0565567
p 242 70 66.63925 -0.30540085
p 241 69 66.03005 0.6156235
p 242 68 65.37731 -0.4377823
p 243 67 64.79537 -0.1795578
p 242 66 64.2054 -0.06293106
p 241 65 63.643158 0.90205765
p 240 64 63.136242 1.1175842
p 239 63 62.60874 0.56075096
p 238 62 62.16662 0.072221756
p 237 61 61.654243 0.011301041
p 236 60 61.1835 -0.025684357
p 235 59 60.75061 -0.35935974
p 235 58 60.322105 -0.20315933
p 235 57 59.98971 -0.2707615
p 234 56 59.594376 0.021762848
p 235 55 59.20116 0.029270172
p 235 54 58.825317 0.07859802
p 236 53 58.516228 -0.19325256
p 237 52 58.002266 -0.23099518
p 236 51 57.942497 -0.03554344
p 236 50 57.66637 0.030216217
p 235 49 57.37467 -0.115428925
p 235 48 57.044533 -0.41685104
p 236 47 56.962383 -0.09045029
p 236 46 56.82587 -0.23897934
p 236 45 56.43836 -0.10683632
p 236 44 56.43836 0.014141083
p 237 43 56.43759 -0.0042533875
p 238 42 56.269463 -0.19816971
p 238 41 56.155792 -0.016674042
p 239 40 55.97959 -0.06250191
p 238 39 55.869545 -0.032951355
p 238 38 55.734573 -0.18797302
p 239 37 55.72505 0.0018939972
p 240 36 55.64987 0.03976631
p 241 35 55.554237 -0.13964081
p 241 34 55.554237 -0.19971466
p 242 33 55.55264 0.028997421
p 242 32 55.514595 0.0012111664
p 241 31 55.514595 -0.07551193
p 240 31 55.514595 -0.0037212372

c 79 13.846115
p 234 86 77.46555 1.5203934
p 235 87 77.97337 0.9612236
p 236 88 78.651695 0.3475914
p 237 89 79.338264 -2.299118
p 238 90 79.999344 -0.4101448
p 239 91 80.54901 0.45505524
p 240 92 81.2186 4.6916122
p 241 93 82.00393 1.4140854
p 242 94 82.780365 -1.6131172
p 241 95 83.496765 -2.5629082
p 240 96 84.45067 -1.3698769
p 241 97 84.9829 0.39850616
p 242 98 85.46828 -0.7523422
p 241 99 86.044304 4.3083305
p 242 100 86.701904 3.892231
p 243 101 87.652214 3.0437012
p 244 102 88.346176 0.24977493
p 245 103 89.0085 -0.17291641
p 244 104 89.743996 -2.77845
p 243 105 90.640656 -1.7962494
p 244 106 91.31167 -2.4824562

c 80 10.025276
p 235 177 79.5476 0.068309784
p 236 178 79.079445 0.19881439
p 237 177 78.65204 0.3380165
p 238 178 78.146645 -0.35125732
p 239 177 77.50869 0.19953918
p 240 177 77.27482 1.6739502
p 241 178 76.791306 1.2510033
p 242 179 75.456566 -0.20044327
p 243 180 74.819664 0.5370674
p 244 181 74.36493 -0.016155243
p 245 180 74.016594 -0.06962967
p 246 180 73.454865 -0.03668213
p 247 181 73.181625 0.0820961
p 248 182 72.83462 1.6248779
p 249 183 72.482796 1.6962967
p 250 184 72.02366 2.2134552
p 251 185 71.67723 2.6040115
p 252 186 70.79433 0.63261414
p 253 187 69.764854 -1.4191856
p 252 188 69.52232 -2.002777

c 81 1.1395836
p 236 214 56.599754 -0.09399223
p 237 215 56.533516 0.14559746
p 238 216 56.347866 -0.19250107
p 238 217 56.192955 -0.15743065
p 238 218 56.088676 -0.1711216
p 238 219 56.082943 -0.035614014
p 238 220 56.015938 -0.05378723
p 239 221 56.006985 0.13558197
p 240 222 55.861366 0.018753052
p 241 223 55.64212 -0.23109436
p 241 224 55.629997 -0.15382385
p 241 225 55.502434 0.23708153
p 241 226 55.46017 0.11593437
p 242 226 55.46017 0.06819534

c 82 17.108795
p 240 165 80.79221 0.07884979
p 241 164 81.28958 -0.7472153
p 242 163 81.78784 -1.0965462
p 243 162 82.29048 0.724041
p 244 161 82.79394 0.5010872
p 245 160 83.295746 0.07494736
p 246 159 83.79096 -0.24526978
p 247 158 84.35528 0.74487686
p 248 157 84.89109 1.4773712
p 249 156 85.382095 0.052433014
p 250 155 85.909805 -0.90842056
p 251 154 86.42123 0.13435364
p 250 153 86.9662 2.65934
p 251 152 87.57604 0.018100739
p 250 151 88.19776 0.2553177
p 251 150 88.81439 0.07379532
p 252 149 89.4616 -0.37623978
p 251 148 90.06462 0.3359909
p 250 147 90.72834 -0.00617218
p 249 146 91.34913 -0.03333664
p 250 145 91.873955 0.9682617
p 249 144 92.481705 0.26052475
p 250 143 93.14521 -0.7411308
p 251 142 93.887474 1.3650169
p 250 141 94.37175 -0.29519272
p 249 140 95.78921 -0.8325691
p 249 139 96.60417 -0.7960205
p 248 138 97.24455 -0.024803162
p 249 137 97.90101 -1.1820679

c 83 1.4278488
p 242 47 56.886787 -0.18772125
p 243 46 56.83202 -0.008687973
p 243 45 56.63938 -0.01464653
p 244 44 56.380108 -0.36702538
p 245 43 56.10891 -0.107975006
p 245 42 56.10891 -0.10770416
p 245 41 56.060207 -0.06925392
p 246 40 55.921513 -0.10017586
p 246 39 55.85289 -0.5594063
p 246 38 55.653553 -0.29341698
p 246 37 55.653553 -0.23390579
p 245 36 55.64583 -0.107213974
p 245 35 55.531418 -0.18422127
p 244 34 55.472954 0.012924194
p 245 33 55.45894 -0.09397507
p 244 33 55.45894 0.04644203

c 84 2.950756
p 249 52 58.36812 0.03066063
p 250 51 57.971817 0.0117378235
p 250 50 57.7116 -0.06629753
p 250 49 57.316174 -0.14922142
p 251 48 56.99017 0.11733055
p 251 47 56.894943 0.117422104
p 252 46 56.77612 0.29849052
p 253 45 56.41064 -0.41002464
p 254 44 56.41064 -0.072517395
p 255 43 56.23357 -0.17707062
p 254 42 55.936848 -0.045082092
p 253 41 55.896244 -0.25871277
p 253 40 55.881855 -0.11257553
p 252 39 55.807972 0.008934021
p 252 38 55.73975 -0.12560272
p 251 37 55.64741 -0.008440018
p 252 36 55.564007 -0.17286873
p 252 35 55.564007 -0.13550568
p 251 34 55.417362 -0.049186707
p 251 33 55.417362 -0.030534744

c 85 22.18599
p 249 52 58.36812 -0.07001114
p 250 53 58.675465 -0.21023941
p 251 54 58.913544 -0.28837776
p 251 55 59.447006 0.086465836
p 252 56 59.73211 -0.30447578
p 252 57 60.233486 -0.27046394
p 253 58 60.584496 -0.14341164
p 252 59 61.097805 -0.38690567
p 252 60 61.503674 -0.2511902
p 253 61 61.986485 0.009698868
p 254 62 62.75856 0.19936371
p 255 63 62.888416 -0.64221954
p 254 64 63.237896 -0.13589478
p 253 65 63.92606 4.6938267
p 254 66 64.33693 3.6196136
p 255 67 64.777145 0.029342651
p 254 68 65.29635 -0.10509491
p 253 69 66.00127 14.089565
p 252 70 66.710594 2.5347023
p 253 71 66.91518 12.953705
p 254 72 67.341385 0.22162628
p 253 73 67.85054 14.359016
p 254 74 68.39929 0.34130096
p 253 75 69.243515 12.285877
p 254 76 69.62177 2.664795
p 253 77 70.21128 17.520473
p 254 78 70.74327 0.35469818
p 253 79 71.96149 13.111675
p 254 80 72.354065 -0.623291
p 253 81 72.8664 10.2850685
p 254 82 73.22276 2.6074142
p 253 83 73.78777 10.053539
p 253 84 74.20652 8.868233
p 253 85 74.638504 6.568104
p 252 86 75.33108 0.24145126
p 253 87 75.79427 5.7942696
p 252 88 76.16291 1.4017715
p 251 89 76.56435 2.3393784
p 250 90 77.11838 0.18974686
p 251 91 77.84407 3.5294647
p 252 92 78.625175 1.0913391
p 251 93 79.327255 1.6156731
p 252 94 79.948715 2.8013535
p 251 95 80.55411 -1.8294945

avg 13.806063
end