//fileLoc: inputData/gradient11.png
//fluxMulti: 3.0 channelCutOff: 10
//wk_fmin: 0.0 wk_fmax: 1.0
//total_mass_shift: 13908.0
# 88
avgCurve 1.5264987

c 0 1.7159309
p 1 40 18.539688 -0.15794182
p 2 39 18.226645 -0.08681774
p 3 38 18.103548 0.10794926
p 2 37 17.821358 -0.09553909
p 3 36 17.606878 -0.16523647
p 4 35 17.579596 0.1949997
p 3 34 17.320896 -0.034705162
p 3 33 17.218037 0.084625244
p 2 32 17.136621 -0.08863926
p 3 31 17.07278 0.06831455
p 3 30 16.823757 -0.15668774
p 4 29 16.823757 -0.11527634

c 1 76.31203
p 1 40 18.539688 0.18994713
p 2 41 18.992128 -0.039320946
p 3 42 19.286627 0.29105854
p 2 43 19.49006 -0.74291325
p 1 44 20.081404 0.38790894
p 2 45 20.277178 -0.34142113
p 2 46 20.827238 0.014793396
p 3 47 21.03715 0.1387186
p 2 48 21.483984 0.09573746
p 3 49 21.897509 -0.07238197
p 4 50 22.637508 0.33851337
p 5 51 23.496464 -0.37201977
p 5 52 24.035145 -0.36010933
p 4 53 24.724503 -0.020702362
p 5 54 25.228498 -0.23191452
p 5 55 25.96454 -0.31026554
p 6 56 26.721128 0.049186707
p 7 57 27.430248 -0.43307972
p 8 58 28.311108 0.14368057
p 7 59 28.955956 -0.8950186
p 6 60 29.87267 0.09193134
p 7 61 30.67308 -0.30989933
p 7 62 31.399134 0.122060776
p 7 63 32.19449 1.8752842
p 8 64 33.012806 4.4078426
p 7 65 33.832848 4.6905365
p 8 66 34.685562 0.34741974
p 9 67 35.55443 -3.420004
p 8 68 36.41359 10.514858
p 9 69 37.248665 10.727711
p 10 70 37.978058 3.413725
p 11 71 38.949142 -1.5617466
p 12 72 40.076363 -2.0200882
p 11 73 40.761593 3.8693333
p 10 74 41.775497 1.0641003
p 9 75 42.69495 3.393921
p 8 76 43.559235 1.8801632
p 7 77 44.589035 -3.204443
p 8 78 45.745914 2.0674896
p 9 79 46.6767 -2.1826553
p 8 80 47.445034 7.3582306
p 7 81 48.614758 -1.9859447
p 8 82 49.413742 4.6906433
p 7 83 50.22922 3.4365501
p 6 84 51.277966 2.086258
p 5 85 52.65591 5.2419033
p 6 86 53.756516 1.8901939
p 7 87 54.571636 1.4213524
p 8 88 56.66186 2.4458122
p 9 89 58.515827 0.40197182
p 8 90 59.463318 5.17873
p 7 91 60.07537 1.5535431
p 6 92 60.760906 0.9536476
p 6 93 63.163372 0.88119507
p 7 94 64.295 3.4375267
p 7 95 66.1085 3.6494865
p 7 96 67.04979 7.2467995
p 8 97 70.10336 4.4714355
p 9 98 71.281815 2.9586487
p 10 99 73.42946 8.029694
p 11 100 74.25135 6.284275
p 12 101 76.22788 -1.870861
p 11 102 81.94143 9.074505
p 12 103 83.1894 0.7271843
p 11 104 84.13759 3.1428719
p 12 105 84.867805 8.127464
p 13 106 85.46101 2.6360855
p 14 107 86.362015 -0.21865082
p 13 108 87.287994 3.6701698
p 14 109 88.20313 1.0975418
p 15 110 89.00988 -2.3686638
p 14 111 90.16969 -0.21557617
p 15 112 91.105736 -4.7912445
p 16 113 91.951836 -2.2164536
p 15 114 93.404816 1.81847
p 16 115 94.851715 3.6312714

c 2 35.494793
p 1 171 52.571835 6.2627754
p 2 172 51.01297 7.9826317
p 1 173 49.30596 17.74524
p 2 174 47.753387 4.337719
p 1 175 45.77177 13.833759
p 2 176 44.53918 6.307066
p 1 177 43.727627 16.374481
p 2 178 42.56855 -3.8066902
p 3 179 41.03717 -4.744524
p 2 180 39.93402 0.4193287
p 3 181 38.997414 6.5846806
p 2 182 38.28703 2.668951
p 3 183 36.77579 -0.43321228
p 4 184 35.81922 -5.3844585
p 3 185 34.66234 9.872957
p 4 186 33.64969 1.5297127
p 5 187 32.78001 -3.718935
p 6 188 32.168594 -3.2275581
p 7 189 30.905817 -0.999176
p 6 190 29.926268 0.1966362
p 5 191 28.897932 1.1480532
p 4 192 28.00818 -0.012789726
p 4 193 27.158077 -0.4700985
p 5 194 26.737343 0.052679062
p 5 195 25.805563 -0.2660761
p 4 196 25.052883 -0.10313797
p 4 197 24.470034 -0.21169949
p 3 198 23.918324 -0.07168102
p 4 199 23.142164 -0.6663742
p 5 200 22.88504 0.3239336
p 4 201 21.942678 -0.5870476
p 5 202 21.918137 0.36444092
p 4 203 21.091188 0.26777172
p 4 204 20.689993 -0.1351347
p 5 205 20.556168 -0.17530918
p 4 206 20.35808 -0.2528448
p 3 207 20.026842 0.27604294
p 2 208 19.47804 -0.30113792
p 2 209 19.276964 0.14466
p 1 210 18.841991 -2.670288E-4
p 2 211 18.521563 -0.14624023
p 2 212 18.152534 -0.091882706
p 2 213 18.152534 0.06957817
p 3 214 17.729012 -0.11651993
p 4 215 17.531698 -0.6461916
p 5 216 17.397795 0.12645149
p 5 217 17.392204 -0.14222717
p 4 218 17.209236 0.108317375
p 4 219 17.082224 0.0089969635
p 3 220 17.077042 0.013741493
p 2 219 17.077042 0.077887535

c 3 4.1135178
p 6 26 16.480932 -0.0049085617
p 7 26 16.480932 -0.0023460388
p 8 27 16.6376 -0.13483524
p 9 28 16.684233 -0.34753036
p 8 29 16.693886 -0.23335361
p 9 30 16.894062 -0.32036018
p 10 30 16.967249 -0.52199554
p 11 31 17.008833 0.016355515
p 12 32 17.047897 -0.26325703
p 13 33 17.25065 -0.1583376
p 12 34 17.330791 0.09359741
p 12 35 17.369385 0.07152367
p 13 36 17.599522 0.20290184
p 12 37 17.654549 0.10520363
p 13 38 17.961002 -0.15292835
p 13 39 18.013908 -0.32421494
p 13 40 18.579172 -0.07951832
p 12 41 18.880913 -0.061422348
p 11 42 19.132013 0.11164093
p 11 43 19.43642 -0.037142754
p 12 44 19.654375 -0.2375822
p 12 45 20.222984 -0.3188238
p 11 46 20.59445 0.015328407

c 4 23.002827
p 6 204 20.892345 -0.20581913
p 7 203 21.314253 -0.30143738
p 8 202 21.988047 0.03377247
p 9 201 22.4665 0.025629044
p 10 200 22.917856 0.1436348
p 11 199 23.666458 -0.01854515
p 12 198 24.220127 0.18122673
p 11 197 24.80155 -0.17917061
p 11 196 25.114613 -0.13767815
p 10 195 25.658432 0.11487484
p 11 194 26.295338 -0.051672935
p 12 193 27.115597 3.1905222
p 13 192 27.789818 3.1057415
p 14 191 28.714787 2.2804327
p 15 190 29.40184 0.93060684
p 16 189 30.95661 -0.5820999
p 15 188 31.697115 -0.33706093
p 14 187 32.52985 -3.481964
p 15 186 34.954193 4.391617
p 14 185 36.680893 1.9217072
p 13 184 36.999958 1.0891609
p 12 183 38.580997 -0.9968548
p 13 182 41.08612 4.5977592
p 12 181 43.895172 0.9746494

c 5 69.35699
p 9 148 86.51569 -1.6210785
p 10 149 76.23436 -12.263363
p 11 150 75.284935 -12.812984
p 12 151 74.18953 -9.287834
p 13 152 72.88854 -7.613659
p 14 153 71.25355 -10.529682
p 15 154 70.053566 -9.113747
p 16 155 68.49108 5.5405197
p 15 156 67.02753 -1.7569733
p 16 157 65.798805 -1.10289
p 15 158 64.74066 -4.0532684
p 14 159 63.821648 -4.2095413
p 15 160 63.016735 -4.206127
p 16 161 62.182213 -2.6665611
p 17 162 61.1259 -1.6102886
p 16 163 59.805153 -0.18344498
p 17 164 58.445972 -3.4885368
p 18 165 57.406384 -4.791542
p 19 166 56.32 -2.8143845
p 20 167 55.282833 -3.6336098
p 21 168 54.287926 -4.0072174
p 22 169 53.11328 -1.739254
p 23 170 52.154922 1.1388206
p 22 171 51.037724 2.9793415
p 23 172 50.076954 0.14133453
p 22 173 48.97205 -1.3167953
p 21 174 47.71212 -2.2187805
p 20 175 46.740406 -4.0488415
p 21 176 45.670017 -2.449276
p 22 177 44.63883 -3.461094
p 23 178 43.60178 -3.096424
p 24 179 43.00684 2.0161152
p 23 180 41.605434 1.2141342
p 22 181 40.639942 0.5842209
p 21 182 39.66691 3.7090015
p 22 183 38.70631 7.2483883
p 21 184 37.689346 1.363533
p 22 185 36.760353 5.9117165
p 23 186 35.849747 5.090128
p 24 187 34.818813 9.428539
p 25 188 33.88292 -2.4009018
p 24 189 32.91976 1.2860107
p 25 190 31.998373 4.8265533
p 26 191 31.089415 0.03286171
p 25 192 29.889658 4.386551
p 26 193 29.320913 0.33482933
p 25 194 28.473284 0.15225792
p 26 195 27.656288 0.33380032
p 25 196 26.88625 -0.09075832
p 24 197 26.15468 -0.2428236
p 23 198 25.403973 0.33070183
p 22 199 24.728926 -0.21640491
p 21 200 24.08281 -0.14555645
p 22 201 23.43567 -0.057398796
p 21 202 22.759842 -0.3565464
p 20 203 22.286617 -0.18390656
p 21 204 21.854475 0.018136978
p 20 205 21.305275 0.083800316
p 20 206 20.822233 -0.25394154
p 21 207 20.355135 -0.052253723
p 21 208 20.194227 -0.022525787
p 22 209 19.855156 0.019699097
p 21 210 19.461567 -0.23649883
p 21 211 18.917658 -0.28699398
p 20 212 18.685833 -0.062274933
p 19 213 18.497255 -0.11696148
p 18 214 18.080297 -0.21935558
p 17 215 18.067686 0.058158875
p 16 216 17.751232 -0.10204029
p 16 217 17.40549 -0.3192234
p 17 218 17.260435 -0.084534645
p 18 219 17.158705 -0.03138733
p 18 220 17.158705 -0.5605564

c 6 83.304634
p 15 68 36.61776 -6.8203907
p 16 67 35.710934 1.9128933
p 17 66 34.841095 -2.71945
p 16 65 33.9799 6.044306
p 17 64 33.11868 7.723675
p 18 63 32.24764 10.601973
p 19 62 31.405064 5.0674047
p 20 61 30.553946 0.026052475
p 21 60 29.700703 -0.017673492
p 22 59 28.878052 -0.015864372
p 21 58 27.818935 -0.93857384
p 22 57 27.269447 -0.8743334
p 23 56 26.651997 -0.30545425
p 24 55 25.929876 -0.1830492
p 25 54 25.260626 -0.22112465
p 24 53 24.60384 -0.08566189
p 25 52 23.88472 -0.23059273
p 26 51 23.236555 -0.23543072
p 27 50 22.679039 0.09749508
p 26 49 22.12474 -0.6619692
p 25 48 21.81162 0.2103033
p 26 47 21.072435 -0.32179546
p 27 46 20.538069 0.041527748
p 27 45 19.933428 -0.10634136
p 28 44 19.50793 0.081419945
p 29 43 19.18827 0.2506113
p 30 42 18.958687 -0.1230402
p 30 41 18.813995 0.03559971
p 31 40 18.49804 -0.16186619
p 30 39 18.258068 0.074599266
p 30 38 17.964077 -0.056510925
p 29 37 17.766275 0.005988121
p 29 36 17.75584 0.07858086
p 30 35 17.480719 -0.56122494
p 31 35 17.448654 -0.044140816
p 31 34 17.448654 0.09196377
p 32 35 17.633245 -0.12400913
p 33 36 17.829824 -0.21675491
p 34 37 17.917128 -0.11198139
p 34 38 18.050705 -0.37622738
p 33 39 18.384699 -0.3522997
p 33 40 18.403248 -0.49201107
p 34 41 18.571281 0.096141815
p 33 42 18.911041 0.14195824
p 34 43 19.166517 0.058753014
p 33 44 19.46073 -0.23062801
p 34 45 19.954622 0.25222683
p 33 46 20.389135 -0.15113354
p 34 47 20.994814 -0.11309719
p 35 48 21.486893 0.04787731
p 36 49 21.88804 -0.21468925
p 37 50 22.33605 0.27165318
p 36 51 22.456978 -0.53517056
p 37 52 23.167542 -0.038129807
p 37 53 23.705454 -0.06054592
p 36 54 24.310728 -0.16421127
p 35 55 24.776402 -0.3312044
p 36 56 25.593563 -0.11187935
p 37 57 26.331339 -0.022817612
p 38 58 27.12515 -0.0815258
p 39 59 27.950285 0.09840393
p 40 60 28.762669 0.22560692
p 41 61 29.537584 0.20594215
p 42 62 30.334051 3.855711
p 43 63 31.208279 4.981126
p 44 64 32.12698 0.49205303
p 45 65 33.0649 -4.75523
p 46 66 34.24285 -4.114542
p 47 67 35.25684 -0.51771545
p 48 68 36.075386 6.810091
p 49 69 36.92413 -3.3502522
p 48 70 37.898724 3.3239193
p 47 71 39.07297 7.0508785
p 48 72 40.18098 4.1849194
p 47 73 41.133495 2.5050144
p 48 74 42.105186 3.8032455
p 49 75 43.405388 3.7853985
p 48 76 44.02362 9.527298
p 47 77 44.97426 3.5393639
p 46 78 45.956196 -0.5388756
p 45 79 46.945667 -0.9202118
p 44 80 48.000607 0.87966156
p 43 81 48.994263 6.447363
p 44 82 49.93818 -4.1805286
p 43 83 50.87343 3.9257698
p 44 84 51.954807 0.14826965
p 45 85 53.05787 3.172924
p 46 86 54.479435 5.8118877
p 45 87 55.32897 -3.0568733
p 44 88 56.440163 -0.07541275
p 43 89 57.581417 4.9214134
p 42 90 58.790474 -6.8514137
p 43 91 59.88897 2.7928772
p 44 92 60.921688 3.613617
p 45 93 62.16507 -2.6216621
p 44 94 63.33708 -0.24575806
p 43 95 64.34644 -1.0330544
p 44 96 65.326454 1.9533081
p 43 97 66.67275 3.711914
p 44 98 67.30566 0.7162094
p 43 99 68.406494 2.3970642
p 42 100 69.56668 3.726696
p 41 101 71.113205 8.223808
p 40 102 71.85673 2.8400574
p 39 103 73.32153 0.5877571
p 38 104 74.49494 4.700123
p 37 105 75.78482 -1.8676529
p 38 106 76.95423 -0.9110794
p 39 107 78.31493 -0.8446541
p 38 108 79.2625 7.6368675
p 39 109 80.56109 -0.59396744
p 38 110 81.616585 -1.9036407
p 37 111 83.67143 -3.4843025
p 38 112 84.77277 -4.851799
p 39 113 85.78676 0.18977356
p 38 114 89.231964 1.0051041
p 37 115 92.71629 1.3724785
p 36 116 95.230225 0.48566437
p 35 117 98.443726 0.54343796
p 34 118 100.75329 0.0023269653

c 7 56.435127
p 15 68 36.61776 -5.6085567
p 16 69 37.497417 5.8609924
p 17 70 38.44914 6.1662846
p 18 71 39.57313 6.022724
p 19 72 40.67327 6.428293
p 20 73 41.682335 -2.2327785
p 19 74 42.653706 8.7799225
p 20 75 43.677307 -4.9305115
p 19 76 44.6075 5.1833687
p 20 77 45.947086 -1.5287895
p 21 78 46.74761 -2.646408
p 22 79 47.74296 0.37285614
p 23 80 48.802734 -3.2492104
p 24 81 49.745983 -3.2498455
p 23 82 50.75961 -0.9537926
p 24 83 51.719242 -5.2358627
p 25 84 52.710987 -3.9468365
p 24 85 53.72504 1.2495384
p 25 86 54.6822 -4.520523
p 26 87 55.697998 -5.2039547
p 25 88 56.90101 4.7829094
p 26 89 58.029686 3.7777061
p 25 90 59.08803 -1.0765533
p 26 91 60.56591 -5.301998
p 27 92 62.289333 -3.6193447
p 26 93 63.05654 0.7794266
p 27 94 63.96356 -6.432255
p 28 95 65.106514 -4.3224144
p 27 96 66.05834 2.681057
p 28 97 67.00394 -7.622692
p 29 98 68.217445 -8.431599
p 30 99 69.93614 -6.885956
p 29 100 71.111 -9.229172
p 28 101 72.2878 -5.8993225
p 27 102 76.03786 -1.6950417
p 28 103 76.857635 -4.818344
p 29 104 78.432594 -1.9527702
p 28 105 81.66238 4.65292
p 29 106 82.33708 2.7694664
p 28 107 86.08044 -2.1631126
p 27 108 91.87369 0.58094406
p 28 109 92.019356 2.2686348
p 27 110 93.05289 1.9495125

c 8 1.4472694
p 23 217 17.687508 0.040093422
p 23 218 17.46471 0.045401573
p 23 219 17.363098 -0.22622967
p 23 220 17.363098 -0.31125736
p 23 221 17.177982 -0.23902893
p 24 222 17.110548 -0.1910801
p 25 223 16.968218 -0.09969425
p 24 224 16.968218 0.08879566
p 23 225 16.857838 0.025774956
p 23 226 16.785973 -0.15955925
p 23 227 16.702246 -0.33854198
p 24 228 16.673813 0.01044178
p 25 229 16.584717 -0.21842003
p 26 230 16.548023 -0.093239784
p 27 231 16.468187 -0.1640997
p 27 232 16.445026 0.05014229
p 28 233 16.360413 0.13899231
p 29 234 16.335627 -0.14906216
p 30 234 16.335627 -0.09679794
p 31 235 16.289122 -0.012559891
p 31 236 16.289122 -0.1730671
p 30 237 16.246958 0.02291298
p 30 238 16.240238 -0.004594803
p 29 239 16.240238 -0.16949463

c 9 15.141209
p 23 217 17.687508 0.16071987
p 24 216 17.876467 -0.15632439
p 25 215 18.380398 -0.38188648
p 25 214 18.761972 0.031053543
p 26 213 18.761972 -0.32592678
p 27 212 19.166872 -0.011489868
p 28 211 19.445591 -0.18301296
p 28 210 20.05912 0.07583237
p 29 209 20.05912 -0.47585487
p 28 208 20.754639 0.3692007
p 29 207 21.19381 0.007669449
p 30 206 21.375483 -7.2956085E-4
p 31 205 21.886517 -0.073096275
p 32 204 22.383205 0.19545841
p 33 203 22.896955 0.052334785
p 34 202 23.553003 -0.22081852
p 35 201 24.160145 -0.26053715
p 36 200 24.687445 -0.016906738
p 35 199 24.97715 0.095131874
p 36 198 25.694654 0.22386932
p 37 197 26.258247 0.44713974
p 38 196 26.770855 0.2918043
p 39 195 27.220058 0.014249802
p 40 194 27.839891 0.13833332
p 41 193 28.356453 0.8078394
p 40 192 29.009352 -0.47467232
p 40 191 29.783575 1.1772661
p 40 190 30.669159 -0.45759296
p 41 189 31.548672 -1.2021027
p 40 188 32.828716 -2.668089

c 10 85.71352
p 24 138 102.243 -4.488346
p 25 139 100.33677 -6.2659874
p 26 140 98.810524 -5.495285
p 27 141 97.21225 -1.3290977
p 28 142 96.304794 -5.5297813
p 29 143 94.716225 -3.9869423
p 30 144 94.063545 0.20233536
p 31 145 93.162025 0.53427887
p 32 146 89.67046 0.30897903
p 33 147 87.73714 -1.5984154
p 32 148 85.91722 -2.5087128
p 33 149 85.26612 3.7270203
p 32 150 84.36509 4.3068924
p 33 151 83.5395 -0.7212601
p 34 152 82.87617 0.1739769
p 35 153 82.58887 1.1553535
p 36 153 81.33597 0.21358871
p 37 154 81.16855 3.9180603
p 37 155 80.370766 3.1347618
p 38 156 79.58423 3.2765312
p 39 157 78.735245 0.6853905
p 40 157 78.08199 0.3735237
p 40 158 78.08199 3.5429268
p 39 159 76.555786 2.2006416
p 38 160 75.403625 2.8046799
p 37 161 73.71207 0.47452545
p 36 162 71.89319 -4.7063103
p 35 163 69.79396 -4.691654
p 36 164 66.308075 -7.240238
p 37 165 65.24477 0.68275833
p 38 166 64.25992 3.889019
p 39 167 63.132195 5.437351
p 40 168 60.694164 1.799406
p 40 169 58.512093 3.452467
p 39 170 54.98332 -0.86797714
p 40 171 53.593464 6.3178596
p 41 172 52.74683 -0.97600174
p 40 173 51.633366 1.4694786
p 41 174 50.89672 2.6524277
p 42 175 49.878925 2.7537384
p 43 176 48.497585 2.514759
p 44 177 47.76726 6.762764
p 45 178 46.92268 4.9986763
p 46 179 45.636215 5.791641
p 47 180 44.66159 4.691021
p 48 181 43.730396 8.653118
p 49 182 42.63626 7.815468
p 50 183 42.204464 0.31300735
p 51 184 40.787495 -1.0890923
p 52 185 40.148975 -1.058876
p 53 186 39.163624 4.5183983
p 54 187 38.264767 -0.26916885
p 53 188 37.32869 0.96333504
p 52 189 36.341866 -3.1976242
p 53 190 35.34038 8.289295
p 52 191 34.464195 7.3072205
p 51 192 33.651382 8.804409
p 50 193 32.78401 3.436142
p 49 194 31.91724 -0.13258171
p 48 195 31.053146 -0.3419218
p 47 196 30.212275 0.07799244
p 46 197 29.397213 -0.06277847
p 45 198 28.560541 -0.2513008
p 44 199 27.723269 0.11880398
p 43 200 26.859396 0.25409985
p 42 201 26.052309 0.08153343
p 41 202 25.284182 -0.16601753
p 40 203 24.484837 0.02727127
p 39 204 23.578522 -0.227664
p 38 205 23.055069 -0.0681448
p 37 206 22.487265 -0.31300926
p 38 207 22.084055 -0.124222755
p 37 208 21.412947 0.072502136
p 37 209 20.833418 -0.22193241
p 38 210 20.422644 -0.13963318
p 39 211 19.919693 -0.20512295
p 38 212 19.387377 -0.1157732
p 39 213 19.248755 -0.30558777
p 39 214 18.804 -0.49274158
p 38 215 18.60742 -0.2938881
p 38 216 18.164682 -0.37356758
p 39 217 17.936827 0.2782755
p 38 218 17.545135 -0.24348068
p 38 219 17.545135 -0.3045187
p 38 220 17.28161 -0.46487904
p 39 221 17.19241 0.07463455
p 39 222 17.127163 -0.19756413
p 39 223 17.090347 -0.026302338
p 38 224 17.090347 -0.108888626
p 37 225 16.834394 0.029064178
p 37 226 16.834394 -0.17237854
p 37 227 16.744787 -0.20596695
p 36 228 16.726143 -0.06593037
p 36 229 16.529476 -0.0025100708
p 35 229 16.529476 -0.14519882

c 11 9.92943
p 25 66 31.793001 -2.3076115
p 26 65 31.210669 0.7051573
p 27 64 30.376984 1.3215008
p 28 63 29.227467 4.845358
p 29 63 28.60451 0.13241005
p 30 62 28.148966 1.9169731
p 31 61 27.181719 -0.31080246
p 32 60 26.898455 0.13526058
p 32 59 26.659662 -0.06842232
p 31 58 26.195913 0.007806778
p 32 57 25.723875 -0.34869957
p 31 56 25.325478 0.07529259
p 32 55 24.77593 -0.302989
p 33 54 24.344297 0.122449875
p 34 53 23.768492 -0.4989004
p 33 52 23.423018 0.37602043
p 34 51 22.862478 -0.29113674
p 35 50 22.404789 -0.004430771
p 35 49 21.863571 -0.039481163

c 12 12.632456
p 25 66 31.793001 -0.011676788
p 26 67 32.809612 5.265295
p 27 68 34.583435 1.8451786
p 28 69 35.533623 3.080061
p 29 70 37.20169 4.9805775
p 30 71 38.254967 -4.620346
p 29 72 39.27151 -1.7101555
p 28 73 41.643227 -1.9180489
p 29 74 42.98185 2.6135902
p 30 75 43.370773 -4.850567
p 29 76 44.425457 -3.006157

c 13 17.949364
p 39 160 76.27691 1.7548714
p 40 159 77.29892 0.808712
p 41 158 78.19557 1.6475067
p 42 157 78.99324 1.139431
p 43 156 79.69819 2.3557358
p 44 155 80.5632 -1.4576721
p 43 154 81.08015 0.19817734
p 44 153 81.609 -1.3925934
p 45 152 82.551506 0.16788101
p 44 151 83.177055 -1.1197014
p 43 150 84.2774 -0.98270416
p 44 149 85.31313 0.9978256
p 43 148 86.58272 -4.0578156
p 42 147 87.70092 -2.855423
p 43 146 89.0515 1.4987488
p 42 145 91.11066 2.4925995
p 43 144 94.22627 1.1871071

c 14 1.3218956
p 42 37 17.865221 -0.20529842
p 43 36 17.68686 -0.029718399
p 43 35 17.615244 -0.3651352
p 44 34 17.369745 0.22005749
p 45 33 17.131338 -0.12340832
p 46 32 16.94664 -0.21440887
p 45 31 16.91688 0.043052673
p 46 30 16.724974 -0.5738125
p 47 29 16.720762 0.19113827
p 48 28 16.720762 -0.042219162
p 47 27 16.696806 0.051838875
p 47 26 16.651886 0.09725857
p 46 25 16.580154 -0.25031948
p 45 25 16.543325 -0.18487358
p 44 25 16.543325 -0.0968771

c 15 0.40171242
p 49 27 16.756376 0.10880947
p 50 26 16.70334 0.08171368
p 51 25 16.64226 -0.23436737
p 50 24 16.64226 -0.24910927
p 51 23 16.542667 -0.19483852
p 52 23 16.508425 -0.27991867
p 53 22 16.403028 -0.33467388
p 53 21 16.403028 -0.35469913
p 54 20 16.396103 -0.31448936
p 55 20 16.354664 -0.57667065
p 56 21 16.354664 0.0129776

c 16 9.093367
p 49 27 16.756376 0.013784409
p 50 28 16.756376 -0.18096733
p 51 29 16.773985 -0.09491253
p 52 30 16.939281 0.06472492
p 51 31 17.048306 -0.0050849915
p 52 32 17.062796 -0.16932201
p 52 33 17.2234 -0.12569809
p 51 34 17.2234 -0.41746807
p 50 35 17.409597 -0.15369797
p 50 36 17.58961 -0.32328987
p 50 37 17.58961 -0.22168732
p 51 38 17.89807 -0.3063221
p 52 39 18.17999 -0.16225147
p 52 40 18.380043 -0.11508942
p 51 41 18.667336 0.24220467
p 52 42 18.925081 -0.11384487
p 53 43 19.263338 0.18236256
p 52 44 19.522139 -0.15091228
p 51 45 19.95831 -0.10511589
p 51 46 20.045813 -0.03844261
p 52 47 20.671246 -0.1147604
p 53 48 20.976994 -0.059947968
p 54 49 21.352823 -0.03868103
p 55 50 22.155876 -0.062363625
p 56 51 22.704473 -0.3764658
p 57 52 23.113356 -0.3953228
p 56 53 23.656618 -0.11123371
p 55 54 24.39064 0.15603542
p 54 55 24.898933 -0.43260956
p 54 56 25.849743 -0.16210556

c 17 62.132965
p 51 107 79.271355 -5.4549522
p 52 106 77.80833 -8.724056
p 53 105 76.594635 -9.039192
p 54 104 75.62496 -5.4935875
p 53 103 74.73276 1.6090164
p 54 102 73.90162 -6.543144
p 55 101 73.00985 -4.3927193
p 56 100 71.98827 -5.4078903
p 57 99 71.01887 -5.731064
p 58 98 69.96002 -3.3288307
p 59 97 68.9195 -6.035801
p 58 96 65.40171 -4.5600433
p 57 95 64.084885 -3.173027
p 58 94 62.939938 0.48947144
p 57 93 62.012577 2.8962936
p 58 92 60.735725 -6.87899
p 59 91 59.687706 -6.8723564
p 60 90 58.621044 -4.2523994
p 61 89 57.306587 -0.48706436
p 62 88 56.246902 -6.1387043
p 61 87 55.30178 -2.8422012
p 60 86 54.326817 -3.6932755
p 59 85 53.25528 2.7601776
p 60 84 52.187523 7.2518845
p 59 83 51.16008 3.4125404
p 60 82 50.04998 1.5540352
p 61 81 49.144432 -2.8462296
p 62 80 48.2178 -5.3865585
p 63 79 47.229733 2.588459
p 64 78 46.189922 2.5389996
p 65 77 45.13408 -1.2944946
p 66 76 44.09495 2.2340221
p 65 75 43.068882 2.2796783
p 64 74 42.154076 1.0707798
p 63 73 41.326 -0.4660778
p 62 72 40.452267 5.5358047
p 63 71 39.48684 3.1917896
p 64 70 38.4425 2.050171
p 63 69 37.36723 5.602789
p 64 68 36.314728 2.1424809
p 63 67 35.323257 1.0312233
p 64 66 34.347374 -0.78588676
p 63 65 33.4275 5.737028
p 62 64 32.559155 -0.008010864
p 63 63 31.684578 4.894906
p 64 62 30.793367 4.2030106
p 65 61 29.911926 -0.31369114
p 66 60 29.060873 0.05227375
p 65 59 28.250763 -0.24452591
p 65 58 27.560833 -0.5295954
p 66 57 26.858301 0.17763329
p 66 56 26.061337 -0.4581375
p 67 55 25.368664 0.076125145
p 68 54 24.672585 -0.071323395
p 67 53 24.00636 0.21721554
p 66 52 23.336071 -0.3762989
p 65 51 22.332392 -0.49948978
p 64 50 21.973427 0.10397339
p 64 49 21.460154 -0.28897285
p 65 48 21.09484 0.23237705
p 65 47 20.662382 0.003396988
p 64 46 20.339293 -0.014598846
p 63 45 19.726706 0.16958427
p 62 44 19.363882 -0.0027980804
p 62 43 19.016485 -0.32335758
p 63 42 18.78528 -0.21928692
p 64 41 18.481665 0.21837997
p 65 40 18.376417 0.019569397
p 64 39 18.362413 -0.045090675
p 65 38 18.012398 -0.27179623
p 64 37 17.87217 0.15928078
p 64 36 17.63838 0.12227726
p 63 35 17.63838 -0.13241482
p 63 34 17.469536 -0.117770195
p 63 33 17.371914 -0.13371944
p 64 32 17.201372 -0.23910522
p 65 32 17.13839 -0.2044754
p 66 32 17.13839 -0.24416447

c 18 12.0770035
p 53 172 52.12815 0.8227329
p 54 173 51.21908 -4.1187
p 53 174 50.3093 5.438595
p 54 175 49.185684 1.0077324
p 55 176 48.18475 -0.63521576
p 56 177 47.203197 -4.5480804
p 55 178 46.28291 -1.7214108
p 54 179 45.381794 -4.8071575
p 55 180 44.481037 6.8341446
p 54 181 43.65288 -3.731491
p 55 182 42.85316 -0.8848629
p 56 183 41.978214 -0.38228798
p 55 184 40.93947 11.571676
p 54 185 40.051147 8.147711

c 19 40.403244
p 53 172 52.12815 9.149548
p 54 171 53.206135 -4.479847
p 55 170 54.24129 -1.0063782
p 56 169 55.337944 5.210968
p 57 168 56.328476 8.710733
p 56 167 57.19994 2.9091835
p 55 166 57.97879 -4.019779
p 56 165 58.943913 2.660511
p 55 164 60.230843 -1.2816849
p 56 163 61.220417 3.5288277
p 55 162 62.313396 10.369633
p 56 161 63.410778 2.816246
p 55 160 64.438545 1.9386063
p 54 159 65.56043 -4.36322
p 55 158 66.65529 -3.2534485
p 56 157 67.7009 -8.592583
p 57 156 68.68326 -10.528877
p 58 155 69.30965 -7.1197243
p 59 154 70.757675 -4.2558517
p 60 153 71.63016 -8.212009
p 61 152 73.096954 -10.793617
p 62 151 73.99932 -9.387516
p 63 150 75.0667 -7.358921
p 64 149 76.15043 -7.025009
p 65 148 78.40458 -7.196453
p 66 147 79.06389 -8.451202
p 67 146 80.05989 -8.063049
p 68 145 81.13171 -6.5236244
p 69 144 84.17674 -1.9745522
p 68 143 84.90503 2.3517647
p 69 142 86.54253 0.93206024
p 68 141 88.92649 -0.0974617
p 69 140 92.531395 -0.90938187

c 20 15.050331
p 55 142 86.634476 -7.2635117
p 56 143 85.68509 -13.354218
p 57 144 83.97205 -12.506191
p 58 145 82.67467 -6.163536
p 57 146 80.04244 -12.29071
p 56 147 78.26275 -6.0966606
p 57 148 77.194916 -1.1370735
p 56 149 76.156265 -10.687595
p 55 150 75.106514 -6.4527626
p 56 151 73.925606 -10.606316
p 57 152 72.882256 -13.696182
p 58 153 71.584145 -7.801029

c 21 1.5325356
p 58 214 18.587856 0.024186134
p 58 215 18.431051 -0.08695316
p 59 216 18.100845 -0.15656948
p 60 216 17.918104 -0.36843586
p 61 217 17.870237 0.035181046
p 62 218 17.8456 -0.01935196
p 61 219 17.456207 -0.39830685
p 60 220 17.41674 -0.10272217
p 60 221 17.239578 -0.18795013
p 61 222 17.224485 -0.016142845
p 62 223 17.05532 0.24919415
p 63 223 17.05532 -0.011734962

c 22 13.628807
p 62 192 30.640802 0.13345432
p 63 193 30.135202 0.7687435
p 62 194 29.576326 -0.06118965
p 63 195 29.107409 -0.02773571
p 64 196 28.560198 -0.14131069
p 65 197 27.86573 -0.054112434
p 66 198 27.148077 -0.022500992
p 67 199 26.435593 -0.11479473
p 66 200 25.765642 0.16841984
p 66 201 25.125975 -0.32583332
p 67 202 24.844976 -0.06829357
p 68 203 24.25523 -0.04441166
p 69 204 23.59724 -0.17706203
p 69 205 22.844976 0.11887741
p 69 206 22.5203 -0.22613811
p 69 207 21.89956 -0.0499897
p 69 208 21.363174 -0.24586105
p 69 209 20.735611 0.15158176
p 69 210 20.374928 0.13705444
p 70 211 19.915342 -0.163867
p 70 212 19.348858 -0.25196457
p 70 213 19.050356 -0.28250885
p 70 214 18.660109 -0.02615738
p 70 215 18.61157 -0.38541317
p 71 216 18.610743 0.4056406
p 72 217 18.167522 -0.19972515
p 73 217 17.92956 -0.17606354
p 73 218 17.92956 -0.18653202
p 74 219 17.838804 -0.10613537
p 75 220 17.480116 -0.09466457
p 74 221 17.317265 -0.0080833435
p 74 222 17.091331 0.09966469
p 74 223 17.011995 -0.14479542
p 73 223 17.011995 -0.26831436

c 23 48.867508
p 71 161 65.42155 -9.312435
p 72 162 64.118515 -6.742256
p 73 163 62.83533 -5.4394035
p 72 164 61.60498 -4.51075
p 71 165 60.32473 -2.6226597
p 72 166 59.213142 5.6392403
p 71 167 58.658283 2.0353317
p 72 168 57.641506 -1.7079544
p 73 169 56.971058 -7.2752323
p 72 170 55.99857 7.8945503
p 73 171 55.08137 5.7636795
p 74 172 54.08871 0.3143959
p 75 172 53.751045 3.2516537
p 76 173 52.94649 5.278002
p 75 174 52.199894 6.5247593
p 74 175 51.633163 1.5104427
p 75 176 47.95232 2.875368
p 74 177 46.57907 11.224066
p 73 178 45.067528 2.1209812
p 74 179 43.861843 8.744228
p 73 180 42.888073 12.224617
p 72 181 42.04209 -0.36026192
p 73 182 41.026566 8.692087
p 72 183 40.226818 2.8264523
p 73 184 39.36161 9.573166
p 72 185 38.309093 6.2084064
p 73 186 37.125988 2.7563133
p 72 187 36.088985 3.787592
p 71 188 35.14469 -4.9766407
p 72 189 34.379776 7.8041725
p 72 190 33.283813 3.5759125
p 73 191 31.955774 4.4691353
p 74 192 30.799862 8.472183
p 75 193 30.14359 3.5294895
p 76 194 29.098509 -0.23487377
p 77 195 28.202875 -0.36827755
p 78 196 27.517052 -0.2802601
p 79 197 26.636822 -0.6643944
p 80 198 26.252548 -0.038090706
p 81 199 25.748606 -0.2818632
p 80 200 25.16541 -0.46240234
p 81 201 24.549135 -0.3594389
p 82 202 23.777658 -0.2740116
p 81 203 23.154049 0.024910927
p 81 204 22.662495 -0.6383314
p 82 205 22.27804 0.010643959
p 83 206 21.67876 -0.65980816
p 82 207 21.131836 -0.07784748
p 83 208 20.63585 -0.41703892
p 84 209 19.945269 0.16669273
p 84 210 19.791002 0.04964161
p 85 211 19.529678 -0.0059347153
p 86 212 19.043423 -0.3696823
p 85 213 18.843624 0.082276344
p 86 214 18.600653 -0.20876789
p 87 215 18.486786 0.18204308
p 88 215 18.40597 -0.22319412
p 89 216 18.389837 -0.048606873
p 88 217 18.111801 0.06753731
p 88 218 17.82227 -0.16349411
p 87 219 17.82227 0.397398
p 86 220 17.439663 -0.058540344
p 85 221 17.186039 -0.074599266
p 84 222 17.120144 0.0143585205
p 85 223 17.067474 -0.21067429
p 85 224 17.067474 -0.22209358
p 85 225 16.97982 -0.158535
p 86 226 16.947079 -0.026252747
p 87 227 16.742369 0.118881226
p 88 228 16.568544 0.050940514
p 89 228 16.55404 0.049589157
p 90 229 16.55404 -0.35011196

c 24 9.028835
p 72 55 25.10217 0.068525314
p 73 54 24.564953 -0.029176712
p 74 53 24.07612 -0.19601727
p 75 52 23.403913 -0.0838871
p 75 51 22.76439 -0.14331245
p 75 50 22.464941 -0.34366608
p 75 49 21.870222 -0.312047
p 76 48 21.11562 -0.0011329651
p 75 47 20.67513 0.06552982
p 76 46 20.333 -0.091944695
p 77 45 19.808762 -0.09274769
p 76 44 19.642561 0.27646065
p 77 43 19.303778 -0.16814995
p 77 42 19.131632 -0.38771248
p 77 41 18.71457 -0.21372986
p 77 40 18.39534 -0.106435776
p 76 39 18.167301 -0.19870567
p 76 38 17.94161 0.18800926
p 75 37 17.674513 0.19018555
p 76 36 17.574814 0.057362556
p 76 35 17.52818 -0.3537445
p 76 34 17.454708 -0.0168581
p 76 33 17.350748 -0.12142563
p 76 32 17.251955 0.039876938
p 77 31 17.050817 -0.022400856
p 77 30 17.050817 0.029747963
p 78 29 16.943474 -0.26397514
p 79 29 16.916792 -0.21390152
p 80 28 16.916792 -0.33963394
p 80 27 16.754236 -0.16440487
p 80 26 16.752756 -0.13981247
p 80 25 16.743015 4.5490265E-4
p 79 24 16.661102 0.054537773
p 78 23 16.466845 -0.4537859
p 77 22 16.421543 -0.05952072
p 76 21 16.421543 -0.1333952
p 76 20 16.364454 -0.057209015
p 77 19 16.338627 -3.8719177E-4
p 78 18 16.270748 -0.05964756
p 78 17 16.235525 -0.24235821
p 78 16 16.219 0.018457413
p 77 15 16.219 0.17754555
p 78 14 16.097214 -0.19847488
p 77 13 16.073336 0.04491234
p 78 12 16.073336 -0.34397507

c 25 73.15165
p 74 114 97.2236 -2.5392227
p 75 113 94.952934 -4.359333
p 76 112 93.25038 -2.3054657
p 75 111 91.68143 2.8890228
p 76 110 90.22219 3.8549385
p 75 109 89.352234 4.274727
p 76 108 89.124405 3.7671242
p 77 107 88.560394 1.6618385
p 78 106 87.28109 -0.54678345
p 77 105 86.06504 4.6370735
p 78 104 82.42396 0.04283142
p 79 103 81.073875 1.1266365
p 78 102 79.75468 -0.65550613
p 79 101 78.28196 0.6439247
p 78 100 77.0739 -0.35554886
p 77 99 75.38489 1.3997612
p 78 98 73.07198 0.2640686
p 79 97 71.61337 -2.7708435
p 80 96 69.597916 2.0130005
p 80 95 68.07527 -3.1939201
p 79 94 65.90809 5.0078278
p 80 93 64.801216 -0.3619728
p 79 92 63.736004 1.244278
p 80 91 62.612087 -0.8056526
p 81 90 61.388905 1.4085236
p 82 89 60.054905 -3.844511
p 81 88 58.268024 1.031208
p 82 87 57.194958 4.7440834
p 83 86 56.155685 3.733818
p 84 85 55.13019 5.0608444
p 85 84 54.16785 -0.6799469
p 84 83 53.36005 10.372837
p 85 82 52.478355 8.386566
p 86 81 50.971867 2.9924622
p 87 80 49.910473 -0.57831955
p 86 79 48.840527 7.6500473
p 87 78 47.75505 -4.5347176
p 86 77 46.666195 4.4631386
p 85 76 45.579926 2.5451717
p 86 75 44.52325 -0.73142624
p 85 74 43.553455 9.572784
p 84 73 42.72414 2.0659904
p 83 72 41.851883 6.119629
p 84 71 40.68823 9.041887
p 85 70 39.115494 6.95644
p 86 69 37.888355 5.183222
p 87 68 36.90899 -1.4232922
p 86 67 35.943478 1.823286
p 85 66 34.98014 -4.1171036
p 84 65 34.003357 0.011554718
p 85 64 33.01016 9.759724
p 84 63 32.089348 6.287985
p 83 62 31.170918 0.49868202
p 82 61 30.282013 -0.79801273
p 81 60 29.448849 -0.6766491
p 80 59 28.553839 -0.8293257
p 79 58 27.714672 -0.69035435
p 78 57 27.014217 0.089725494
p 79 56 26.216904 -0.050780296
p 78 55 25.205244 -0.27225113
p 77 54 24.792362 0.16825008
p 76 53 24.071953 -0.0748539

c 26 41.344646
p 76 171 54.58083 0.16923141
p 77 170 55.429443 3.123577
p 78 169 56.425232 1.3346882
p 77 168 57.402523 2.5388908
p 78 167 58.240944 7.2754784
p 79 166 59.35941 6.238476
p 80 165 60.11506 5.5450478
p 81 164 61.208298 2.9370346
p 82 163 62.653435 3.5812607
p 83 162 63.87241 4.902233
p 84 161 65.51356 3.3786583
p 85 160 66.42754 2.9556885
p 86 159 67.38231 2.7580872
p 87 158 68.41019 2.102398
p 88 157 69.57939 1.9046288
p 89 156 70.66953 -0.110443115
p 90 155 71.858734 -0.3390236
p 91 154 73.20395 1.6195183
p 92 153 74.44642 1.8327179
p 93 152 75.693115 -2.8572426
p 92 151 76.5753 5.7553787
p 93 150 77.63218 -1.5957451
p 92 149 78.95313 4.2955475
p 93 148 80.0966 -2.3500137
p 94 147 81.011894 -1.8798523
p 93 146 81.89179 4.1987953
p 94 145 83.04898 -2.1968803
p 93 144 84.31786 -7.502838
p 92 143 91.88581 -3.7379265
p 91 142 92.91412 -5.1932526
p 90 141 93.45663 -6.8382072
p 89 140 94.44795 -5.596405
p 88 139 95.925476 -4.842037

c 27 2.947565
p 76 211 19.60244 -0.2064209
p 77 212 19.286022 -0.12855244
p 78 213 18.941343 -0.05548668
p 78 214 18.835028 0.43906116
p 79 215 18.486355 0.053052902
p 79 216 18.161604 -0.20159245
p 79 217 17.99594 0.06326485
p 80 218 17.730225 -0.37197304
p 81 219 17.730225 -0.08220291
p 81 220 17.434275 -0.023636818
p 80 221 17.225317 -0.3035059
p 80 222 17.065445 -0.20590687
p 81 223 17.065445 -0.14957142
p 81 224 17.064161 -0.29880047
p 80 225 16.960144 -0.24543762
p 79 226 16.960144 -0.074334145
p 80 227 16.902693 -0.023822784
p 79 228 16.654875 -0.512969
p 78 229 16.654875 -0.1340971

c 28 29.85308
p 81 96 69.23196 -4.212143
p 82 97 70.286705 -6.798504
p 83 98 71.34342 -4.082741
p 82 99 72.34489 -0.19142914
p 83 100 73.26713 -6.0136986
p 84 101 74.18547 -5.420311
p 85 102 75.31376 -3.2470245
p 86 103 76.57334 -1.7876358
p 87 104 77.80326 -2.7036896
p 86 105 79.133835 -2.6432152
p 87 106 80.67451 -1.0939903
p 88 107 82.22555 -6.7938995
p 89 108 83.69303 -6.6785316
p 90 109 85.125565 -2.2253685
p 91 110 86.41723 -5.801735
p 92 111 87.61108 -3.651081
p 93 112 89.01478 -1.8740044
p 92 113 90.16446 -0.843132
p 93 114 91.33482 -1.4066315
p 94 115 93.122574 -6.2432632
p 95 116 94.97963 -6.0446053
p 96 117 96.813225 -5.8478775
p 97 118 99.08504 -4.351959

c 29 0.798687
p 82 23 16.66528 -0.20786858
p 82 24 16.66528 0.015678406
p 82 25 16.775042 -0.18726444
p 82 26 16.83115 -0.16453934
p 82 27 16.94099 -0.15435886
p 83 28 16.991056 -0.240901
p 84 29 17.0721 -0.045214653
p 85 30 17.130217 -0.10826206
p 84 31 17.325201 -0.43260288
p 84 32 17.33676 -0.09002972
p 84 33 17.463966 -0.07119942

c 30 14.905617
p 82 162 63.445015 8.254475
p 83 161 65.35693 4.6696205
p 84 160 66.33663 1.1381187
p 85 159 67.18669 -0.66674805
p 86 158 68.271065 1.874752
p 87 157 69.41132 0.37802505
p 86 156 70.63419 -4.796959
p 85 155 75.45065 1.8050194
p 86 154 76.49409 1.7421455
p 85 153 77.47938 1.3316994
p 84 152 78.35063 0.75019455

c 31 15.368784
p 84 187 34.10801 -2.8483849
p 85 188 32.855087 -4.0724754
p 86 189 31.99734 -6.5931664
p 85 190 31.052431 9.59654
p 86 191 30.207705 5.5900707
p 87 192 29.430674 8.25965
p 88 193 28.736006 3.8554344
p 89 194 28.064882 -0.17523766
p 88 195 27.444681 -0.47409534
p 87 196 26.780373 -0.02276802
p 86 197 26.128807 -0.14145279
p 87 198 25.60194 -0.09356785
p 87 199 25.108938 -0.54527855
p 88 200 24.561249 0.09422207
p 89 201 23.55237 -0.6207657
p 88 202 23.028366 0.40384293
p 89 203 22.390146 -0.120705605
p 89 204 21.851522 -0.04763317
p 89 205 21.851522 0.36811733
p 90 206 21.175583 -0.3654871
p 91 207 20.918667 -0.27476883
p 90 208 20.480083 0.23616982
p 91 209 19.911024 -0.37933922
p 92 210 19.537615 0.20060253
p 91 211 19.130554 -0.24950314
p 91 212 19.028553 0.21144485
p 90 213 18.739225 -0.44437504
p 89 214 18.739225 -0.12349415

c 32 3.9934597
p 86 47 20.988535 -0.21902752
p 87 46 20.385857 -0.6200037
p 88 45 20.052307 0.17925835
p 89 44 19.74581 -0.19220638
p 89 43 19.44899 0.02900219
p 88 42 19.18643 0.012291908
p 89 41 18.864595 0.099113464
p 88 40 18.53338 -0.3499031
p 88 39 18.378452 -0.011478424
p 88 38 18.156763 -0.1465683
p 88 37 18.070387 -0.064139366
p 89 36 17.891533 0.15933037
p 90 35 17.797955 -0.44388485
p 91 34 17.351265 0.10853958
p 91 33 17.351265 0.102498055
p 92 32 17.335068 -0.12033939
p 92 31 17.055426 -0.32863712
p 93 30 16.995075 0.049473763
p 94 29 16.995075 -0.18280697

c 33 3.3215199
p 92 45 20.130428 -0.31733036
p 93 44 19.5873 0.14458275
p 94 43 19.532215 -0.123518944
p 95 42 19.115177 -0.33964157
p 94 41 18.9629 -0.032953262
p 95 40 18.673603 0.117316246
p 96 39 18.306574 -0.10402775
p 97 38 18.165628 -0.034166336
p 96 37 17.986013 -0.095103264
p 96 36 17.871754 0.009353638
p 96 35 17.733932 -0.2399292
p 96 34 17.526678 -0.072743416
p 96 33 17.36789 -0.16152191
p 97 32 17.274706 -0.35109997
p 97 31 17.13844 0.04821682
p 97 30 17.116901 -0.41727734
p 97 29 16.921404 -0.2546835
p 96 28 16.808908 -0.018652916
p 95 27 16.808908 -0.3742485

c 34 28.981956
p 92 45 20.130428 0.31217766
p 93 46 20.873325 0.38135338
p 94 47 20.979528 -0.6093426
p 95 48 21.380266 -0.26556396
p 94 49 22.27355 -0.17202187
p 94 50 22.830805 0.122478485
p 93 51 23.4389 0.6179037
p 94 52 23.66943 -0.4574623
p 94 53 24.4744 -0.49114227
p 95 54 25.09855 -0.15142441
p 94 55 25.846636 -0.079818726
p 95 56 26.543308 -0.05606079
p 94 57 27.194672 0.15052032
p 95 58 27.615347 0.06377506
p 94 59 28.444492 0.3404026
p 95 60 29.054688 -0.3730917
p 95 61 29.700104 -0.20108414
p 95 62 30.436815 4.66714
p 96 63 31.184086 8.055785
p 97 64 32.012917 3.930462
p 98 65 32.831245 2.303587
p 99 66 34.283237 -1.5472336
p 98 67 35.230854 7.9383335
p 97 68 36.03087 3.6739025
p 96 69 37.016865 3.7935066
p 95 70 38.421833 8.317873
p 94 71 39.254032 -0.17176247
p 95 72 39.909115 5.5779495
p 94 73 40.63367 3.7966309
p 93 74 41.725544 1.8743095
p 92 75 42.73309 -0.876379
p 93 76 43.54816 6.586567
p 92 77 44.30152 -0.93847084
p 93 78 45.093918 -1.2541313
p 94 79 46.08544 -1.9747658
p 95 80 47.04941 -1.710846
p 96 81 49.112385 -2.999298

c 35 5.827696
p 92 203 22.724062 0.01271534
p 92 204 22.160269 -0.45485973
p 93 205 21.7382 -0.05145073
p 94 206 21.082487 -0.12718868
p 95 207 21.082487 -0.45235443
p 95 208 20.179028 -0.7138958
p 96 209 19.764477 0.37128353
p 95 210 19.419249 -0.191926
p 96 211 19.081257 0.15999031
p 97 212 18.895967 -0.06817627
p 96 213 18.756783 -0.29033184
p 97 214 18.564653 -0.41900063
p 98 215 18.151417 -0.26672554
p 97 216 18.13857 -0.04894638
p 96 217 17.88913 -0.35618973
p 97 218 17.863459 -0.42252445
p 97 219 17.503925 -0.53815746
p 98 220 17.43291 -0.14659214
p 98 221 17.43291 -0.19084835
p 99 222 17.159758 -0.17232609
p 100 223 17.066238 -0.054858208
p 100 224 16.896366 -0.18886662
p 101 224 16.896366 0.12970543

c 36 19.670221
p 92 203 22.724062 0.114575386
p 93 202 23.130226 -0.37560558
p 94 201 23.471237 -0.15033245
p 94 200 24.220352 -0.025250435
p 95 199 25.041786 -0.17866421
p 95 198 25.519747 -0.2711954
p 94 197 26.062006 -0.13925266
p 93 196 26.692516 -0.32729626
p 94 195 27.39183 -0.24967098
p 95 194 28.05955 -0.24802017
p 96 193 28.72997 2.8502598
p 97 192 29.434668 3.688797
p 98 191 30.281654 0.65521526
p 97 190 30.9973 0.68471813
p 96 189 31.710714 -0.6096325
p 97 188 32.728 -1.1383209
p 96 187 33.688095 0.6495991
p 97 186 34.71106 -4.594187
p 98 185 36.269707 -10.995832
p 97 184 37.526222 -2.5540676
p 96 183 38.707325 -2.1341515
p 97 182 39.63755 -1.1783009
p 96 181 40.747547 -3.0793953
p 95 180 42.394283 -5.397217

c 37 58.720337
p 95 205 21.834738 0.3242073
p 96 204 22.572691 -0.13341618
p 97 203 22.965216 -0.3154421
p 98 202 23.519455 0.28522682
p 99 201 23.801245 -0.06846428
p 98 200 24.379759 -0.03677559
p 97 199 24.796194 -0.13542652
p 97 198 25.77094 0.24717617
p 98 197 26.195631 -0.26858234
p 98 196 26.765404 -0.063874245
p 99 195 27.442284 0.16762638
p 100 194 27.911032 -0.4925232
p 101 193 28.92111 0.06355095
p 102 192 29.620497 7.428029
p 101 191 30.359404 6.7236986
p 100 190 31.105742 -2.55202
p 101 189 32.181812 -1.5141449
p 102 188 32.943554 -3.3201447
p 101 187 33.953606 0.34476662
p 102 186 35.0118 4.3099823
p 101 185 35.950264 4.754032
p 102 184 36.828575 1.8037682
p 102 183 38.021336 5.731348
p 102 182 38.478752 3.1746788
p 101 181 39.48508 -1.8249283
p 100 180 40.436443 -11.12952
p 101 179 41.365433 0.63210106
p 102 178 42.88681 -4.731142
p 101 177 43.699802 4.710144
p 100 176 45.11134 -2.5167122
p 101 175 45.54866 6.0980167
p 100 174 46.346264 0.67747307
p 101 173 46.93205 -0.6384239
p 102 172 48.12994 -4.1657887
p 101 171 55.211327 8.505096
p 101 170 55.403393 7.105633
p 102 169 58.263878 0.84947395
p 101 168 61.835827 9.764416
p 102 167 63.983654 2.7734222
p 102 166 65.59118 7.378189
p 103 165 66.38051 5.2679024
p 104 164 67.14127 0.9094658
p 104 163 67.50568 -1.6127243
p 103 162 68.01394 -0.17629623
p 102 161 68.68254 3.0474625
p 101 160 69.90537 2.4922218
p 101 159 70.36605 2.724327
p 101 158 70.814445 0.025196075
p 102 157 71.30666 0.45947647
p 101 156 72.044014 -6.243538
p 100 155 73.40106 -3.826641
p 101 154 75.68866 -10.279606
p 102 153 80.55508 -2.0542946

c 38 10.922087
p 99 57 27.600471 0.04649639
p 100 56 26.796844 -0.33010578
p 101 55 25.915133 -0.3572464
p 101 54 25.409794 0.02613163
p 102 53 24.776953 0.1319046
p 103 52 24.197214 -0.15329742
p 102 51 23.63399 0.039380074
p 103 50 22.688974 0.14310169
p 103 49 22.212576 0.15596676
p 104 48 21.468506 -0.0026006699
p 105 47 21.166641 -0.2260418
p 105 46 20.622704 -0.033988
p 105 45 20.180527 -0.04826641
p 104 44 19.853191 0.006055832
p 105 43 19.579008 -0.19665623
p 104 42 19.418922 0.24169827
p 105 41 18.869595 0.116560936
p 105 40 18.7158 -0.26807022
p 106 39 18.689363 0.27490425
p 105 38 18.118282 -0.113586426
p 105 37 17.966871 -0.22201347
p 105 36 17.868235 -0.06329441
p 105 35 17.737717 -0.23474407
p 105 34 17.576748 -0.093951225
p 104 33 17.438866 -0.057391167
p 103 32 17.348547 -0.27316666
p 104 31 17.23519 -0.07428646
p 103 30 17.113186 -0.023665428
p 104 29 17.075428 -0.008612633
p 103 28 16.96584 0.123215675
p 102 27 16.705389 -0.11445427
p 101 27 16.678385 -0.16355228

c 39 73.38027
p 99 57 27.600471 -0.434865
p 99 58 28.392479 -0.093686104
p 99 59 29.041504 -0.24367142
p 100 60 29.968365 0.17502308
p 101 61 30.891266 0.21350765
p 102 62 31.789522 1.8172188
p 103 63 32.70528 0.08208847
p 104 64 33.61756 0.007923126
p 105 65 34.543125 2.356142
p 106 66 35.52722 -3.6037369
p 105 67 37.114334 4.0491047
p 104 68 37.804043 -4.7648163
p 105 69 38.587612 7.414345
p 106 70 39.624065 0.510519
p 105 71 40.66219 7.0907707
p 106 72 41.600456 5.9501038
p 105 73 42.799618 7.4800777
p 106 74 43.79816 0.18975258
p 105 75 44.773376 4.516239
p 104 76 45.810196 1.1662769
p 105 77 46.787483 5.5432663
p 106 78 47.812416 8.806831
p 107 79 48.8811 9.942478
p 108 80 50.18854 -0.37675095
p 107 81 50.944366 6.4040127
p 108 82 51.752747 -0.052139282
p 107 83 52.71505 4.3800583
p 106 84 53.71805 7.3383217
p 105 85 54.755188 5.370613
p 104 86 55.826283 0.4430008
p 105 87 56.927143 0.61602783
p 106 88 58.155163 0.721756
p 107 89 59.04754 1.2760811
p 108 90 59.909576 2.1422653
p 109 91 61.20404 -1.6661301
p 108 92 62.06396 2.5541573
p 109 93 63.051468 -0.25494766
p 108 94 64.136765 -5.076004
p 107 95 65.53973 -0.7416687
p 108 96 66.54265 4.725197
p 107 97 68.0573 -5.286251
p 106 98 69.39949 -3.3045998
p 107 99 70.56368 3.2047386
p 106 100 72.44415 -4.1389465
p 105 101 75.79996 -2.3522453
p 106 102 77.90653 -9.111244
p 107 103 79.96572 -3.8015327
p 106 104 81.93535 -3.3079681
p 105 105 84.3227 -0.9278412
p 106 106 85.95201 -0.7968025
p 107 107 87.58386 -1.6993904
p 108 108 89.814316 -1.225769
p 109 109 91.6537 -0.16434097
p 110 110 92.979904 0.020534515
p 111 111 94.69286 -1.3134727
p 112 112 96.733665 -0.32650757
p 113 113 99.56723 0.066028595
p 114 114 100.98074 0.25195694

c 40 5.3176994
p 101 205 22.075092 0.09341049
p 102 206 21.403444 -0.16569233
p 103 207 20.73031 -0.021479607
p 103 208 20.73031 0.53453636
p 102 209 20.0587 -0.29443264
p 103 210 19.73415 -0.3095293
p 104 211 19.196098 0.097732544
p 103 212 18.834263 -0.22940063
p 103 213 18.483625 -0.070487976
p 103 214 18.30951 -0.20878983
p 102 215 18.250668 0.28267002
p 103 216 18.055424 -0.12602139
p 104 217 17.855118 0.027079582
p 103 218 17.719088 -0.08627224
p 103 219 17.715704 0.14761066
p 104 220 17.33182 -0.093800545
p 104 221 17.19208 -0.3170395
p 105 222 17.185251 0.050535202
p 106 223 17.081785 0.008758545
p 107 224 17.065712 0.06502247
p 108 225 17.007412 -0.29532528
p 109 226 17.007412 -0.21091175
p 108 227 16.973196 -0.044355392
p 107 228 16.822472 0.0060777664
p 107 229 16.773258 0.12587261
p 106 230 16.757393 -0.040255547
p 105 231 16.757393 -0.40694046

c 41 13.416227
p 101 205 22.075092 -0.082009315
p 102 204 22.643356 -0.29188728
p 103 203 23.227087 -0.45995617
p 104 202 23.895636 -0.3987322
p 105 201 24.091303 -0.86805725
p 106 200 25.087059 0.41187096
p 105 199 25.776596 -0.10739803
p 106 198 26.504202 0.036510468
p 107 197 27.281498 -0.07278824
p 108 196 28.076769 -0.11228657
p 109 195 28.86302 0.03140068
p 110 194 29.614233 0.10079765
p 111 193 30.40975 3.3841705
p 112 193 30.780136 0.012892723
p 113 194 29.948925 -0.47622395
p 114 195 29.319862 -0.2962389
p 115 196 27.865871 -0.3823452
p 115 197 27.160828 -0.22228813
p 114 198 26.247265 -0.51338005
p 115 199 25.810045 -0.032629013
p 116 200 25.121874 -0.27130318
p 115 201 24.540611 0.28259468
p 116 202 23.847097 -0.0060892105
p 117 203 23.224422 0.0117816925
p 117 204 22.94487 0.17013931
p 118 205 22.078495 -0.26862144
p 118 206 21.19201 -0.36867046
p 119 207 20.610498 0.2190466
p 118 208 20.413395 -0.023180008
p 117 209 20.171638 0.20294762
p 116 210 19.693464 -0.14904976
p 117 211 19.344803 0.15301704
p 116 212 19.122282 -0.027420044
p 117 213 18.718763 -0.07662964
p 116 214 18.477484 -0.23831272
p 115 215 18.342312 0.15707493
p 116 216 18.009748 -0.066184044
p 116 217 17.88458 -0.23539448
p 115 218 17.715677 0.07830238
p 116 219 17.534065 -0.48628902
p 117 220 17.440247 -0.045773506
p 118 220 17.363909 0.054923058
p 119 219 17.363909 -0.73648167

c 42 5.6125126
p 102 22 16.569658 -0.03269577
p 102 23 16.569658 -0.008461952
p 102 24 16.620352 -0.006471634
p 103 25 16.656803 -0.062802315
p 104 25 16.656803 -0.116015434
p 105 26 16.719027 0.10986042
p 106 26 16.755274 -0.034903526
p 107 27 16.928202 -0.39753437
p 107 28 17.06337 -0.3895855
p 108 29 17.091919 -0.054494858
p 109 30 17.228416 -0.14782715
p 109 31 17.228416 -0.19174576
p 109 32 17.317907 -0.19366074
p 110 33 17.349878 -0.14877224
p 111 34 17.658472 -0.24483871
p 112 35 17.89562 0.06104374
p 113 36 17.93704 -0.31393528
p 113 37 18.173136 -0.15355396
p 112 38 18.17586 -0.47959232
p 111 39 18.698944 0.46398354
p 112 40 18.698944 -0.2560568
p 111 41 19.101458 -0.0035581589
p 111 42 19.253302 -0.24247265
p 111 43 19.253302 -0.28565693
p 112 44 19.675953 -0.17324066
p 113 45 20.138647 0.111551285
p 112 46 20.494194 -0.06548405
p 113 47 21.20127 0.33502293
p 112 48 21.480114 -0.5024662
p 111 49 22.18217 -0.12565708

c 43 8.626299
p 108 184 39.81061 -0.7816849
p 109 185 37.544106 5.83296
p 110 186 37.020794 2.3139687
p 111 187 35.856506 -3.143505
p 112 188 34.486145 -7.0379086
p 113 189 33.682426 -4.3450794
p 114 190 33.167416 2.3332138
p 114 191 32.5374 2.0882874
p 113 192 31.655212 0.5646305
p 112 192 31.184313 3.9550018
p 113 191 31.822374 1.5726242

c 44 19.261337
p 109 97 67.73292 -16.089863
p 110 98 69.28644 -11.517555
p 111 99 70.06834 -9.408123
p 112 100 70.909706 -7.406872
p 113 101 71.88986 -7.150364
p 114 102 73.21743 -8.695869
p 115 103 74.80691 -8.758072
p 116 104 76.64554 -9.230045
p 117 105 78.53168 -8.793076
p 118 106 80.840645 -9.407246
p 119 107 82.98859 -11.344387
p 120 108 86.994255 4.9012375

c 45 43.253517
p 113 151 76.524666 -1.2630997
p 114 152 75.21636 0.723011
p 113 153 73.31297 0.13345337
p 114 154 72.20637 0.67710495
p 115 155 71.46496 0.08681488
p 116 156 70.6383 4.7558174
p 115 157 69.92097 6.65007
p 114 158 68.691536 -0.18040466
p 115 159 65.595985 6.9876213
p 115 160 63.03096 -3.4485512
p 116 161 61.457592 -1.4824257
p 117 162 60.569176 2.0586205
p 116 163 59.67383 -2.6821785
p 117 164 58.741 8.939869
p 116 165 57.527214 5.7445145
p 115 166 56.30753 5.5837708
p 114 167 55.34143 2.3221855
p 115 168 53.886402 -1.7569466
p 114 169 52.936695 1.1549377
p 115 170 51.979496 0.99464035
p 116 171 51.58582 4.472492
p 117 172 50.602306 -1.7340755
p 116 173 49.730946 1.4443436
p 117 174 48.26579 3.2794037
p 118 175 47.37905 4.719124
p 119 176 46.991814 3.3771172
p 120 177 46.09773 -2.483799
p 119 178 44.26117 0.6619587
p 118 179 43.531868 7.064354
p 117 180 42.71977 -4.673008
p 118 181 41.463318 2.9523659
p 119 182 40.795235 -5.55554
p 118 183 39.982765 9.57407
p 119 184 38.708 11.833544
p 118 185 37.875317 12.552017
p 117 186 36.970768 7.736889
p 116 187 36.304607 -1.8099957
p 117 188 34.7776 3.065836
p 116 189 34.15093 5.7425804
p 115 190 33.27115 3.0108738

c 46 17.637291
p 113 151 76.524666 2.619629
p 114 150 77.83375 5.50198
p 115 149 79.09088 3.2558212
p 116 148 80.13121 4.706375
p 117 147 81.02426 -0.23620224
p 116 146 83.14818 2.2848015
p 117 145 83.808586 4.7818413
p 118 144 84.36994 -1.4862633
p 117 143 85.298355 3.5435638
p 118 142 86.31267 -2.7716827
p 119 141 87.854576 -1.3015289
p 120 140 92.07749 1.2709503
p 121 139 92.82032 0.4429779
p 122 138 92.82032 -3.97686
p 123 137 94.16196 -4.787487

c 47 9.0845585
p 115 56 26.435982 -0.02308178
p 116 55 25.791489 -0.033504486
p 117 54 24.688593 -0.4375124
p 118 53 24.26276 0.09751606
p 117 52 23.968597 0.037343025
p 118 51 23.436409 0.04688549
p 118 50 22.570417 -0.17245102
p 119 49 22.06814 -0.07605648
p 119 48 21.59467 -0.23348618
p 118 47 21.015505 -0.4905615
p 119 46 20.67694 -0.04587841
p 119 45 20.328356 -0.0047626495
p 118 44 19.854727 -0.096458435
p 119 43 19.541624 0.022341728
p 119 42 19.0968 -0.10298443
p 120 41 18.948496 0.07444382
p 121 40 18.773884 -0.067700386
p 120 39 18.29218 -0.079190254
p 121 38 18.274372 0.011474609
p 121 37 18.0443 0.111816406
p 122 36 17.937645 0.123809814
p 121 35 17.645382 -0.0011873245
p 122 34 17.560972 0.12714672
p 121 33 17.414827 0.08204365
p 121 32 17.351423 -0.1259489
p 120 32 17.351423 0.16751385

c 48 3.4559078
p 117 216 18.118513 -0.19467163
p 118 215 18.207405 -0.14497662
p 119 214 18.464155 -0.16671658
p 120 213 18.67051 -0.15922165
p 121 212 18.938715 -0.16854
p 121 211 19.056513 -0.13167667
p 120 210 19.717707 -0.084869385
p 120 209 20.114538 -0.13778877
p 121 208 20.434893 -0.14686394
p 120 207 20.982908 0.1212368
p 121 206 21.57442 0.18098164

c 49 39.276974
p 119 85 56.17796 -1.5255051
p 120 84 54.8389 1.041008
p 121 83 53.774612 1.4057693
p 122 82 52.682858 1.1253109
p 121 81 51.56156 0.96126556
p 122 80 50.426777 1.9027519
p 123 79 49.158928 0.82104874
p 124 78 48.09486 -0.0055561066
p 123 77 47.180042 2.142376
p 124 76 46.068447 2.2883148
p 123 75 44.96805 3.4520264
p 122 74 43.645454 -0.55060005
p 123 73 42.794907 -4.116104
p 122 72 41.63602 3.6861267
p 123 71 40.474747 0.84228516
p 124 70 39.41093 -0.36391258
p 125 69 38.105553 4.098095
p 124 68 35.87064 -2.3232632
p 125 67 34.91132 -0.95710945
p 124 66 33.947437 -1.5104771
p 123 65 32.988758 8.068977
p 122 64 32.102154 6.961935
p 121 63 31.2452 8.393518
p 120 62 30.45558 0.049009323
p 121 61 29.72516 0.3052349
p 122 60 28.9348 -0.26772594
p 123 59 28.276354 -0.3647852
p 123 58 27.562864 -0.11416912
p 124 57 26.493792 -0.3309269
p 123 56 26.086296 0.4052229
p 124 55 25.247885 -0.50056267
p 125 54 24.591381 -0.8168497
p 126 53 23.905218 -0.46858406
p 125 52 23.750563 0.63919735
p 126 51 22.924229 -0.04229641
p 127 50 22.390028 -0.23790741
p 128 49 21.983517 -0.14916801
p 127 48 21.493027 0.06780529
p 127 47 21.068905 -0.4326868
p 126 46 20.481075 -0.20543289
p 127 45 20.302769 -0.108896255
p 127 44 19.848253 -0.33965683
p 128 43 19.58837 -0.11232376
p 129 42 19.298758 -0.27155018
p 129 41 18.740814 -0.5663109
p 128 40 18.549332 0.1179924
p 129 39 18.397686 -0.06302261
p 130 38 18.269707 -0.17323017
p 130 37 17.983614 -0.38222027
p 129 36 17.976448 -0.21282959
p 128 36 17.831121 -0.50372505
p 127 35 17.831121 -0.30028248
p 126 34 17.681051 0.10161877
p 127 33 17.282204 -0.3112116
p 127 32 17.269749 -0.15494728
p 127 31 17.269749 -0.001039505
p 127 30 17.121965 0.0021858215
p 127 29 16.900986 -0.5109453
p 128 28 16.900986 0.031088829

c 50 47.027164
p 119 85 56.17796 -1.6336784
p 120 86 56.977448 2.361309
p 121 87 58.6371 0.34978485
p 122 88 59.447292 1.6349373
p 123 89 60.182236 0.47044373
p 124 90 60.91346 -1.3880005
p 125 91 61.71339 -0.62441254
p 126 92 62.500397 -2.0124168
p 127 93 63.219864 -2.3938866
p 128 94 64.138176 0.9716568
p 127 95 64.688065 -4.1621475
p 126 96 65.11747 -6.688381
p 125 97 65.84689 -3.7728271
p 126 98 66.736534 -11.790855
p 127 99 68.00135 -12.740051
p 128 100 69.16595 -9.453724
p 127 101 70.18331 -9.500145
p 126 102 71.50432 -7.18919
p 127 103 72.45334 -4.6288567
p 128 104 73.7852 -6.575279
p 129 105 76.3869 -6.312992
p 130 106 81.19424 -3.091755
p 131 107 85.77466 0.59711075
p 132 108 87.41434 1.1808319
p 133 109 89.041084 -1.8465729
p 132 110 89.041084 5.2499924
p 133 111 91.54321 -1.4896927
p 132 112 98.1882 6.8406563
p 133 113 99.964455 -0.47309875
p 132 114 102.479416 0.2925682
p 133 115 103.205124 2.0424538

c 51 3.3487186
p 127 209 20.159763 -0.1676197
p 128 210 19.630144 -0.0613842
p 128 211 19.346062 0.085157394
p 129 212 19.020912 -0.13054848
p 130 213 18.769228 -0.1425476
p 130 214 18.393564 -0.1524086
p 130 215 18.309336 -0.42337608
p 131 216 18.031734 -0.002837181
p 131 217 18.02934 -0.0031938553
p 130 218 17.787212 -0.05488777
p 129 219 17.555105 -0.150177
p 129 220 17.555105 -0.15533733
p 130 221 17.443573 -0.122452736
p 129 222 17.245766 -0.45838165
p 128 223 17.12723 0.02844429
p 129 224 17.091278 -0.22600365
p 130 224 17.080362 0.047849655
p 131 225 16.996916 -0.34391212
p 132 226 16.94262 0.10543251
p 132 227 16.811045 -0.028477669
p 132 228 16.811045 -0.42738152

c 52 43.676155
p 131 161 61.13273 -4.807461
p 132 162 59.846207 -8.563736
p 133 163 58.181458 -8.976868
p 134 164 56.82992 -6.6278267
p 135 165 55.84942 -2.6198025
p 136 166 55.344948 -1.0342674
p 137 167 54.18412 -4.1618385
p 136 168 53.33544 2.6061249
p 137 169 52.547234 -1.7024536
p 138 170 51.461437 -2.1731987
p 139 171 50.850937 -2.2473068
p 138 172 49.993744 0.62571716
p 137 173 49.01429 0.849308
p 136 174 48.084354 0.31301117
p 137 175 47.11983 7.1797924
p 136 176 46.300636 6.041481
p 135 177 45.305836 0.55537987
p 136 178 43.92144 1.0516891
p 135 179 42.70434 5.6598206
p 134 180 41.85628 -2.1348362
p 135 181 41.21473 11.084469
p 134 182 40.4102 10.474203
p 133 183 38.802357 0.051597595
p 134 184 37.715355 13.018991
p 133 185 36.71893 2.8830185
p 134 186 35.86949 7.1974697
p 133 187 34.964848 -0.38876343
p 134 188 34.055264 0.6626797
p 133 189 33.247242 6.1175156
p 134 190 32.44009 1.7294884
p 135 191 31.622011 0.16104317
p 136 192 30.805264 2.1781082
p 137 193 30.035568 -0.020941734
p 136 194 29.289507 0.049708366
p 135 195 28.51163 -0.7339611
p 134 196 27.78685 -0.7180681
p 135 197 27.06793 0.019069672
p 136 198 26.373362 -0.05270958
p 135 199 25.777184 0.120370865
p 134 200 25.148617 0.019408226
p 135 201 24.486317 0.033920288
p 136 202 23.802456 0.30232048
p 137 203 23.325178 -0.0981102
p 136 204 22.762306 -0.0634346
p 137 205 22.16764 -0.0074071884
p 138 206 21.360384 0.1813879
p 138 207 20.821404 0.060521126
p 138 208 20.520645 0.02978611
p 138 209 19.986483 -0.23042583
p 138 210 19.82293 -0.051018715
p 139 211 19.570034 0.009670258
p 138 212 19.188171 -0.07648754
p 139 213 18.81951 -0.104789734
p 138 214 18.435295 -0.37849712
p 137 215 18.211456 -0.017902374
p 138 216 18.108736 0.094940186
p 138 217 17.85551 -0.10066986
p 139 218 17.65381 0.12407112
p 138 219 17.456575 -0.22216606
p 139 219 17.456575 0.11253548

c 53 4.0261955
p 134 48 21.399742 -0.047385216
p 135 47 21.019384 -0.022628784
p 135 46 20.523422 -0.23561096
p 135 45 20.293238 0.20609951
p 136 44 19.776436 0.13345814
p 137 43 19.425636 0.07956314
p 137 42 19.18985 -0.1952362
p 136 41 19.18985 -0.37634277
p 136 40 18.657244 -0.043972015
p 136 39 18.48895 -0.1143322
p 137 38 18.312721 -0.011287689
p 137 37 17.899303 -0.28747272
p 136 36 17.753012 -0.1700697
p 137 35 17.743425 -0.03347206
p 138 34 17.555098 -0.20727444
p 137 33 17.373547 -0.0131073
p 138 33 17.373547 -0.093110085

c 54 43.826157
p 136 164 56.883766 -1.3205147
p 137 163 59.591244 -1.0621147
p 138 162 63.120193 6.920635
p 139 161 64.04725 1.750946
p 140 160 64.47848 0.6203804
p 141 160 64.96635 2.4096146
p 142 159 66.618744 -0.707901
p 141 158 68.1183 8.391666
p 142 157 69.14186 4.529953
p 143 156 70.31616 1.721508
p 144 155 72.11632 -1.0760384
p 143 154 73.43855 5.94149
p 144 153 75.265755 0.97839355
p 143 152 76.40617 -1.2511444
p 144 151 78.80139 3.6631012
p 144 150 80.70753 6.360325
p 144 149 81.4757 3.485733
p 143 148 82.327415 0.11414719
p 142 147 85.408714 2.4023323
p 142 146 92.36307 5.957676
p 141 145 93.39512 -0.7218666
p 142 144 93.97548 0.5346718
p 143 143 94.96713 0.5270233
p 144 142 96.06352 3.0385056
p 145 141 97.81635 1.5848885
p 144 140 98.7027 1.3413963
p 143 139 99.659615 -2.7238884
p 142 138 100.70992 -1.8666649

c 55 14.63888
p 138 215 18.331984 0.31426525
p 139 214 18.588554 -0.2768755
p 140 213 18.687162 -0.3830719
p 141 212 19.085499 0.19371223
p 140 211 19.39202 -0.24101543
p 140 210 19.851887 -0.22530842
p 140 209 20.075068 -0.2181654
p 141 208 20.490515 -0.43344593
p 142 207 21.106174 -0.09249973
p 142 206 21.753803 -0.14608955
p 141 205 22.156845 -0.0677681
p 142 204 22.50149 -0.21436214
p 142 203 23.107817 0.3525219
p 143 202 23.818848 -0.68419075
p 144 201 24.137512 -0.79661655
p 145 200 25.49387 0.23522568
p 146 199 26.030945 -0.116642
p 147 198 26.598484 -0.21593285
p 147 197 27.046589 -0.09182072
p 148 196 27.311798 -0.6965971
p 149 196 27.69642 -0.5035057
p 150 195 28.187046 -0.0056848526
p 149 194 28.664072 -0.77763176
p 148 193 29.426664 0.16210747
p 149 192 30.10687 9.192037
p 148 191 30.645962 6.7637606
p 147 190 31.611834 4.359729
p 146 189 32.970863 5.708166

c 56 46.25495
p 139 94 63.629944 -7.9966736
p 140 93 62.970882 -5.9214554
p 141 92 61.559994 -0.58748627
p 140 91 60.76382 5.8685837
p 141 90 59.956318 3.3728485
p 140 89 57.609715 -1.5585709
p 141 88 56.86568 -5.622135
p 142 87 55.79257 -6.1025734
p 143 86 54.25122 -6.0374985
p 144 85 53.214783 -4.1731415
p 145 84 52.14985 -5.083084
p 146 83 51.00466 -1.3450508
p 147 82 49.913944 1.0041351
p 148 81 48.971344 -4.4858475
p 147 80 48.060986 1.5895653
p 148 79 47.16841 -1.0928917
p 147 78 46.36123 1.3227425
p 148 77 45.507614 -2.3532104
p 149 76 44.62983 2.3673172
p 148 75 43.66298 5.595125
p 149 74 42.47205 2.6901665
p 148 73 41.175255 5.5975437
p 149 72 40.129715 4.9892025
p 150 71 39.20302 -3.8950672
p 149 70 38.316914 9.3641205
p 150 69 37.433895 6.2128906
p 151 68 36.51224 7.176361
p 152 67 35.5173 -3.1833916
p 151 66 34.542305 4.6995068
p 152 65 33.648647 4.6579475
p 153 64 32.77422 3.556509
p 154 63 31.48696 0.31509304
p 154 62 30.707455 0.34208012
p 153 61 29.984118 -0.44192886
p 154 60 29.567205 -0.17994404
p 154 59 28.616762 -0.28594303
p 155 58 27.812258 -0.80393887
p 156 57 26.941757 0.063960075
p 155 56 26.025042 0.13074684
p 155 55 25.231989 -0.23147392
p 155 54 24.981209 -0.27797508
p 155 53 24.316465 -0.24229622
p 156 52 23.5145 0.12874794
p 156 51 23.011154 -0.14895344
p 156 50 22.349634 -0.5438032
p 156 49 21.683418 -0.5628271
p 156 48 21.070541 -0.34288788
p 157 47 21.039673 0.063773155
p 158 46 20.431545 0.050822258
p 159 45 20.116697 -0.04066372
p 159 44 19.625916 -0.35768604
p 158 43 19.123903 -0.34250164
p 157 42 18.900064 -0.033611298
p 157 41 18.66038 -0.05528927
p 157 40 18.536894 0.23238087
p 157 39 18.32138 -0.014425278
p 158 38 18.224085 -0.06784439
p 158 37 18.094225 -0.11564255
p 159 36 17.986433 0.10192299
p 160 35 17.78314 -0.31056976
p 160 34 17.78314 -0.5750027
p 161 33 17.499792 0.009313583
p 162 33 17.374994 -0.47222233
p 161 32 17.374994 -0.15386581

c 57 0.99816513
p 142 226 16.803717 -0.09840679
p 143 226 16.803717 -0.012091637
p 144 226 16.879246 -0.04033661
p 145 225 16.913956 -0.11721039
p 146 224 17.073652 0.15740299
p 147 223 17.23235 0.046369553
p 148 222 17.263285 -0.12906075
p 147 221 17.363916 -0.15336132
p 146 220 17.379795 0.0012493134
p 147 219 17.48847 -0.16328144
p 148 218 17.651184 -0.10041046
p 147 217 17.801882 -0.046904564

c 58 2.2907677
p 143 30 17.088717 0.12704182
p 144 31 17.1623 -0.18796158
p 144 32 17.44916 -0.279624
p 145 33 17.56839 -0.08153534
p 146 34 17.56839 -0.54861546
p 147 35 17.587116 -0.020028114
p 146 36 17.859598 -0.3864851
p 145 37 18.056612 0.28301907
p 146 38 18.186245 -0.032122612
p 147 39 18.376953 -0.5608406
p 148 40 19.061739 0.21986961
p 147 41 19.093828 -0.49620247
p 146 42 19.379484 0.09179497

c 59 34.87835
p 149 172 51.868114 6.4318542
p 150 173 50.44307 7.3698273
p 151 174 49.233124 2.4141846
p 152 175 48.165375 2.3894558
p 151 176 47.192413 5.7785225
p 152 177 46.17602 4.655052
p 153 178 45.115765 3.9115868
p 154 179 44.096382 -5.138588
p 153 180 43.04911 4.8835793
p 154 181 42.07089 -1.9528885
p 155 182 41.11339 -1.9343109
p 156 183 40.17565 -3.2702885
p 157 184 39.190933 0.3320942
p 158 185 38.17197 -0.6878681
p 159 184 38.871426 -0.14321136
p 160 185 37.97035 3.1442204
p 161 186 37.07428 9.585737
p 160 187 36.200397 4.1135044
p 159 188 35.337708 0.1454525
p 158 189 34.458874 1.5562038
p 157 190 33.572014 4.5390434
p 156 191 32.707405 4.5684185
p 155 192 31.847475 4.3962107
p 154 193 30.979166 3.9323158
p 153 194 30.114681 0.049108505
p 152 195 29.285513 -0.038801193
p 153 196 28.262365 -0.7815323
p 152 197 27.63389 0.5149994
p 153 198 26.69914 -0.4959612
p 154 199 26.208105 0.22327709
p 153 200 25.504461 -0.3573208
p 152 201 24.76883 0.011870384
p 153 202 24.111147 -0.27388287
p 152 203 23.522087 0.1575718
p 151 204 22.84746 0.17978096
p 151 205 22.127558 -0.42463207
p 151 206 21.714682 -0.42893887
p 152 207 21.326962 0.23458481
p 153 208 20.871613 0.18658066
p 153 209 20.271463 -0.16641521
p 152 210 20.04434 -0.20802689
p 152 211 19.480549 -0.084181786
p 151 212 19.19382 -0.020173073
p 152 213 18.81397 0.09161186
p 153 214 18.495258 -0.19740868
p 154 215 18.430862 -0.07837772
p 155 216 18.134104 -0.1632042
p 156 217 18.0533 0.263031
p 155 218 17.738457 -0.031493187
p 155 219 17.580353 0.19253731
p 156 220 17.261568 0.11397171
p 156 221 17.164177 0.025643349
p 155 222 17.164177 -0.21500015
p 154 223 17.162067 -0.1541624
p 153 224 16.989763 -0.3113098
p 152 224 16.989763 -0.10514736

c 60 82.102425
p 153 116 99.81041 -2.6387672
p 154 115 97.30479 -4.2939186
p 155 114 95.32003 -5.4565353
p 156 113 93.54789 -3.1149864
p 157 112 92.095634 2.8062325
p 158 111 91.14465 1.6476097
p 159 110 89.65416 2.0364609
p 160 109 88.53328 6.546688
p 161 108 87.74191 3.4553795
p 162 107 85.28394 -5.375229
p 161 106 84.251144 5.520706
p 162 105 82.36421 1.7039185
p 163 104 81.26298 3.098652
p 164 103 79.93582 0.80989075
p 163 102 78.92801 -2.9600487
p 164 101 77.894066 -1.1292839
p 165 100 77.23276 -4.16378
p 164 99 74.884895 0.2601967
p 163 98 73.97403 2.4709015
p 162 97 73.11212 3.2201538
p 161 96 72.03435 5.4947968
p 160 95 71.39135 0.2728653
p 161 94 69.29035 -2.3771706
p 160 93 67.92188 2.5200272
p 159 92 67.015854 3.002655
p 160 91 65.35135 5.3739815
p 161 90 64.40074 4.4228973
p 162 89 64.14084 2.8021164
p 163 88 62.236797 1.7058372
p 164 87 61.258816 4.0562134
p 164 86 60.873726 3.942398
p 164 85 56.45287 -1.884594
p 165 84 55.5298 7.01046
p 165 83 55.205025 11.574356
p 166 82 52.42787 5.4651604
p 167 81 52.084087 3.7510586
p 167 80 50.09356 1.8388767
p 166 79 48.535778 4.566759
p 165 78 47.609066 6.4086456
p 164 77 46.894238 9.634151
p 163 76 46.271603 1.6301804
p 164 75 45.13165 5.161072
p 163 74 43.69109 4.23773
p 164 73 42.527267 2.5130272
p 163 72 40.74826 10.436403
p 162 71 40.02464 13.980637
p 161 70 39.51954 10.422287
p 160 69 37.874405 -0.4829731
p 160 68 36.723385 -1.4109573
p 161 67 35.362926 4.8367214
p 162 66 34.39115 -7.201357
p 161 65 33.12378 9.956757
p 162 64 31.868662 4.972048
p 163 63 31.305868 8.838991
p 164 62 30.559004 3.9859858
p 165 61 29.782862 -0.73712635
p 164 60 29.097286 -0.103982925
p 163 59 28.278069 0.11680889
p 164 58 27.562605 -0.35444832
p 164 57 26.582506 -0.8343487
p 165 56 26.028662 -0.35838318
p 165 55 24.82903 -0.39949036
p 166 54 24.581596 0.7511139
p 165 53 23.835203 -0.19011974
p 164 52 23.24571 -0.6745968
p 163 51 22.87141 -0.010723114
p 163 50 22.512436 -0.14946175
p 164 49 21.910614 -0.0010547638
p 163 48 20.944769 0.3576069
p 163 47 20.692568 -0.22533989
p 163 46 20.033379 -0.104436874
p 164 45 19.806929 0.20921516
p 163 44 19.437239 -0.11395073
p 162 43 19.0853 -0.5971689
p 161 42 18.812258 -0.050969124
p 161 41 18.758396 -0.12928104
p 161 40 18.289165 -0.033683777
p 162 39 18.077108 -0.43367004
p 162 38 18.054808 -0.3174038
p 161 37 17.982443 -0.004491806
p 162 36 17.837477 -0.10814476
p 162 35 17.763668 -0.23289108
p 163 34 17.707985 0.19184017

c 61 27.027588
p 153 154 66.80462 -3.5709457
p 154 155 65.750946 -6.284172
p 155 156 64.94587 -4.2000694
p 156 157 64.11426 -6.634548
p 155 158 62.77999 5.4815636
p 156 159 61.911625 -6.492302
p 157 160 61.040222 -10.059559
p 158 161 60.1278 -7.3394623
p 159 162 59.222023 -1.779541
p 158 163 58.29251 -5.322281
p 157 164 57.286488 -0.7592735
p 156 165 56.31882 1.5406647
p 157 166 55.39758 -0.521122
p 156 167 54.465267 2.6099854
p 157 168 53.5255 -1.3114433
p 158 169 52.565598 -1.9021835
p 159 170 51.598927 0.14696503
p 160 171 50.650402 -2.7525845
p 161 172 49.742416 -2.5806446
p 160 173 48.855213 1.171608
p 159 174 47.994705 5.1979027
p 158 175 47.131435 -1.4371891
p 159 176 46.233852 7.046114
p 158 177 45.30569 -4.4456882
p 159 178 44.33129 -3.3822327
p 160 179 43.413647 -1.4436893
p 161 180 42.50686 -1.4067173
p 160 181 41.59371 7.16555
p 161 182 40.683544 4.568138
p 160 183 39.77703 2.888073

c 62 27.2154
p 153 154 66.80462 -4.1990585
p 154 153 67.89816 -7.060894
p 155 152 69.04175 -5.88908
p 156 151 70.06551 -5.7089195
p 155 150 70.985275 -6.4580994
p 154 149 72.49811 -4.103775
p 155 148 73.494095 -4.1656494
p 156 147 74.74842 -6.7451363
p 155 146 76.13184 5.3180466
p 156 145 77.719765 -5.7642555
p 157 144 78.71562 -5.5211487
p 158 143 79.57999 -8.509083
p 157 142 81.21516 4.485485
p 158 141 90.82421 -3.7066154
p 159 140 92.65663 -5.1280594
p 160 139 94.02002 -4.3480453

c 63 3.6531048
p 163 209 20.075016 -0.12138653
p 163 210 19.887547 -0.34341908
p 164 211 19.558805 0.20192814
p 163 212 18.956045 -0.118460655
p 164 213 18.745123 -0.070054054
p 165 214 18.583414 -0.23910141
p 165 215 18.426317 -0.2364521
p 166 216 18.211435 0.0014734268
p 166 217 18.084126 0.037794113
p 167 218 17.869543 -0.22265339
p 166 219 17.64253 -0.36580658
p 165 220 17.517979 -0.016218185
p 165 221 17.411331 -0.16660976
p 164 222 17.377844 0.11634159
p 164 223 17.113773 -0.15339565
p 165 224 16.971169 0.020794868
p 166 225 16.723623 -0.24164581
p 166 226 16.723623 0.017323494
p 166 227 16.654097 -0.17915916
p 167 228 16.631485 0.0049762726
p 166 229 16.631485 0.14535427
p 166 230 16.476067 0.06454086
p 165 231 16.421911 0.0027265549
p 165 232 16.421911 -0.13048649

c 64 17.660719
p 164 37 17.879992 -0.17072582
p 165 38 17.952406 -0.05055332
p 164 39 18.083817 0.0067100525
p 165 40 18.340973 -0.13801956
p 166 41 18.408566 -0.2780676
p 165 42 19.1044 -0.15899754
p 165 43 19.243486 -0.28334522
p 165 44 19.635195 -0.4045658
p 165 45 19.704899 -0.3123684
p 166 46 19.996403 0.08053589
p 165 47 20.66381 0.706007
p 166 48 21.19607 0.1804018
p 167 49 21.739836 0.015565872
p 168 50 22.18024 -0.25848293
p 169 51 22.539911 -0.1720314
p 170 52 23.124493 0.02372551
p 169 53 23.707054 0.05029583
p 170 54 24.26405 -0.39517403
p 171 55 24.858887 -0.40053558
p 172 56 25.666647 0.059755325
p 171 57 26.15055 0.12455177
p 171 58 26.68227 -0.4715376
p 170 59 27.762077 -0.2771349
p 169 60 28.918015 0.27678394
p 168 61 29.44705 -0.5542717
p 167 62 29.789797 -0.24358463
p 167 63 30.474026 3.9442406
p 168 64 31.560137 2.868044
p 168 65 32.992477 1.8490028
p 169 66 33.455746 -4.2475643
p 168 67 34.175114 -5.499283
p 169 68 35.54071 -6.734022

c 65 32.48701
p 170 180 49.41649 -2.414301
p 171 181 46.802658 2.288147
p 172 182 45.364635 4.97134
p 173 183 43.28432 9.546181
p 174 184 40.46549 4.249758
p 175 185 38.71028 -1.9269867
p 174 186 36.04295 7.5523777
p 175 187 34.961464 -5.2431107
p 174 188 33.784424 -1.6653996
p 173 189 32.62272 0.37919617
p 172 190 31.836752 -0.62579346
p 173 191 30.910347 5.400033
p 174 192 30.035357 7.52493
p 175 193 29.273335 4.5431767
p 176 194 28.526745 -0.044448853
p 176 195 27.656864 -0.1529684
p 176 196 27.470316 0.12292957
p 175 197 26.740555 -0.3031845
p 174 198 26.126558 0.097929955
p 173 199 25.520998 -0.20624352
p 174 200 25.04671 0.18339539
p 173 201 24.442673 0.041168213
p 173 202 23.896917 0.048514366
p 173 203 23.539747 -0.39199924
p 173 204 22.794693 -0.25836086
p 172 205 22.210272 0.28417492
p 173 206 21.608038 -0.4629383
p 174 207 21.332167 -0.16366577
p 174 208 20.908546 0.09174442
p 175 209 20.148222 0.05610466
p 174 210 19.514948 0.23795319
p 174 211 19.283075 0.20115566
p 173 212 18.983852 0.0493021
p 174 213 18.770178 -0.43441677
p 174 214 18.477432 -0.30690575
p 175 215 18.37955 -0.16657734
p 175 216 18.176136 -0.4502535
p 176 217 18.157143 0.1232214
p 175 218 17.814323 -0.5802841
p 174 219 17.64938 0.06328106
p 175 220 17.421452 -0.0015907288
p 175 221 17.381527 -0.069556236
p 174 222 17.381527 -0.17266369
p 173 223 17.031551 -0.04056549
p 173 224 16.929478 -0.043169975
p 172 224 16.929478 -0.057038307

c 66 62.18389
p 174 148 79.26008 -7.929699
p 175 149 77.16268 -8.124916
p 176 150 75.176926 -7.5813217
p 177 151 73.4998 -0.9178543
p 178 152 72.43866 -5.783802
p 179 153 71.35548 -3.1608963
p 178 154 70.19765 6.1049576
p 179 155 69.04512 -0.43445587
p 180 156 67.93897 -4.0282593
p 179 157 66.84564 6.1516914
p 180 158 65.786514 0.14505005
p 181 159 64.66878 -5.8709946
p 180 160 63.420403 8.895134
p 181 161 62.350204 0.9185486
p 182 162 61.396637 -2.53936
p 183 163 60.215675 -6.1784477
p 184 164 59.117558 4.753107
p 185 165 58.027596 7.5122223
p 186 166 57.113857 1.9721222
p 187 167 56.10691 0.3604393
p 186 168 54.918427 -1.1000919
p 187 169 53.918285 2.5058403
p 186 170 52.92804 -1.7613182
p 185 171 51.928757 -3.5121174
p 186 172 50.927063 3.2251434
p 187 173 49.936035 -1.9211731
p 186 174 48.949814 8.396429
p 187 175 47.983837 -0.45501518
p 186 176 47.027836 5.2038803
p 185 177 46.079803 5.0442677
p 184 178 45.142857 6.503277
p 185 179 44.21894 7.1651382
p 186 180 43.293186 2.40843
p 187 181 42.339893 -1.5757713
p 186 182 41.35909 6.0825787
p 185 183 40.422886 5.995632
p 186 184 39.663235 3.9073086
p 185 185 38.264553 10.554762
p 186 186 37.31996 6.0830345
p 185 187 36.40337 2.8255558
p 186 188 35.478672 2.161148
p 185 189 34.49079 -1.6465664
p 186 190 33.446056 6.813841
p 185 191 32.49647 6.5746803
p 184 192 31.576555 7.4219303
p 183 193 30.68696 0.9763689
p 182 194 29.796871 0.06064987
p 181 195 28.938972 -0.08518982
p 180 196 28.090525 0.15123749
p 179 197 27.319593 -0.0272789
p 180 198 26.695332 -0.17296696
p 180 199 25.77531 -0.1627922
p 180 200 25.145481 -0.10038662
p 179 201 24.52238 -0.37910748
p 178 202 23.880049 0.10918522
p 179 203 23.22377 -0.3847847
p 180 204 22.575087 0.110835075
p 181 205 22.139645 -0.070780754
p 182 206 21.496565 -0.31681347
p 183 207 20.93737 -0.28146362
p 182 208 20.541546 -0.1068058
p 182 209 20.11576 -0.08615494
p 181 210 19.92475 -0.0014543533
p 180 211 19.502155 -0.058893204
p 181 212 19.083643 -0.19322586
p 182 213 18.821905 0.14595509
p 183 214 18.54524 0.019486427
p 184 215 18.287949 -0.033249855
p 183 216 17.992966 -0.07959366
p 183 217 17.86784 -0.18386364
p 183 218 17.571993 -0.04230976
p 183 219 17.396265 0.13988876
p 183 220 17.205421 -0.12657642
p 183 221 17.117184 -0.029464722
p 184 222 17.076189 -0.1630373
p 185 223 17.076189 -0.028520584

c 67 19.010506
p 178 150 74.84242 -8.851398
p 179 149 76.01114 -8.809574
p 180 148 77.279076 -4.4577866
p 181 147 79.05458 -3.6973267
p 182 146 80.96568 -4.5408134
p 183 145 82.44465 -7.9817505
p 184 144 83.99754 -9.867466
p 185 143 85.5492 -5.7686386
p 184 142 86.8549 -6.461998
p 183 141 90.051056 -12.325642
p 182 140 93.85293 1.6410751

c 68 2.7817326
p 179 44 19.429237 -0.10891914
p 180 43 18.919127 -0.17309952
p 181 42 18.70938 -0.3392725
p 182 41 18.70938 0.031897545
p 182 40 18.303791 -0.121165276
p 182 39 17.998909 -0.10033226
p 183 38 17.904137 0.02974224
p 183 37 17.83161 0.037659645
p 184 36 17.612333 -0.19911194
p 185 35 17.53997 0.079073906
p 184 34 17.347284 0.06414795
p 185 33 17.22585 -0.012934685
p 184 32 17.17393 -0.02686596
p 183 31 17.144276 -0.1278534
p 184 30 17.09527 -0.108008385
p 185 29 17.079317 -0.0802021
p 186 28 16.961018 0.007870674
p 187 27 16.961018 -0.060598373
p 188 26 16.827614 -0.1161499
p 188 25 16.683231 0.033963203
p 187 24 16.647505 0.056415558
p 186 25 16.647505 -0.18132114

c 69 80.27974
p 183 113 96.952156 -0.31877518
p 184 112 94.926216 -0.63521194
p 185 111 93.18198 -1.1166153
p 186 110 91.118515 -1.3126831
p 187 109 89.22157 0.6083565
p 188 108 87.368256 -3.396328
p 187 107 86.058525 1.4128418
p 188 106 85.05884 -0.30836487
p 187 105 83.47259 1.2651176
p 188 104 82.40103 3.169426
p 189 103 81.34895 4.2716293
p 190 102 80.30608 0.8726196
p 189 101 79.29739 2.1433678
p 190 100 76.84205 5.0312576
p 190 99 73.098785 -3.5234528
p 191 98 71.819916 -2.7943954
p 190 97 70.13896 0.58615875
p 189 96 69.22645 -2.307293
p 188 95 68.178345 -1.7596283
p 187 94 67.11936 1.8591881
p 186 93 66.32855 -3.460102
p 187 92 65.463 3.660797
p 186 91 64.586716 2.4552498
p 187 90 63.944035 5.882416
p 186 89 63.263783 9.437122
p 187 88 62.33548 8.807537
p 188 87 61.421165 9.515591
p 189 86 60.855667 1.3409443
p 190 86 60.41218 1.5863647
p 191 85 60.41218 8.217318
p 190 84 59.793106 2.68993
p 190 83 58.76187 8.826992
p 189 82 57.275974 8.528542
p 188 81 56.209595 6.7892227
p 187 80 54.96512 4.2642345
p 186 79 54.064682 -2.7544765
p 187 78 52.23438 11.273163
p 186 77 48.538593 7.7613335
p 185 76 47.05104 0.80049133
p 184 75 45.86962 -2.7517529
p 185 74 44.60795 -2.175047
p 186 73 43.521526 8.503193
p 187 72 42.292816 -1.33535
p 186 71 39.693966 5.872097
p 185 70 38.635303 6.4631367
p 184 69 37.4252 0.6349468
p 185 68 36.025387 4.482235
p 186 67 34.894985 -3.7913818
p 185 66 33.15964 4.6116524
p 186 65 32.103954 3.5658207
p 187 64 31.09008 3.310443
p 188 63 30.239666 3.1657639
p 189 62 29.408737 3.342679
p 190 61 28.620653 0.5995531
p 191 60 27.839567 0.3594103
p 192 59 27.130976 -0.09536743
p 193 58 26.407059 0.30101871
p 194 57 25.708826 0.1092844
p 193 56 24.817026 -0.8284483
p 194 55 24.435019 -0.43666077
p 195 54 23.76819 -0.28381157
p 196 53 23.05068 -0.15274906
p 197 52 22.338333 0.15768337
p 196 51 21.758574 -0.1269207
p 197 50 21.403343 -0.074261665
p 198 49 20.8928 -0.0636158
p 198 48 20.45556 -0.19777489
p 197 47 20.056225 0.035707474
p 196 46 19.580929 -0.4364109
p 195 45 19.337383 0.15516567
p 196 44 18.944786 -0.067243576
p 195 43 18.695122 -0.08444977
p 195 42 18.635324 -0.20030689
p 196 41 18.464962 0.27473164
p 195 40 18.008722 -0.32105064
p 195 39 17.881084 -0.018310547
p 196 38 17.720901 -0.30384254
p 197 37 17.502996 -0.11693859
p 196 36 17.484726 -0.24393177
p 197 35 17.483732 0.0793972
p 196 34 17.371952 -0.29226875
p 195 34 17.318392 -0.122857094
p 194 33 17.003792 -0.43903542
p 195 32 17.003792 -0.14609814
p 195 31 16.87356 -0.04707718
p 195 30 16.804382 0.10649967
p 196 29 16.715017 -0.15840244
p 196 28 16.672417 -0.095581055
p 197 28 16.672417 -0.33249187

c 70 3.7167187
p 188 208 20.254408 -0.21281719
p 189 209 20.001524 0.18389034
p 188 210 19.65784 0.09644985
p 189 211 19.36198 -0.21308804
p 189 212 18.938307 0.043073654
p 190 213 18.555523 0.050679207
p 191 214 18.522848 0.17052364
p 190 215 18.324617 -0.16628361
p 190 216 18.135115 -0.514102
p 191 217 18.09977 0.093174934
p 191 218 17.724308 0.06791592
p 192 219 17.47986 -0.20596409
p 193 220 17.374413 0.0018835068
p 192 221 17.17625 -0.020914078
p 193 222 17.122932 -0.37948418
p 193 223 16.947477 0.29136562
p 193 224 16.814894 -0.18088245
p 194 225 16.749117 -0.055378914
p 194 226 16.71562 -0.3577404
p 195 227 16.699715 -0.20366383
p 196 228 16.699715 -0.2834587
p 197 229 16.685734 -0.3255062
p 198 230 16.53769 -0.22432804
p 197 230 16.53769 -0.08065319

c 71 35.20006
p 191 84 59.838467 2.9180756
p 192 85 60.31839 4.1384945
p 192 86 60.910698 9.646118
p 193 87 62.03808 2.537857
p 193 88 62.640327 1.8880043
p 194 89 62.739025 3.2557907
p 195 89 63.187542 9.761929
p 196 90 63.71682 8.17804
p 197 91 64.289894 6.7939796
p 198 92 64.92713 6.5766373
p 197 93 65.6126 2.3294144
p 198 94 66.30534 -0.8259239
p 197 95 66.92446 1.0602722
p 196 96 67.72114 -2.4521904
p 197 97 68.503975 5.4700356
p 197 98 69.46599 4.494549
p 198 99 74.028435 4.6380615
p 199 100 75.16255 3.4732552
p 200 101 76.18321 0.24769592
p 201 102 76.935425 1.7195816
p 202 103 77.66721 1.7599144
p 203 104 78.92978 -0.62145233
p 204 105 82.17049 -3.3773613
p 205 106 84.63968 -2.5980263
p 206 107 88.24103 2.2407646
p 207 108 89.75303 1.9962578
p 208 109 91.447464 -1.7390594
p 207 110 92.414444 0.70085526
p 208 111 93.69727 -2.4472923
p 209 112 95.03853 -2.6264992

c 72 27.258877
p 195 182 43.816128 3.1014977
p 196 183 42.159454 3.118782
p 195 184 39.424866 -4.420206
p 196 185 37.090534 -2.1477127
p 197 186 35.97771 3.661501
p 198 187 34.679283 -1.8898602
p 199 188 33.780525 3.448494
p 199 189 32.930122 8.557838
p 199 190 32.117146 10.804396
p 200 191 30.941753 0.7587795
p 200 192 30.06911 5.3000927
p 201 193 29.596264 0.16816425
p 200 194 29.090265 0.3350706
p 200 195 28.476908 -0.11600113
p 199 196 27.654083 0.08386707
p 200 197 26.910042 0.01256752
p 201 198 26.1817 0.06177616
p 202 199 25.567938 -0.052028656
p 202 200 24.839201 -0.38801003
p 201 201 24.282047 -0.22917938
p 202 202 23.64662 -0.022158623
p 201 203 22.988434 -0.20468903
p 200 204 22.12853 -0.3501091
p 199 205 21.876688 0.22379398
p 200 206 21.356106 -0.26442242
p 199 207 20.928267 0.102663994
p 199 208 20.530472 -0.37857914
p 199 209 19.88375 -0.049276352
p 200 210 19.203009 -0.26627445
p 200 211 19.122982 -0.16662693
p 200 212 18.798717 -0.35843563
p 199 213 18.619677 -0.15873909
p 200 214 18.534845 -0.1506052
p 199 215 18.03541 -0.37147808
p 200 216 17.877907 -0.4316635
p 201 217 17.731915 -0.02726841
p 201 218 17.731915 0.2259798
p 200 219 17.466942 -0.3211174
p 200 220 17.345366 -0.16408443
p 200 221 17.063643 -0.18101692
p 200 222 17.063643 0.10019779
p 201 223 16.819954 -0.22887993
p 201 224 16.624502 -0.3931074
p 202 225 16.557251 -0.021382332
p 203 226 16.557251 -0.5985584

c 73 11.408508
p 197 62 27.842894 -0.0022773743
p 198 61 27.200308 -0.10583782
p 199 60 26.593798 0.0022382736
p 200 59 25.672691 -0.10812855
p 201 58 25.167738 -0.17120647
p 201 57 24.688667 -0.39578152
p 201 56 23.987324 -0.20486927
p 201 55 23.432522 -0.09873676
p 202 54 23.334595 0.37674332
p 201 53 22.622137 -0.24282646
p 201 52 22.032175 -0.574213
p 200 51 21.625145 -0.16065979
p 201 50 21.188337 -0.13935089
p 202 49 20.786623 -0.040049553
p 203 48 20.210138 -0.4531355
p 202 47 20.022287 -0.05280018
p 201 46 19.815647 -0.33658028
p 202 45 19.478695 0.085240364
p 201 44 19.001616 -0.25853825
p 201 43 18.696646 -0.33387184
p 200 42 18.453768 -0.16003513
p 201 41 18.258472 0.22384167
p 200 40 17.975178 -0.19240665
p 200 39 17.901777 -0.16519451
p 200 38 17.688175 0.013648987
p 201 37 17.525223 -0.5761013
p 201 36 17.427078 -0.0072364807
p 201 35 17.293526 -0.025752068
p 201 34 17.08869 -0.1750927
p 202 33 17.083637 -0.1493473
p 203 32 17.074501 -0.050076485
p 203 31 17.074501 0.13850403
p 204 30 16.836582 -0.22198486
p 205 29 16.836582 -0.26365852
p 206 29 16.727726 -0.2073927
p 207 29 16.724823 -0.0321064
p 208 28 16.671072 0.038949966
p 207 27 16.579771 0.09578991
p 206 26 16.49745 0.028180122
p 205 25 16.434385 -0.040834427
p 206 24 16.434385 -0.010269165

c 74 12.181646
p 197 62 27.842894 4.455703
p 198 63 28.53651 2.9528475
p 199 64 29.260286 1.4570436
p 200 65 29.978489 -0.5788746
p 201 66 30.791508 -2.212905
p 200 67 31.943306 -4.5997143
p 199 68 33.08661 -7.2994423
p 198 69 34.73053 5.5642776
p 199 70 36.540085 -3.2622852
p 200 71 38.531364 -3.8533916
p 201 72 40.02454 -4.4309616

c 75 77.22115
p 197 145 93.4466 -0.87145233
p 198 146 92.18109 1.4482346
p 199 147 90.65086 2.5127296
p 199 148 89.77867 4.53973
p 200 149 86.154945 1.8957901
p 200 150 81.379425 -4.1620827
p 201 151 74.00612 -9.858826
p 200 152 73.00189 3.1969223
p 201 153 72.70011 -6.339676
p 202 154 72.70011 3.7025375
p 203 154 72.97088 4.309101
p 204 155 72.46114 4.884609
p 204 156 72.07481 2.2656212
p 205 157 66.08266 -3.705349
p 206 158 65.20917 -1.9842911
p 207 159 64.08498 0.38397598
p 208 160 63.42044 5.5688934
p 209 161 61.48666 -0.9335861
p 208 162 60.55256 3.5672913
p 209 163 59.561813 1.5962982
p 208 164 58.63841 1.1819115
p 207 165 57.811775 -1.3133545
p 206 166 57.039444 -3.225708
p 205 167 56.11152 -0.26969528
p 204 168 55.007603 0.004638672
p 205 169 52.588215 1.8650017
p 206 170 51.60665 2.8461952
p 207 171 50.650333 3.171255
p 206 172 49.694874 5.1318703
p 207 173 48.477043 9.4223175
p 206 174 47.50925 2.641529
p 207 175 46.561253 6.0014973
p 206 176 45.564083 2.7557564
p 207 177 44.700768 5.285755
p 206 178 43.811497 6.6682644
p 207 179 42.907036 7.4485054
p 206 180 42.042545 5.008642
p 207 181 41.154556 7.6614246
p 206 182 40.22039 6.1939335
p 207 183 39.145733 7.1099434
p 206 184 37.977062 1.2775154
p 207 185 36.92996 5.80249
p 208 186 35.983982 2.498703
p 209 187 35.049274 -8.26726
p 208 188 34.11704 -5.5726852
p 207 189 33.245796 -2.5055923
p 206 190 32.426083 -0.04965782
p 207 191 31.625875 1.6877499
p 208 192 30.839888 4.765047
p 209 193 30.05666 4.0124273
p 210 194 29.268137 -0.088599205
p 211 195 28.483393 -0.16186619
p 210 196 27.7117 -0.27159595
p 211 197 26.979107 -0.54146385
p 212 198 26.22612 -0.1123085
p 211 199 25.446432 -0.41743374
p 210 200 24.877111 -0.29288197
p 210 201 23.958952 -0.6307726
p 211 202 23.464546 0.04968071
p 212 203 22.985252 0.015845299
p 211 204 22.151175 -0.30525303
p 212 205 21.530628 -0.11680889
p 211 206 21.387428 -0.15250969
p 210 207 20.949947 0.23597717
p 209 208 20.446825 -0.17811203
p 209 209 20.039263 -0.12557507
p 210 210 19.567064 -0.3049059
p 210 211 19.307516 0.037579536
p 211 212 19.013426 -0.10617638
p 211 213 18.612696 0.010314941
p 211 214 18.434984 -0.0072803497
p 212 215 18.296545 0.085591316
p 212 216 18.053125 -0.3013239
p 211 217 17.905613 0.0756731
p 211 218 17.625935 -0.04040718
p 210 219 17.498745 0.07362938
p 211 220 17.34768 -0.3239069
p 210 221 17.21384 -0.06305599
p 209 222 17.21384 -0.24422073
p 209 223 16.839645 -0.41174507
p 208 224 16.839645 0.07859516
p 209 225 16.689796 -0.28422737
p 209 226 16.685375 -0.26205826
p 210 227 16.685375 0.08455086
p 209 228 16.52143 -0.054210663
p 210 229 16.46714 0.013331413
p 211 230 16.225449 -0.17951107
p 212 231 16.225449 -0.036192894

c 76 8.61466
p 208 58 25.370564 0.017303467
p 209 57 24.725977 0.17914009
p 210 56 24.09202 0.093925476
p 211 55 23.456453 -0.09847641
p 212 54 23.097755 -0.046013832
p 213 53 22.547897 -0.304554
p 213 52 21.840578 -0.059610367
p 213 51 21.535187 0.27851772
p 212 50 21.052994 -0.24944973
p 212 49 20.60021 -0.034505844
p 213 48 20.138884 0.15456772
p 213 47 19.78626 0.13741398
p 214 46 19.51991 0.1347084
p 215 45 18.989508 -0.28961945
p 214 44 18.907404 0.061958313
p 213 43 18.73323 0.09558678
p 213 42 18.14335 0.0014867783
p 213 41 17.884752 -0.17456341
p 214 40 17.877817 -0.30998802
p 214 39 17.877817 0.023911476
p 215 38 17.77665 -0.017721176
p 214 37 17.619896 0.043195724
p 214 36 17.337337 0.018111229
p 214 35 17.28442 0.2506895
p 215 34 17.079897 -0.03248787
p 215 33 16.863052 -0.1957798
p 214 32 16.846968 -0.121456146
p 214 31 16.755903 -0.04136944
p 213 31 16.755903 -0.018418312

c 77 43.757023
p 208 58 25.370564 -0.2524929
p 209 59 26.007801 -0.2486639
p 209 60 26.052834 -0.5139532
p 210 61 26.903582 -0.6163235
p 211 62 27.654608 6.626667
p 212 63 28.456884 2.3996277
p 213 64 28.998598 -2.4771929
p 214 64 29.819378 2.5704432
p 215 65 30.638052 4.0354767
p 214 66 31.502169 -0.7146282
p 213 67 32.407104 -4.1937237
p 212 68 33.581 -3.073124
p 211 69 34.281025 -0.7028198
p 210 70 35.166878 3.735567
p 209 71 36.359005 -0.5805874
p 210 72 37.433315 7.3021126
p 209 73 38.78009 1.6552582
p 210 74 39.536324 4.05501
p 211 75 40.533043 -2.7565575
p 210 76 41.578705 9.014488
p 211 77 42.581448 0.57131004
p 210 78 45.422466 6.049158
p 211 79 46.68159 2.679264
p 212 80 47.76463 -0.02829361
p 213 81 49.178616 -2.2503395
p 214 82 50.048035 -2.9617043
p 215 83 51.112785 -3.2194672
p 216 84 51.73292 -6.5670433
p 217 85 57.983967 -2.764698
p 218 86 58.71157 -7.781395
p 219 87 60.290173 -10.71394
p 220 88 62.958153 -5.9020004
p 219 89 64.82899 -0.63697433
p 220 90 67.08092 -11.0708885
p 221 91 69.12759 -6.673107

c 78 85.58052
p 217 38 17.452698 -0.29561043
p 217 39 17.74724 0.06635666
p 218 40 17.788187 -0.5578041
p 219 40 17.853289 -0.279912
p 220 41 18.011059 0.20815086
p 219 42 18.264914 -0.27351093
p 218 43 18.498997 -0.18705082
p 219 44 18.604475 -0.35692596
p 220 45 19.205677 0.29784584
p 219 46 19.373383 0.10188198
p 219 47 19.860292 -0.11965084
p 218 48 20.25458 -0.12250519
p 219 49 20.768456 -0.7362194
p 220 50 21.260754 -0.44535637
p 221 51 21.680939 -0.14070702
p 221 52 22.423098 0.27742386
p 222 53 23.041166 -0.39309406
p 223 54 23.527931 -0.6331129
p 224 55 24.01176 -0.18085957
p 224 56 25.172146 0.0907917
p 225 57 25.900274 0.18117523
p 226 58 26.66781 0.27522182
p 227 59 27.494999 0.5852747
p 228 60 28.34975 0.34391117
p 229 61 29.231262 0.4787979
p 230 62 30.122553 5.8437395
p 231 63 31.012342 8.630443
p 232 64 31.932043 7.20516
p 233 65 32.866055 6.737217
p 232 66 33.791607 2.2369232
p 233 67 34.749207 -1.255394
p 232 68 35.76753 5.5347996
p 231 69 36.793182 -0.9545326
p 232 70 37.776283 6.602091
p 231 71 38.743416 0.33821487
p 232 72 39.682766 3.5367336
p 233 73 40.58501 5.1799164
p 234 74 41.906498 9.076593
p 235 75 42.471684 -1.2054615
p 234 76 43.453197 1.363018
p 233 77 44.4283 5.1929703
p 232 78 45.443096 -1.998682
p 233 79 46.469917 6.428623
p 232 80 47.518528 4.1209507
p 233 81 48.515335 5.794203
p 232 82 49.509563 4.517395
p 233 83 50.550064 4.873787
p 234 84 51.583252 6.6516304
p 235 85 52.563114 -1.8042793
p 234 86 53.463615 10.411259
p 235 87 54.935238 7.207699
p 236 88 56.01675 3.48909
p 237 89 56.999157 -3.5681477
p 236 90 58.0656 5.879551
p 237 91 60.885796 1.472805
p 236 92 62.366566 -2.6723518
p 235 93 63.3284 -6.5785255
p 234 94 64.074684 -6.6139297
p 233 95 64.82735 -5.1933517
p 234 96 65.78111 1.7985535
p 233 97 66.86662 -3.747551
p 232 98 68.0145 -2.6420898
p 231 99 69.074646 -2.4347496
p 232 100 70.36439 -2.4719963
p 231 101 71.33395 -6.0462646
p 230 102 72.3376 -9.164486
p 229 103 73.42814 -7.9373283
p 228 104 74.53748 -4.6934433
p 227 105 75.71554 -16.579906
p 226 106 76.900696 -7.499695
p 225 107 78.08356 -9.8391
p 224 108 78.94605 -4.3271255
p 225 109 80.687805 0.2789421
p 224 110 84.30157 5.2538147
p 225 111 86.32873 -11.94886
p 226 112 88.05751 -14.040752
p 227 113 89.89305 -0.8554802
p 226 114 93.19331 -12.39957
p 225 115 101.2946 -4.8650093
p 224 116 103.03322 -2.8835602

c 79 66.422035
p 217 146 82.72736 -8.172806
p 218 147 80.5361 -10.877861
p 219 148 79.239 -8.86063
p 220 149 77.98658 -3.6821136
p 219 150 76.61581 -8.233067
p 218 151 75.82225 0.029808044
p 219 152 74.14275 -3.0592804
p 220 153 72.47652 -3.240612
p 219 154 71.496956 3.4661598
p 220 155 69.84885 1.1630898
p 219 156 68.68205 4.1219482
p 220 157 67.49363 3.388031
p 219 158 66.31072 2.4816246
p 218 159 65.16113 -5.24152
p 219 160 63.68384 4.5059357
p 218 161 62.543407 -4.0355873
p 217 162 61.463062 -3.9844646
p 218 163 60.62436 2.1687279
p 217 164 59.87506 5.7600746
p 218 165 58.93747 3.2144222
p 217 166 57.92815 4.2455597
p 218 167 56.58811 1.6286354
p 219 168 55.786133 4.596306
p 220 169 53.853493 -3.0956593
p 219 170 52.366837 5.410404
p 220 171 51.244347 2.8240967
p 221 172 50.287815 1.0721474
p 220 173 49.1729 -1.6373501
p 221 174 48.44988 3.6477013
p 222 175 47.229416 -6.6750584
p 221 176 46.574776 0.9174576
p 222 177 45.462654 -0.29284477
p 223 178 44.309566 5.072508
p 222 179 43.261932 6.996193
p 221 180 42.348354 9.316559
p 220 181 41.55387 6.701927
p 219 182 40.803474 0.027048111
p 220 183 39.934963 1.4567604
p 219 184 39.32598 -0.8192787
p 220 185 38.059277 5.8393936
p 221 186 37.15563 9.068071
p 222 187 36.174282 0.66212463
p 221 188 35.193638 3.4436722
p 220 189 34.320026 -2.2011375
p 221 190 33.48322 8.591743
p 220 191 31.882818 8.299667
p 219 192 30.977657 6.1140556
p 218 193 30.137466 3.9085293
p 217 194 29.088917 -0.07186985
p 218 195 28.598965 0.034279823
p 218 196 27.815788 0.19474602
p 219 197 26.870184 -0.22591877
p 219 198 26.36783 0.040958405
p 220 199 25.607813 -0.009513855
p 220 200 24.942574 -0.33479023
p 219 201 24.290186 0.030156136
p 219 202 23.48425 -0.28885555
p 220 203 23.081894 0.4270258
p 221 204 22.32376 -0.36642933
p 220 205 21.95268 -0.46856403
p 220 206 21.33052 -0.36942196
p 219 207 20.67613 -0.06045246
p 220 208 20.100199 -0.091355324
p 220 209 19.99244 -0.20990753
p 219 210 19.414219 -0.08721447
p 220 211 19.20001 -0.2521162
p 220 212 18.890944 -0.14993763
p 219 213 18.502707 -0.06745243
p 219 214 18.49261 0.03420639
p 220 215 18.144802 -0.30513
p 219 216 17.960299 0.093616486
p 220 217 17.792538 -0.34519005
p 221 218 17.756065 -0.25461674
p 221 219 17.563076 -0.2619686
p 220 220 17.21196 -0.20896721
p 219 221 17.190529 -0.22652721
p 220 222 17.120354 0.10680103
p 219 223 17.029425 -0.41629314
p 219 224 16.859787 -0.0071439743
p 219 225 16.673147 -0.18609715
p 219 226 16.673147 -0.2588606
p 220 227 16.532858 -0.13603401
p 219 228 16.467045 -0.22447968
p 220 229 16.406218 0.00411129
p 221 229 16.30533 -0.16518211
p 221 230 16.30533 -0.045350075

c 80 26.794062
p 219 53 22.816069 0.2417965
p 220 54 23.239399 0.12120247
p 221 55 23.72979 -0.17094135
p 222 56 24.80721 0.066765785
p 222 57 25.209494 -0.07077789
p 222 58 25.727484 -0.24625015
p 223 59 26.292774 -0.010380745
p 222 60 26.796202 -0.28989983
p 221 61 27.115944 -0.6089058
p 222 62 27.615946 -0.2862978
p 222 63 28.648218 -0.43824863
p 222 64 29.61685 0.65119267
p 222 65 30.337263 0.90413666
p 223 66 31.232706 0.042713165
p 224 67 32.22597 -4.7906933
p 225 68 33.78758 -5.6827965
p 226 69 34.795017 -4.476509
p 227 70 35.924076 -7.8857403
p 226 71 42.885517 0.151474
p 225 72 44.876953 0.36402512
p 224 73 49.61013 -0.07106018

c 81 72.38289
p 228 151 89.33304 -0.14975357
p 229 152 87.43787 0.5963669
p 230 153 86.300934 0.9015808
p 229 154 80.24934 -4.8836403
p 230 155 78.86664 -3.1375694
p 231 156 77.79135 0.06826019
p 232 157 76.548706 0.3096161
p 231 158 74.354225 3.880577
p 232 159 73.09583 3.3056183
p 233 160 69.88877 2.9181557
p 234 161 67.31652 -0.9123993
p 233 162 64.257744 0.5454712
p 234 163 62.801544 -0.039089203
p 233 164 61.043686 2.84404
p 234 165 59.688587 -1.1347694
p 235 166 58.37913 -2.7469978
p 236 167 57.044315 -3.9907665
p 235 168 55.846577 4.9690742
p 236 169 54.84289 -8.007351
p 237 170 53.820053 -3.5351543
p 238 171 52.814587 1.2023926
p 239 172 51.848373 6.2818604
p 240 173 50.88845 2.3615818
p 239 174 49.918236 5.3284683
p 240 175 48.94736 2.4543877
p 239 176 47.944805 3.7680607
p 238 177 46.89542 4.1395283
p 239 178 45.814808 4.1650314
p 240 179 44.75253 -1.4053402
p 239 180 43.762012 6.9517307
p 238 181 42.86869 3.6662846
p 237 182 41.947968 -0.35701942
p 236 183 40.882156 0.17741394
p 237 184 39.786793 5.9177
p 238 185 39.13172 -0.5985565
p 237 186 37.719078 1.7887325
p 238 187 36.745655 2.137268
p 239 188 35.80531 7.234455
p 240 189 34.865154 -0.016494751
p 239 190 33.89281 2.5238552
p 238 191 32.923264 4.0883675
p 237 192 32.032993 4.298502
p 236 193 31.19214 4.5414324
p 235 194 30.307018 0.027046204
p 234 195 29.447893 0.31253242
p 233 196 28.54101 0.46108913
p 232 197 27.660616 -0.3642006
p 231 198 26.973541 0.34366894
p 230 199 26.146723 -0.19949722
p 229 200 25.379276 -0.08112621
p 230 201 24.763 0.055041313
p 231 202 24.050264 -0.10072327
p 231 203 23.326754 -0.039355278
p 231 204 22.710474 -0.1095314
p 232 205 22.159903 -0.4030676
p 232 206 21.487516 -0.27789497
p 231 207 21.18217 -0.10875797
p 231 208 20.480865 -0.060788155
p 231 209 19.930172 -0.3451767
p 231 210 19.562483 -0.42954254
p 232 211 19.399143 -0.012236595
p 232 212 19.037617 -0.16575813
p 233 213 18.679327 -0.011013031
p 232 214 18.31512 0.09639168
p 232 215 18.16324 -0.23818874
p 231 216 18.023512 -0.011016846
p 230 217 17.734158 -0.07887554
p 230 218 17.647903 0.11179733
p 231 219 17.442934 0.035367012
p 231 220 17.442934 0.26982212
p 230 221 17.337233 -0.052550316
p 229 222 17.13667 -0.018708229
p 230 223 16.950153 -0.3821268
p 229 223 16.950153 -0.33695316

c 82 0.6631088
p 229 28 16.717686 0.14400959
p 230 27 16.662477 -0.10067177
p 231 26 16.602905 -0.07263565
p 231 25 16.514538 -0.016551971
p 231 24 16.514538 0.068203926
p 232 23 16.306284 -0.13863182
p 232 22 16.306284 -0.32823944
p 232 21 16.189981 -0.32551575
p 232 20 16.184237 -0.17405224
p 231 19 16.162075 -0.12840366
p 230 18 16.054577 -0.21522903
p 231 18 16.054577 0.018079758

c 83 42.967148
p 238 167 57.189735 2.04776
p 239 166 58.167034 -5.7607384
p 240 165 59.451538 -3.92688
p 241 164 60.53985 -0.084882736
p 240 163 61.59611 -2.1073341
p 241 162 62.678665 -2.363552
p 240 161 63.935024 -3.9319801
p 241 160 65.04782 -7.470402
p 242 159 65.992805 -5.546192
p 243 160 66.950516 -7.8788643
p 244 159 67.92505 -11.627861
p 245 158 68.99825 -9.330986
p 246 157 70.13539 -11.05349
p 247 156 71.245575 0.035491943
p 246 155 72.434044 -8.315346
p 245 154 73.53557 -6.367466
p 246 153 74.84053 0.026546478
p 245 152 76.21659 -8.407841
p 244 151 77.6194 -6.5883064
p 245 150 78.91142 3.1338577
p 244 149 80.2553 -1.0226021
p 245 148 82.0102 3.3018303
p 244 147 83.38684 -7.191902
p 243 146 84.653854 -4.8694572
p 244 145 86.244675 0.29380035
p 243 144 87.90761 0.30361176
p 244 143 89.44006 6.637516
p 243 142 92.14983 -9.92548
p 242 141 94.47543 -10.788624
p 241 140 96.560455 -5.227947
p 242 139 100.15688 -2.6575584

c 84 3.946825
p 243 49 20.825457 -0.26403904
p 244 48 20.609291 0.0751009
p 244 47 19.926916 -0.016103745
p 245 46 19.408195 -0.30475807
p 246 45 18.910175 0.020472527
p 246 44 18.770397 -0.16054058
p 247 43 18.524757 -0.2021656
p 248 42 18.3073 0.058110237
p 247 41 17.882795 -0.41144276
p 247 40 17.706917 -0.2096672
p 247 39 17.5024 -0.2166996
p 247 38 17.24302 -0.54055405
p 246 37 17.193758 0.052236557
p 247 36 17.160202 -0.016237259
p 247 35 17.045017 -0.20784283
p 247 34 16.878632 -0.18325615
p 246 33 16.878632 -0.51736736

c 85 15.326117
p 243 67 33.735233 1.1991196
p 244 66 32.923737 -0.64938736
p 245 65 32.08618 -1.579483
p 245 64 31.242788 -0.12660408
p 244 63 30.121817 -0.2888708
p 244 62 29.57171 0.13178825
p 245 61 28.732784 0.18125534
p 244 60 27.830103 -0.33861065
p 245 59 27.112925 -0.2684965
p 246 58 26.260107 -0.20455647
p 247 57 25.67692 0.07386589
p 248 56 24.99814 -0.24752045
p 247 55 24.404642 0.21092892
p 248 54 23.746708 -0.36267185
p 249 53 23.140327 0.17568302
p 250 52 22.480654 0.31576824
p 251 51 21.708384 -0.17940807
p 250 50 21.369827 -0.014245033
p 251 49 20.91363 -0.24877167
p 250 48 20.407745 -0.23368835
p 249 47 19.905575 -0.25195122
p 248 46 19.431456 -0.02063179
p 249 45 18.98381 -0.034514427
p 249 44 18.685293 -0.25264835
p 248 43 18.409117 -0.4218874

c 86 65.87869
p 243 67 33.735233 0.71263313
p 244 68 34.611393 3.968073
p 245 69 35.5756 0.73797035
p 244 70 36.55887 10.525633
p 245 71 37.5514 4.5311584
p 244 72 38.47177 -1.5741272
p 243 73 39.503376 -6.311672
p 244 74 40.494724 -5.6160316
p 245 75 41.65598 -0.6909313
p 246 76 42.708298 -4.6982994
p 245 77 44.05578 9.914066
p 246 78 45.06767 2.1525002
p 247 79 45.892067 0.11920929
p 248 80 46.6576 2.8245106
p 247 81 47.483913 3.52174
p 248 82 48.634678 3.168995
p 247 83 49.727318 -4.1748466
p 246 84 50.97806 -4.6853256
p 245 85 52.153706 -2.4649963
p 246 86 53.39711 1.9862556
p 245 87 54.378952 4.0113335
p 246 88 56.378365 4.1951675
p 245 89 56.378365 -2.3260345
p 244 90 57.44915 -2.895729
p 245 91 58.649647 6.3433456
p 244 92 59.402805 -2.5671387
p 245 93 60.753597 -6.423874
p 246 94 61.71261 -7.8601704
p 245 95 62.649555 3.5146523
p 246 96 63.58908 -7.291359
p 247 97 64.94678 -6.5301323
p 248 98 65.980804 -5.49086
p 249 99 66.81085 -6.020546
p 250 100 68.2636 -5.668556
p 249 101 70.38459 4.9306526
p 250 102 71.97718 -8.0005
p 251 103 74.20311 -4.6722603
p 250 104 74.32187 3.44767
p 251 105 76.64617 3.5304604
p 250 106 77.48049 -7.2631187
p 249 107 78.9196 -6.252182
p 250 108 79.83126 2.6600723
p 249 109 82.19936 0.7792778
p 250 110 83.69862 -5.883339
p 251 111 87.8347 -12.401566
p 252 112 90.858086 -9.675251
p 253 113 98.28779 -1.1684914
p 254 114 99.61392 -3.3094788

c 87 11.34564
p 248 195 28.946632 -0.5406513
p 249 196 28.203726 -0.20800877
p 250 197 27.463032 -0.3147812
p 251 198 26.756065 0.29467678
p 252 199 26.07092 -0.32693863
p 253 200 25.434772 -0.1747942
p 252 201 24.92473 -0.13954353
p 253 202 24.177977 -0.2569132
p 252 203 23.513567 0.020442009
p 251 204 22.871805 -0.06311512
p 252 205 22.331335 0.13837147
p 251 206 21.382631 -0.59445
p 250 207 21.10514 -0.073693275
p 249 208 20.532042 0.10865402
p 249 209 19.84685 -0.024226189
p 248 210 19.76338 0.14993382
p 249 211 19.394512 -0.0612154
p 249 212 19.12416 -0.052443504
p 249 213 18.729465 -0.21997929
p 248 214 18.599934 -0.16696262
p 249 215 18.447962 0.18356419
p 250 216 18.002043 -0.36083984
p 249 217 17.753044 0.061537743
p 250 218 17.600992 -0.15089226
p 250 219 17.600992 -0.12919617

avg 27.957397
end