//fileLoc: inputData/gradient13.png
//fluxMulti: 3.0 channelCutOff: 10
//wk_fmin: 0.0 wk_fmax: 0.5
//total_mass_shift: 220.5
//colorstage1: 2 colorstage2: 3
# 92
avgCurve 1.2859094

c 0 2.2238846
p 0 56 49.276802 0.07214737
p 1 55 49.015724 0.035495758
p 2 54 48.79326 -0.055898666
p 3 53 48.57743 -0.09412193
p 4 52 48.370487 -0.2949047
p 5 51 48.244514 -0.030340195
p 4 50 48.113068 0.052009583
p 5 49 47.89195 -0.086969376
p 4 48 47.847443 0.10960388
p 5 47 47.792343 -0.057115555
p 5 46 47.69965 -0.09334183
p 5 45 47.663586 -0.09880638
p 6 44 47.594795 -0.027402878
p 6 43 47.592865 -0.08993721
p 6 42 47.463478 -0.11592865
p 5 41 47.44919 0.056612015
p 6 40 47.42345 0.01458931
p 7 39 47.37189 -0.109737396
p 6 38 47.37006 0.028455734
p 7 37 47.29259 -0.21877289
p 7 36 47.285328 9.6702576E-4
p 7 35 47.2561 0.055067062
p 8 34 47.14447 -0.08647537
p 8 33 47.12828 -0.073711395
p 7 32 47.12828 -0.060674667
p 8 31 47.12697 -0.15324974
p 9 31 47.096806 0.011644363
p 10 31 47.059685 -0.11232185
p 11 30 47.052917 -0.05716896
p 11 31 47.052917 -0.038061142

c 1 38.16346
p 0 56 49.276802 -0.026416779
p 0 57 49.472507 0.023014069
p 0 58 49.71449 -0.033096313
p 1 59 49.93302 -0.10630417
p 0 60 50.237705 0.1761322
p 1 61 50.627388 -0.074863434
p 1 62 50.890514 -0.23544693
p 1 63 51.427254 -1.1339798
p 1 64 51.98477 -2.7231522
p 1 65 55.367626 1.3415489
p 0 66 56.22658 4.192478
p 1 67 58.231426 -8.059505
p 0 68 60.371544 15.687172
p 1 69 61.848698 -6.650509
p 2 70 62.93459 -8.530899
p 3 71 64.178444 -9.841225
p 4 72 65.01015 -6.687248
p 3 73 65.93033 8.200924
p 4 74 66.76032 -1.2297249
p 3 75 68.34135 5.003044
p 4 76 69.94872 2.9872475
p 3 77 71.44359 1.7214165
p 4 78 72.89041 -9.280174
p 5 79 74.23404 -4.8165245
p 6 80 75.74924 -12.011166
p 7 81 77.1055 -12.762318
p 8 82 78.2873 -6.849388
p 7 83 79.68404 3.3345718
p 8 84 80.838234 1.0508041
p 7 85 82.12124 -11.158901
p 6 86 83.48987 -9.881313
p 5 87 85.413956 -13.684109
p 4 88 87.44026 -4.08543

c 2 1.2055588
p 2 212 47.6705 -0.045999527
p 3 211 47.787525 0.036050797
p 4 210 47.94171 -0.15105057
p 4 209 47.95005 -0.20132637
p 5 208 48.086792 -0.040922165
p 6 208 48.060837 -0.009016037
p 7 209 47.951004 0.0058078766
p 8 210 47.862732 -0.02841568
p 9 211 47.7913 -0.030368805
p 10 212 47.630863 -0.02632904
p 9 213 47.6274 -0.0035991669
p 8 214 47.556442 -0.03772354
p 9 215 47.461227 -0.14944267
p 8 216 47.412094 0.0031795502
p 8 217 47.346275 -0.29713058
p 8 218 47.346275 -0.05181694
p 8 219 47.3414 0.00283432
p 7 220 47.236774 -8.621216E-4
p 8 221 47.14193 -0.15475655
p 7 222 47.14193 0.041879654
p 6 223 47.08513 -0.111450195
p 5 224 47.08513 0.07042503
p 6 225 47.07537 0.045106888
p 5 226 47.063644 -0.008207321
p 5 227 47.053288 -0.036375046
p 5 228 47.053288 -0.08446503
p 4 229 47.012817 -0.06442261
p 3 229 46.988697 -0.03203392
p 2 230 46.92151 -0.16098213
p 3 231 46.912685 0.025623322
p 2 232 46.881233 -0.107414246
p 3 232 46.881233 -8.9645386E-4

c 3 18.58131
p 3 176 66.746056 -12.105141
p 4 177 65.26381 -16.152508
p 5 178 64.25629 -11.843212
p 4 179 62.92878 -12.652885
p 3 180 61.915123 -11.110847
p 4 181 61.10643 -12.775364
p 5 182 60.349895 -18.586498
p 4 183 59.322227 -15.147324
p 3 184 58.539604 -8.296049
p 4 185 57.879093 -8.755344
p 5 186 57.070217 -9.9890785
p 6 187 56.354008 -2.5620956
p 7 188 55.61506 -8.089941
p 6 189 54.92174 6.8232155
p 7 190 54.21441 4.9933395
p 6 191 53.65446 8.406544
p 7 192 53.017998 6.19829
p 8 193 52.456024 3.851263
p 9 194 51.89812 0.29932976
p 10 195 51.383137 0.13587952
p 11 196 50.93525 0.16713333
p 10 197 50.516735 0.028095245
p 9 198 50.12901 -0.0032310486
p 9 199 49.811394 0.11637688
p 8 200 49.58557 0.054130554
p 7 201 49.34078 0.0013580322
p 8 202 49.087715 -0.010696411
p 9 203 48.88042 -0.0040187836
p 9 204 48.655685 0.016742706
p 8 205 48.52807 0.043266296
p 7 206 48.298077 -0.080667496
p 6 207 48.164745 -0.0052013397

c 4 54.750786
p 4 55 49.10418 0.08302879
p 5 56 49.35599 -0.17033195
p 6 57 49.780476 -0.18236351
p 7 58 50.180233 -0.24015808
p 8 59 50.668736 -0.31318665
p 9 60 51.200012 -0.47043228
p 10 61 51.670437 -0.7268467
p 11 62 52.386105 3.5378895
p 12 63 52.989105 8.336882
p 11 64 53.723225 3.8057632
p 12 65 54.448895 1.2624073
p 11 66 55.15552 -0.9289551
p 12 67 55.883953 1.0070057
p 11 68 56.61776 -2.1342773
p 12 69 57.33937 -4.2533455
p 13 70 58.0589 -7.8626823
p 12 71 58.780838 -3.8438911
p 11 72 59.509018 -6.3730545
p 12 73 60.251366 -3.9322624
p 13 74 61.03491 0.21279907
p 12 75 61.790985 -6.275795
p 11 76 62.60313 -9.903553
p 10 77 63.383095 -11.040783
p 11 78 64.142784 -17.295513
p 12 79 64.91675 -21.053692
p 13 80 65.72159 -19.780087
p 14 81 66.55107 -17.007854
p 15 82 67.42449 -17.412025
p 16 83 68.40493 -19.753197
p 17 84 74.027245 -5.4299355
p 17 85 81.53183 -5.144478
p 16 86 84.10965 -10.152485
p 15 87 85.50244 -8.272808
p 14 88 87.25275 -3.384838
p 15 89 92.42262 0.80114746
p 15 90 92.86995 2.784542
p 15 91 94.15621 1.0926056
p 14 92 98.32621 -0.141922
p 14 93 99.04319 -1.8070946
p 13 94 100.45238 -1.0073318
p 12 95 101.49143 0.036914825
p 11 96 102.209984 -0.48126602
p 10 97 103.07506 0.045906067
p 11 98 103.854965 -0.26148224

c 5 52.62311
p 9 160 99.88793 -2.5537834
p 10 161 98.36141 -0.62633514
p 11 162 96.7363 -2.161705
p 12 163 95.50441 -2.2819023
p 13 164 94.41766 -2.13982
p 14 165 93.06792 0.03534317
p 14 166 89.0515 -7.45895
p 15 167 84.740234 -11.428776
p 16 168 80.09245 -14.301884
p 17 169 77.93427 -16.498322
p 18 170 74.80808 -19.411179
p 19 171 71.78877 -21.306477
p 20 172 70.09384 -20.994633
p 21 173 69.14442 -17.809448
p 22 174 68.07928 -18.337975
p 23 175 66.98786 -19.33662
p 24 176 66.01895 -16.884655
p 25 177 64.87353 6.4049225
p 25 178 64.180046 -13.92395
p 26 179 63.39279 -0.755085
p 25 180 62.76397 4.7251625
p 26 181 62.134552 -0.701107
p 27 182 61.475193 -6.7193336
p 26 183 60.717358 -1.1697006
p 25 184 59.826572 -4.057913
p 26 185 58.93945 -3.2043457
p 27 186 58.26409 8.193758
p 26 187 57.59668 3.9416046
p 27 188 56.936386 3.7548866
p 26 189 56.279507 -0.40857506
p 27 190 55.624596 0.84614754
p 28 191 54.96671 0.0063438416
p 27 192 54.31935 8.195068
p 28 193 53.698277 -0.22823524
p 28 194 53.021877 0.05432892
p 28 195 52.520695 0.028623581
p 29 196 51.96886 -0.051660538
p 30 197 51.44229 0.014680862
p 29 198 50.98823 -0.12524223
p 28 199 50.54677 0.008760452
p 29 200 50.094967 0.026573181
p 28 201 49.63098 -0.030244827
p 28 202 49.236282 -0.054430008
p 28 203 48.973076 0.033079147
p 29 204 48.71341 -0.088890076
p 29 205 48.45456 -0.09305382
p 30 206 48.30886 -0.17734718
p 31 207 48.196564 -0.023065567
p 31 208 48.02645 -0.01231575
p 30 209 47.881317 -0.0020370483
p 31 210 47.835175 0.09033775
p 30 211 47.759365 0.0022068024
p 30 212 47.68775 -0.021863937
p 31 213 47.649143 0.0011425018
p 32 214 47.596203 -0.027582169
p 33 215 47.523643 -0.018419266
p 32 216 47.47079 -0.017578125
p 31 217 47.36024 0.01702118
p 30 218 47.30909 -0.025133133
p 31 219 47.30909 -0.04984474
p 31 220 47.26482 0.021923065
p 32 220 47.26482 -0.055202484

c 6 2.7538223
p 10 224 47.036793 -0.0028362274
p 11 224 47.036793 -0.08539581
p 12 224 47.04081 -0.15752792
p 13 224 47.051846 -0.16261292
p 14 224 47.07672 -0.19589424
p 15 223 47.07672 -0.05104637
p 16 223 47.08253 0.023899078
p 17 222 47.08611 -0.051231384
p 16 221 47.208687 0.08023071
p 17 220 47.25943 -0.14957237
p 17 219 47.308094 -0.21828079
p 16 218 47.308094 0.025592804
p 17 217 47.3705 0.08224106
p 16 216 47.441433 0.09112549
p 15 215 47.497917 -0.08378029
p 14 214 47.591766 0.02470398
p 13 213 47.61394 -0.10907936
p 13 212 47.619984 -0.05342865
p 12 211 47.702675 -0.0048007965
p 13 210 47.856613 0.016681671
p 14 209 47.95657 -0.02268219
p 14 208 48.073086 0.02365303
p 14 207 48.19083 -0.028575897
p 14 206 48.318302 0.007118225
p 13 205 48.556046 0.034557343
p 12 204 48.66204 -0.1516304
p 11 203 48.85827 -0.0411129
p 12 202 49.24179 -0.0860672
p 13 201 49.5165 0.11357498
p 14 200 49.790615 0.027648926

c 7 0.5875435
p 13 32 47.101337 0.010852814
p 14 33 47.19202 -0.039066315
p 15 34 47.22667 -0.01900673
p 16 35 47.231804 -0.11471748
p 16 36 47.231804 -0.015808105
p 16 37 47.315395 -0.17173958
p 16 38 47.315395 0.12265968
p 16 39 47.353153 0.12644196
p 17 40 47.361607 -0.02944374
p 16 41 47.436085 -0.110723495
p 15 42 47.509037 -0.029232025
p 16 43 47.5553 0.02544403
p 15 44 47.624336 0.030050278
p 16 45 47.68888 -0.061481476

c 8 19.898087
p 15 173 80.7077 -13.83849
p 16 174 78.23035 -16.734539
p 17 175 76.113884 -18.038654
p 18 176 73.5328 -19.720047
p 19 177 70.84993 -21.148445
p 20 178 67.241486 -24.159092
p 21 179 65.02594 -24.600395
p 22 180 63.304253 -24.950523
p 23 181 62.293987 -17.0723
p 24 182 61.504555 -3.7316132
p 25 183 60.809616 4.390812

c 9 25.22573
p 18 85 76.57245 -15.683743
p 19 86 78.9827 -16.342022
p 20 87 80.9809 -14.123272
p 21 88 83.238 -13.490463
p 22 89 85.49574 -11.2612915
p 23 90 87.58043 -8.386517
p 24 91 90.083046 -7.529831
p 25 92 92.252495 -1.1800842
p 24 93 95.6809 -4.7627563
p 23 94 97.9397 -4.3436546
p 22 95 99.57054 -2.918766
p 21 96 101.79818 -1.9945679

c 10 0.5930519
p 18 212 47.62412 -0.07511711
p 19 213 47.591026 -0.038978577
p 20 213 47.51599 -0.09770393
p 21 214 47.512566 0.13820457
p 22 215 47.435703 -0.098264694
p 22 216 47.41138 0.033935547
p 22 217 47.34839 -0.04179573
p 22 218 47.34839 0.07817078
p 23 219 47.281254 -0.011009216
p 23 220 47.222134 -0.015825272
p 23 221 47.21087 -0.07744217
p 24 222 47.18414 -0.064416885
p 25 223 47.169777 -0.2253933
p 25 224 47.113285 -0.2725315
p 24 225 47.06158 -0.09562683
p 23 226 47.03499 -0.058753967
p 22 226 47.03499 0.080877304
p 21 226 47.031067 0.03429222
p 20 225 47.031067 -0.06423187

c 11 6.392723
p 19 33 47.236057 -0.067373276
p 19 34 47.236057 -0.024282455
p 20 35 47.238426 0.0305233
p 19 36 47.271893 -0.058021545
p 20 37 47.3109 -0.090236664
p 21 38 47.31367 -0.10935974
p 20 39 47.395184 -0.037397385
p 20 40 47.40323 0.047441483
p 20 41 47.47461 -0.07636833
p 20 42 47.47461 -0.047819138
p 20 43 47.554626 -0.0059509277
p 20 44 47.601196 -0.08965111
p 21 45 47.721874 -0.08039093
p 22 46 47.857613 -0.102565765
p 23 47 47.861134 -0.053861618
p 22 48 47.915813 -0.12873268
p 22 49 48.050594 -0.011697769
p 21 50 48.14167 0.05882263
p 22 51 48.223064 0.060235977
p 21 52 48.421593 -0.17041206
p 21 53 48.673798 -0.08592224
p 22 54 48.896824 -0.060922623
p 23 55 49.12495 -0.038713455
p 23 56 49.312126 -0.07356262
p 24 57 49.579 0.045179367
p 25 58 49.862186 -0.09106445
p 24 59 50.160896 -0.06894493
p 23 60 50.530613 -0.1351738
p 22 61 50.790947 -0.04785347
p 23 62 51.316826 0.5722828
p 22 63 51.819363 -0.4657154
p 21 64 52.461224 0.22156143
p 20 65 53.02897 -0.91131973
p 19 66 53.62878 6.98032

c 12 30.129227
p 20 159 95.02709 -2.2969666
p 21 160 86.10035 -12.240597
p 22 161 81.48245 -17.097145
p 23 162 77.60167 -18.718857
p 24 163 75.68345 -14.36253
p 25 164 74.632225 -16.50814
p 26 165 73.88952 -14.927528
p 27 166 73.166885 -7.2796936
p 28 167 72.435326 -9.194553
p 29 168 71.7023 -10.46936
p 28 169 70.93833 3.124504
p 29 170 70.13615 -10.914963
p 30 171 69.326965 -9.595257
p 31 172 68.56599 -13.061157
p 30 173 67.837074 -17.142345
p 29 174 67.06835 -18.895363
p 28 175 66.3208 -18.536766
p 27 176 65.5972 -16.815414
p 26 177 64.897865 -7.9150276

c 13 2.3574142
p 28 24 46.93643 -8.869171E-4
p 29 25 46.961758 -0.18783379
p 29 26 46.961758 -0.08143616
p 30 27 47.042934 -0.2829666
p 31 28 47.056618 -0.054956436
p 32 27 47.056618 -0.099056244
p 33 28 47.082905 -0.1235199
p 33 29 47.082905 0.017856598
p 33 30 47.097878 -0.024950027
p 33 31 47.097878 -0.06337547
p 32 32 47.128075 -0.11295509
p 33 33 47.23171 -0.05338669
p 34 34 47.275375 -0.043741226
p 34 35 47.324722 -0.06670761
p 33 36 47.366295 -0.11870575
p 32 37 47.37468 -0.087179184
p 31 38 47.382492 -9.441376E-4
p 32 39 47.39756 0.007902145
p 31 40 47.486923 0.07275581
p 32 41 47.486923 -0.11770439
p 33 42 47.53903 -0.10092735
p 33 43 47.65308 -0.19003677
p 34 44 47.726425 -0.028306961
p 33 45 47.761723 -0.18015671
p 32 46 47.817406 -0.011543274
p 31 47 47.892925 -0.047876358
p 31 48 47.993057 0.03158188
p 30 49 48.1315 -0.10482025
p 29 50 48.216896 0.018177032
p 30 51 48.34507 -0.045188904
p 31 52 48.530537 0.049303055
p 30 53 48.66419 -0.05763054
p 29 54 48.904892 -0.022222519
p 29 55 49.117523 0.04333496
p 29 56 49.293846 -0.15735817

c 14 8.74379
p 28 181 62.200478 -16.98547
p 29 180 62.741257 -19.776775
p 30 179 63.489815 -19.835403
p 31 178 64.47257 -19.834637
p 32 177 65.203865 -19.427505
p 33 176 66.03323 -19.420681
p 34 175 67.00742 -19.636559
p 35 174 67.928696 -19.06997
p 36 173 68.927574 -20.551464
p 37 172 69.919136 -21.04522
p 38 171 70.94427 -22.075035

c 15 35.757195
p 32 171 70.356094 -20.303795
p 33 170 78.57395 -1.915554
p 33 169 85.022385 -3.7409668
p 34 168 86.52942 -3.350029
p 35 167 87.73438 -4.5811996
p 36 166 88.732864 -4.801281
p 37 165 89.25385 -5.785839
p 38 164 90.1327 -5.8343506
p 39 163 91.12555 -6.258106
p 40 162 93.0746 -6.7283287
p 41 161 95.14939 -5.4096947
p 42 160 97.405426 -3.5479927
p 43 159 99.208046 -3.4052582
p 44 158 100.90775 -2.196228
p 45 157 102.52007 -2.293644
p 46 156 103.77976 -1.0715523
p 47 155 105.186386 -1.0001144
p 48 154 106.11329 -0.5203018

c 16 13.107666
p 33 74 60.406883 -11.375782
p 34 73 59.61294 -10.488567
p 35 72 58.770496 -12.1213
p 36 71 57.85599 -13.745434
p 37 70 56.99947 -15.587952
p 38 69 56.349445 -13.751366
p 39 68 55.47441 -7.373266
p 40 67 54.8746 -8.013969
p 41 66 54.291092 -8.674435
p 40 65 53.724663 -0.969862
p 39 64 53.17339 0.009410858
p 40 63 52.631687 6.0735035
p 41 62 52.109467 -6.637573E-4
p 40 61 51.60077 -0.032344818
p 39 60 51.121418 0.014032364
p 40 59 50.664814 0.03747368
p 41 58 50.213474 0.05259323
p 42 57 49.809196 0.15964317
p 43 56 49.470123 -0.07122803
p 43 55 49.149242 -0.14306259
p 44 54 48.862637 0.02338028
p 45 53 48.728584 -0.14274979
p 45 52 48.443977 -0.010627747
p 46 51 48.25982 0.057724
p 45 50 48.179592 0.028400421
p 44 49 48.059475 -0.096450806
p 43 48 47.911896 0.024482727
p 43 47 47.9002 -0.012548447
p 44 46 47.785866 -0.05632782
p 43 45 47.759907 -0.089076996
p 43 44 47.718834 -0.07349968
p 43 43 47.634743 -0.19139862
p 42 42 47.553 -0.06059265
p 41 41 47.535233 0.029411316
p 42 40 47.472343 0.010601044
p 41 39 47.39445 0.004419327
p 42 38 47.343483 -0.027324677
p 43 37 47.299217 -0.027908325
p 44 37 47.299217 -0.12430763

c 17 24.049042
p 35 82 80.05593 -5.3354225
p 36 81 66.38678 -14.45895
p 37 80 64.74416 -13.109634
p 38 79 64.06158 -13.522678
p 39 78 62.703537 -14.5928
p 40 77 61.9121 -10.439289
p 41 76 61.025394 -4.213238
p 40 75 60.29671 -4.0467873
p 41 74 59.576794 -8.518757
p 42 73 59.00495 -4.38587
p 41 72 58.302444 1.8163223
p 42 71 57.407455 1.0980072
p 41 70 56.79414 -7.8508186
p 40 69 56.00689 -6.612625

c 18 52.20015
p 40 93 101.26784 -0.51919556
p 41 92 98.72552 -3.310585
p 42 91 96.97803 -3.6191025
p 43 90 96.16308 -1.0628586
p 44 89 95.14477 -0.43673706
p 45 88 93.745346 -0.19058228
p 45 87 89.664604 -5.6761436
p 46 86 84.31509 -9.073872
p 47 85 81.32435 -11.432907
p 48 84 78.89857 -14.544743
p 49 83 76.68576 -15.50861
p 50 82 74.12821 -10.214344
p 49 81 71.46056 -0.15022278
p 50 80 68.76578 -19.420692
p 51 79 67.048706 -21.457573
p 52 78 65.596 -20.562305
p 53 77 64.181335 -9.623703
p 52 76 62.847168 -16.734783
p 51 75 61.728096 -13.227165
p 50 74 60.61925 -6.3321533
p 51 73 59.712143 -7.0812683
p 52 72 58.929234 -7.1529064
p 51 71 58.14616 4.0195312
p 52 70 57.40363 -2.6050148
p 53 69 56.64085 3.0785484
p 54 68 55.887043 -9.4069805
p 53 67 55.18324 -5.7354813
p 52 66 54.560886 -3.2339363
p 53 65 53.95332 10.548952
p 52 64 53.32465 5.883787
p 51 63 52.704693 3.4499836
p 50 62 52.11707 5.145155
p 49 61 51.573196 0.23332024
p 48 60 51.052933 0.073129654
p 47 59 50.566685 0.055347443
p 46 58 50.057808 -0.13417435
p 45 57 49.780167 0.059131622
p 46 56 49.454315 0.053462982
p 45 55 49.067688 -0.12932587

c 19 23.270203
p 41 181 71.09386 1.7704735
p 42 182 70.765594 -2.706112
p 43 183 70.34272 0.2169075
p 44 184 69.79291 1.4845963
p 45 185 69.36293 -1.7473221
p 46 186 68.67689 -7.9491806
p 45 187 67.67521 0.055152893
p 44 188 66.332924 -2.3790245
p 44 189 55.273556 -12.897987
p 45 190 52.16715 6.473707
p 44 191 51.44425 4.63612
p 44 192 50.99105 0.095581055
p 44 193 50.73023 -0.00756073
p 44 194 50.55013 0.111810684
p 44 195 50.372124 -0.18743515
p 43 196 50.125053 -0.013326645
p 44 197 49.944214 -0.028532028
p 44 198 49.75354 0.06359863
p 45 199 49.553032 -0.09210205
p 46 200 49.382305 -0.0064640045
p 47 201 49.18808 -0.03850746
p 48 202 48.994392 0.024080276
p 47 203 48.794777 -0.20233727
p 48 204 48.638252 -0.25509834
p 49 205 48.524414 0.10289192
p 49 206 48.286976 -0.065229416
p 48 207 48.097736 -0.15019226
p 47 208 48.045143 0.043251038
p 48 209 47.827553 -0.12664413
p 49 209 47.823654 -0.1808033
p 50 209 47.823654 -0.130579
p 51 209 47.90404 -0.024202347
p 52 208 48.069946 0.08395767
p 51 207 48.168015 -0.09428215
p 50 206 48.318943 -0.019386292
p 51 205 48.39356 -0.015810013
p 51 204 48.570816 -0.15507889
p 51 203 48.758156 0.05904579
p 50 202 48.85231 -0.13873672
p 49 201 49.00289 -0.013301849
p 49 200 49.193874 0.0468235
p 48 199 49.4488 -0.1376133
p 47 198 49.629055 0.062124252
p 46 197 49.774536 -0.08751297
p 46 196 50.11318 0.07928276
p 45 195 50.475563 0.15119362
p 46 194 50.892838 0.19996262
p 47 193 51.40096 0.0056858063
p 48 192 52.0281 -3.211916
p 49 191 52.694637 -1.9668427
p 50 190 53.398464 -2.113697
p 49 189 54.19866 -8.351204
p 50 188 55.12113 -2.9683723
p 49 187 56.138718 -4.2074814
p 50 186 57.083008 -20.263718
p 51 185 58.448277 -23.862103
p 52 184 62.165154 -20.290482

c 20 1.6903114
p 42 202 49.280647 0.001241684
p 43 203 48.946785 -0.06429672
p 42 204 48.74209 -0.06297493
p 42 205 48.456253 0.0069904327
p 42 206 48.254925 0.018745422
p 43 207 48.062523 -0.17799187
p 44 208 47.96766 -0.106443405
p 44 209 47.853718 -0.041179657
p 43 210 47.792137 0.059431076
p 44 211 47.729107 -0.041078568
p 43 212 47.62062 -9.918213E-4
p 42 213 47.590336 -0.027654648

c 21 55.799683
p 49 96 103.376 0.11655426
p 50 95 102.45433 -0.119968414
p 51 94 101.481125 0.17643356
p 52 93 100.38984 1.0098152
p 53 92 99.61862 0.58963776
p 54 91 98.50499 0.56474686
p 54 90 92.49671 -5.338276
p 53 89 90.44244 -1.9270821
p 54 88 88.18604 -8.115334
p 55 87 86.9123 -5.2603035
p 54 86 85.21227 -0.3035202
p 55 85 83.40591 -10.422642
p 56 84 81.86442 -11.032085
p 57 83 79.988754 -10.111893
p 58 82 78.76335 -11.48518
p 59 81 77.59689 -10.791416
p 60 80 76.637566 -11.558239
p 61 79 75.710556 -6.22488
p 60 78 74.74684 3.4036102
p 61 77 73.9381 1.4608688
p 60 76 73.30015 1.0466576
p 61 75 72.79356 -8.9081955
p 62 74 72.184784 -11.184555
p 61 73 71.725525 2.2236671
p 62 72 71.30873 -8.999496
p 63 71 70.923805 3.149353
p 62 70 70.553375 0.045711517
p 62 69 70.18649 -4.2809525
p 63 68 69.5358 1.118824
p 64 67 55.035904 -14.158096
p 63 66 53.930695 5.8824043
p 64 65 53.000076 2.030178
p 64 64 52.31185 3.6004639
p 65 63 51.410286 3.2240067
p 66 62 50.996147 -8.773804E-4
p 66 61 50.679825 -0.073984146
p 67 60 50.377377 0.026519775
p 68 59 50.03272 -0.04291153
p 67 58 49.726707 -0.02352333
p 68 57 49.411716 -0.17190552
p 69 56 49.12553 0.083257675
p 70 55 48.83046 -0.1662674
p 71 54 48.62491 -0.088344574
p 72 53 48.53383 -0.04055977
p 71 52 48.395576 0.048707962
p 70 51 48.15506 -0.09641266
p 71 50 48.05911 0.08155632
p 72 49 47.987816 -0.033159256
p 71 48 47.955395 0.045742035
p 72 47 47.836655 -0.13430214
p 73 46 47.77448 0.055879593
p 74 45 47.644363 -0.0970459
p 75 45 47.576317 -0.034124374
p 75 44 47.576317 -0.008972168
p 76 45 47.629745 -0.20501518
p 77 46 47.81203 -0.09000778
p 77 47 47.828037 -0.24298096
p 76 48 47.956913 -0.02660942
p 76 49 48.008076 -0.17112923
p 77 50 48.204384 0.060585022
p 76 51 48.336903 0.050588608
p 77 52 48.375973 -0.13667488
p 78 53 48.547863 -0.034578323
p 77 54 48.677696 -0.22137642
p 76 55 48.845936 0.17147446
p 77 56 48.988773 -0.11306
p 78 57 49.318546 -0.015195847
p 79 58 49.471596 -0.17494202

c 22 2.0923843
p 54 201 49.049854 0.047912598
p 55 202 48.78529 0.035734177
p 55 203 48.600784 0.0010852814
p 55 204 48.51416 -0.06844711
p 56 205 48.371574 0.081092834
p 56 206 48.216457 -0.1055336
p 57 207 48.143448 0.037391663
p 56 208 48.03092 -0.025562286
p 57 209 47.923878 -0.08494568
p 58 210 47.828655 -0.059127808
p 59 211 47.79976 -0.058359146
p 60 212 47.72119 -0.058576584
p 59 213 47.574314 -0.037107468
p 59 214 47.452568 -0.15339088
p 60 215 47.44246 0.025531769
p 60 216 47.398712 -0.10538292
p 60 217 47.398624 -0.053733826
p 59 218 47.345623 -0.06968689
p 58 219 47.271675 -0.114551544
p 58 220 47.23791 -0.070640564
p 57 221 47.20611 0.06085968
p 58 222 47.202812 0.012718201
p 59 223 47.185566 0.012605667
p 59 224 47.14008 -0.0072746277
p 60 225 47.113647 -0.008752823
p 61 226 47.101852 0.013389587
p 61 227 47.07663 -0.060317993
p 61 228 47.071953 0.06331253
p 61 229 47.0337 -0.0107860565
p 62 230 47.0337 0.051786423
p 63 231 47.01927 -0.032222748
p 64 230 46.99997 -0.01620102
p 65 231 46.99997 -0.09288025
p 66 232 46.970833 -0.035715103
p 67 233 46.95747 -0.010530472
p 68 234 46.95747 -0.06674576

c 23 47.697468
p 56 163 96.04143 -3.558895
p 57 164 94.6106 -2.1331673
p 58 165 93.372 0.55369186
p 58 166 89.884514 -10.047813
p 59 167 85.027534 -13.95797
p 60 168 84.21956 -12.165455
p 61 169 83.46499 -4.451313
p 60 170 82.226326 -5.0739594
p 59 171 81.38572 5.252556
p 59 172 80.73837 -2.1882133
p 60 173 76.347626 -6.24498
p 61 174 65.34343 -16.42332
p 62 175 64.5413 -14.717152
p 63 176 63.898224 -7.6635895
p 64 177 63.199318 -6.3855667
p 65 178 62.47785 -8.968189
p 66 179 61.75274 -8.836361
p 67 180 61.023777 -5.2343597
p 68 181 60.32786 -8.914879
p 67 182 59.629543 -6.037773
p 66 183 58.94793 -9.29159
p 67 184 58.421974 -8.322357
p 68 185 57.7409 -9.720459
p 69 186 57.109894 -7.5637093
p 70 187 56.26246 -12.256691
p 69 188 55.543 -8.302361
p 68 189 54.8647 -9.641483
p 69 190 54.2298 -1.2883663
p 70 191 53.615067 0.025547028
p 69 192 52.98363 -0.15404701
p 68 192 52.40387 2.0132828
p 67 193 51.964207 2.6712246
p 66 193 51.35658 -0.5460949
p 65 194 50.99121 -0.23740959
p 64 195 50.83291 -0.059923172
p 63 196 50.514076 -0.09434128
p 62 197 50.16672 0.088991165
p 62 198 49.855675 -0.23714066
p 61 199 49.708733 -0.0011844635
p 61 200 49.368874 -0.13056183
p 60 201 49.053234 -0.058935165
p 59 202 48.844967 -0.02586937
p 58 203 48.68387 -0.03788185
p 57 204 48.518032 -0.043844223
p 57 205 48.34396 -0.003829956

c 24 0.44113922
p 63 45 47.76464 -0.03735161
p 64 44 47.657387 0.047952652
p 65 43 47.57016 -0.046102524
p 64 42 47.53283 -4.9209595E-4
p 65 41 47.41441 -0.064826965
p 65 40 47.41441 -0.021928787
p 65 39 47.39989 -0.04194069
p 65 38 47.39989 -0.12613106
p 66 37 47.337616 0.046628952
p 66 36 47.3235 -0.013051987
p 66 35 47.3235 0.022771835

c 25 21.197083
p 63 70 70.57107 1.0898705
p 64 71 70.95243 -7.1810074
p 65 72 71.38248 -10.175751
p 66 73 71.63514 -5.9275017
p 67 74 71.94824 -7.182003
p 66 75 72.679794 -0.6847763
p 67 76 74.685875 -6.49382
p 68 77 77.17866 -2.7205696
p 67 78 78.22036 -7.225422
p 66 79 79.90815 -8.813065
p 65 80 81.47544 -3.8842354
p 66 81 87.31999 4.839329
p 66 82 87.75048 2.735485
p 67 83 87.95255 1.5808334
p 66 84 88.25379 1.1034775
p 67 85 91.76815 4.2675896

c 26 23.96476
p 64 175 71.00057 -6.2408104
p 65 174 74.70422 -9.927788
p 66 173 79.219505 -4.767334
p 67 172 80.74821 -5.010391
p 66 171 82.31498 -1.4867897
p 67 170 83.95805 2.7471275
p 66 169 85.69962 1.3079567
p 67 168 87.15212 -6.9484367
p 68 167 88.58339 -3.6302261
p 67 166 90.45135 3.1088066
p 68 165 94.96533 -0.46045685

c 27 49.475853
p 73 93 96.732254 -1.4464073
p 74 92 95.46944 -2.3392715
p 75 92 95.03588 -2.1028824
p 76 91 90.71003 -5.882538
p 77 90 89.506355 -2.7057457
p 76 89 86.52443 -8.710468
p 75 88 84.11607 -8.514973
p 74 87 81.29197 -6.346672
p 75 86 77.1122 -14.288067
p 76 85 74.22107 -14.730198
p 77 84 73.22999 -14.781452
p 78 83 72.71251 -13.535076
p 79 82 71.60576 -7.945671
p 78 81 71.127785 3.081833
p 79 80 70.55059 -11.296551
p 80 79 70.31787 -9.187878
p 81 78 69.85893 -5.787159
p 80 77 69.54857 7.047104
p 81 76 68.847984 -1.3449554
p 82 75 68.41405 -0.60573196
p 83 74 67.92559 -0.9114647
p 84 73 67.476 -1.1973991
p 85 72 66.975685 -0.14921951
p 86 71 66.14568 1.0655403
p 87 70 63.265835 5.291397
p 86 69 61.334305 2.8517685
p 85 68 58.77069 -5.9168606
p 86 67 56.484875 7.2483597
p 85 66 56.16844 2.5742512
p 86 65 56.15124 3.58527
p 85 64 52.30497 5.278475
p 86 63 51.368084 4.1841793
p 87 62 50.689568 5.480362
p 88 61 50.311493 -0.031621933
p 89 60 50.085796 -0.0717144
p 90 59 49.791813 -0.08524513
p 89 58 49.55245 0.092775345
p 89 57 49.30752 0.18177795
p 88 56 49.02238 0.038080215
p 88 55 48.904873 -0.07624054
p 88 54 48.694435 -0.006626129
p 88 53 48.62659 0.0046920776
p 87 52 48.50594 0.105854034
p 86 51 48.36435 -0.055202484
p 86 50 48.215786 -0.12788391
p 87 49 48.093506 0.025754929
p 86 48 48.01758 -0.0503006
p 87 47 47.94634 -0.09465599
p 88 46 47.82318 -0.1777134
p 89 45 47.704956 -0.1269741
p 90 44 47.6289 -0.032758713
p 91 44 47.58022 -0.009147644
p 92 43 47.58022 -0.070827484
p 92 42 47.511395 -0.025699615
p 93 41 47.443874 -0.0129852295
p 94 40 47.401764 -0.0478096
p 93 39 47.401764 -0.067647934
p 92 38 47.33553 -0.035316467
p 93 37 47.328754 -0.1384697
p 94 37 47.285156 -0.3183136
p 95 36 47.2564 2.5749207E-4
p 96 36 47.2564 0.008966446

c 28 1.1294899
p 74 205 48.315533 -0.08304596
p 74 206 48.24934 -0.12264252
p 74 207 48.09387 -0.07535744
p 74 208 47.98723 -0.10418129
p 75 209 47.896656 0.06314278
p 75 210 47.81383 -0.011480331
p 74 211 47.68825 -0.109357834
p 75 212 47.623363 -0.03155136
p 76 213 47.623363 -0.020967484
p 75 214 47.533035 -0.018468857
p 76 215 47.42527 -0.046642303
p 76 216 47.418674 0.0026893616
p 75 217 47.34166 -0.041797638
p 74 218 47.34166 -0.038816452
p 75 219 47.3084 -0.065805435
p 76 220 47.26617 -0.1051178
p 76 221 47.219524 -0.027273178
p 77 222 47.186043 -0.053388596
p 78 221 47.186043 -0.114774704

c 29 25.313938
p 74 205 48.315533 -0.11037636
p 75 204 48.401752 0.048124313
p 76 203 48.672863 0.08641243
p 77 202 48.884865 -0.09184265
p 76 201 49.21305 0.117990494
p 77 200 49.55008 0.06267738
p 78 199 49.794754 -0.15950203
p 79 198 50.165203 -0.06376839
p 78 197 50.5162 0.057237625
p 79 196 50.840225 -0.06854057
p 78 195 51.30122 -0.118766785
p 77 194 51.72708 -0.23763084
p 76 193 52.21004 4.1473103
p 75 192 52.748993 8.485928
p 76 191 53.31728 1.7080822
p 75 190 53.889843 -3.0046692
p 76 189 54.372406 -4.8615723
p 77 188 55.328884 -7.564438
p 78 187 56.056347 -9.725056
p 79 186 56.72354 -9.499626
p 80 185 57.62739 -4.6331882
p 79 184 58.30835 -9.882553
p 78 183 59.003414 -12.08128
p 77 182 59.806606 -7.063442
p 78 181 60.823826 8.861549
p 77 180 61.787533 1.3361206
p 78 179 62.71808 4.651928
p 77 178 64.06423 4.125927
p 78 177 65.54306 4.4278145
p 77 176 67.23669 3.436409
p 78 175 70.328896 -7.490589
p 79 174 73.62947 -7.129593

c 30 0.9333801
p 78 209 47.821068 0.009029388
p 78 210 47.75219 -0.09959602
p 78 211 47.65042 -0.02245903
p 79 212 47.595436 -0.04962921
p 79 213 47.587463 -0.029857635
p 80 214 47.518684 0.039447784
p 81 215 47.42921 -0.06741333
p 81 216 47.393417 -0.010135651
p 80 217 47.356842 -0.054950714
p 81 218 47.356842 0.0023155212
p 82 219 47.28469 0.028282166
p 82 220 47.241688 -0.124017715
p 82 221 47.23659 -0.16871071
p 82 222 47.186512 -0.21084213
p 83 223 47.16629 -0.045318604
p 83 224 47.131386 -0.01256752
p 84 225 47.13028 -0.09631729
p 84 226 47.107197 -0.029882431
p 85 227 47.069984 -0.024129868
p 86 228 47.025448 -0.022867203
p 87 229 47.010582 0.060482025
p 88 228 47.017075 0.035429
p 89 229 46.98873 -0.0022411346
p 90 230 46.98276 -0.033111572
p 90 231 46.98231 -0.030649185
p 91 232 46.96538 -0.056617737
p 91 233 46.887688 0.066223145
p 91 234 46.887688 0.0017299652

c 31 54.816925
p 80 161 101.834 -2.1586113
p 81 162 100.01917 -4.0469017
p 82 163 97.89469 -5.079399
p 83 164 95.77171 -2.356697
p 82 165 94.940575 -5.192997
p 81 166 94.3728 1.345665
p 82 167 93.82698 1.0179291
p 81 168 93.48382 -0.028289795
p 82 169 93.09689 -0.721756
p 83 170 92.64884 0.745533
p 84 171 91.78414 0.055072784
p 85 172 90.8274 0.057750702
p 86 173 89.41792 -3.7536888
p 86 174 85.82182 -4.311039
p 87 175 81.63937 -3.489853
p 88 175 78.711754 -0.61505127
p 89 176 76.554436 2.6576118
p 88 177 74.639786 1.6165123
p 89 178 72.385086 2.5280304
p 89 179 67.23899 -11.184834
p 88 180 64.58549 -19.7711
p 87 181 62.949085 -15.339252
p 86 182 61.244427 -7.4294624
p 87 183 59.818043 -9.015915
p 88 184 58.749847 -3.8071136
p 89 185 57.97378 -3.3403988
p 88 186 57.26092 -8.495743
p 89 187 56.569073 -8.338924
p 90 188 55.936096 -5.6717224
p 91 189 55.435287 -4.9252567
p 90 190 54.67806 12.108202
p 91 191 54.075047 5.3856277
p 90 192 53.406727 7.6701603
p 89 193 52.944923 4.6229
p 88 194 52.36162 -0.62753105
p 87 195 51.816402 0.0626812
p 88 196 51.27968 -0.097047806
p 87 197 50.90191 -0.0077991486
p 87 198 50.432003 -0.05876732
p 87 199 49.925014 -0.20210075
p 86 200 49.635708 0.07720566
p 85 201 49.28299 -0.10287285
p 86 202 48.994843 0.04390526
p 87 203 48.731445 -0.014621735
p 88 204 48.465286 -0.0042152405
p 87 205 48.29252 0.11392784
p 88 206 48.06963 0.008928299
p 88 207 48.010075 -0.03268242
p 89 208 47.92867 -0.08050537
p 90 209 47.890415 -0.09902573
p 90 210 47.685207 -0.20326042
p 91 211 47.666695 0.036405563
p 92 212 47.61783 0.033010483
p 93 213 47.519897 -0.10021973
p 92 214 47.505943 0.034856796
p 93 215 47.459976 -0.014482498
p 92 216 47.39903 -0.002811432
p 91 217 47.34204 -0.16700172
p 90 218 47.313854 -3.8337708E-4
p 90 219 47.309963 0.0116939545
p 90 220 47.262352 -0.053297043
p 89 221 47.254894 -0.0085372925
p 88 222 47.203545 -0.010601044
p 89 223 47.159847 0.0070934296
p 88 224 47.12862 0.006494522
p 89 225 47.10918 0.034448624
p 88 226 47.06619 0.008190155
p 89 227 47.017075 0.011209488

c 32 15.409843
p 82 87 80.53003 -6.147438
p 83 86 79.95933 -9.003426
p 84 85 79.31828 -9.806301
p 85 84 78.58261 -7.5303993
p 86 83 77.864746 -7.298176
p 87 82 77.17357 -3.1554222
p 88 81 76.39569 0.4896736
p 89 80 75.63039 -1.6681099
p 90 79 74.938286 4.8561554
p 91 78 74.21555 -5.598381
p 90 77 73.47688 8.491173
p 91 76 72.83206 8.854267
p 92 75 71.98938 8.144054
p 91 74 71.158066 4.110077
p 92 73 70.1592 -3.0281296
p 91 72 68.91551 2.563465
p 90 71 67.824745 0.16622162
p 89 70 66.59396 -3.4851532
p 88 71 65.120186 -5.4960594

c 33 20.92276
p 82 87 80.53003 -5.0655365
p 83 88 81.144455 -8.874828
p 84 89 81.80509 -11.311485
p 85 90 82.62121 -12.218296
p 86 91 83.47432 -8.362949
p 85 92 84.589935 1.7286682
p 86 93 85.94776 4.8067055
p 85 94 89.153984 -11.01899
p 84 95 92.07152 -3.6465187
p 85 96 95.079384 2.8244095
p 84 97 98.0939 -2.1964417
p 83 98 99.985916 -2.6800804
p 84 99 101.45279 -1.856926

c 34 47.740738
p 90 184 58.79847 -12.7908325
p 91 183 59.50688 -17.043602
p 92 182 60.16395 -16.602787
p 93 181 60.83281 -13.469883
p 94 180 61.539852 -11.994251
p 95 179 62.34343 -10.066116
p 96 178 62.993412 -9.102991
p 95 177 63.735695 4.274437
p 96 176 64.47145 -11.323673
p 97 175 65.41802 -13.330597
p 98 174 65.93635 -13.803753
p 99 173 66.70263 -14.417156
p 100 172 67.52762 -15.799046
p 101 171 68.35231 -15.112957
p 102 170 69.14983 -15.258785
p 103 169 69.871216 -14.677887
p 104 168 74.540924 -8.595543
p 105 167 76.08359 -3.5180817
p 104 167 76.30927 -7.742359
p 103 166 78.71174 -16.378284
p 102 165 82.63127 -14.857285
p 101 164 85.77312 -11.42675
p 100 163 88.68366 -10.375496
p 99 162 91.253235 -5.4123917
p 100 161 94.433174 2.323349
p 99 160 99.280685 -6.685856
p 98 159 102.02647 -0.8689041
p 98 158 103.7546 -0.16286469
p 98 157 104.814735 -0.49399567
p 99 156 105.84888 -0.4843521
p 100 155 106.53921 -0.042503357

c 35 30.440231
p 91 80 75.63532 -10.064236
p 92 81 76.33211 -15.392143
p 93 82 76.99587 -13.957676
p 94 83 77.64434 -11.684364
p 95 84 78.29704 -11.980072
p 96 85 78.941154 -11.1053505
p 97 86 79.612915 -7.970173
p 96 87 80.34428 2.742302
p 97 88 86.13088 -5.113594
p 98 89 87.16517 -6.836334
p 99 90 88.1716 -8.157307
p 100 91 89.58452 -3.4984856
p 99 92 90.75876 -1.0737114
p 100 93 92.21609 -7.2365837
p 101 94 93.448784 -6.515892
p 102 95 95.04507 -5.5016556
p 103 96 97.774635 -2.0698166
p 102 97 100.55402 3.6607437
p 103 98 102.571846 -1.0835876
p 104 99 104.209145 -0.45560455
p 103 100 105.32558 -0.809536
p 102 101 106.075554 -0.77960205

c 36 0.6931877
p 95 210 47.743607 -0.042100906
p 96 211 47.679245 0.047502518
p 95 212 47.57627 0.024093628
p 96 213 47.52524 -0.289608
p 97 214 47.48989 -8.392334E-4
p 98 215 47.41149 -0.035520554
p 97 216 47.369312 0.013967514
p 97 217 47.311043 -0.07258606
p 96 218 47.26407 0.064245224
p 97 219 47.21358 -0.10300636
p 98 220 47.196766 0.009017944
p 99 221 47.16301 -0.028886795
p 99 222 47.151115 -0.040071487
p 98 223 47.112206 -0.08473587
p 97 224 47.05042 0.028526306
p 97 225 47.05042 0.021587372

c 37 32.328724
p 96 48 47.955982 0.011798859
p 97 49 48.07159 0.16495514
p 96 50 48.201187 -0.20985413
p 96 51 48.36401 -0.009241104
p 97 52 48.54674 -0.02256012
p 98 53 48.72995 0.0026226044
p 99 54 48.967525 0.068906784
p 100 55 49.018627 -0.10410881
p 101 56 49.153378 -0.016216278
p 102 57 49.469765 0.06472778
p 103 58 49.664726 0.016086578
p 104 59 49.81896 0.024608612
p 105 60 49.962215 -0.0664444
p 105 61 50.248974 0.3632908
p 104 62 50.55134 7.6430607
p 103 63 50.820164 3.6117573
p 102 64 51.478462 1.1904068
p 101 65 52.83627 0.89689445
p 102 66 53.122684 -6.412262
p 103 67 53.97406 -12.770519
p 104 68 54.63705 -12.964752
p 105 69 55.17488 -10.307278
p 106 70 56.918385 -6.2369328
p 105 71 57.906994 -7.6488724
p 104 72 59.10558 -6.911192
p 105 73 60.657314 6.8728943
p 104 74 62.551247 -0.1437149
p 105 75 78.58844 1.6774559
p 106 76 80.284706 0.6968155

c 38 9.343925
p 98 186 56.56175 -7.9176025
p 99 187 55.88993 6.6788597
p 98 188 55.27436 2.1948395
p 99 189 54.63903 -5.5931625
p 100 190 53.982395 -2.4968758
p 101 191 53.321568 0.50601006
p 102 192 52.7051 2.6682339
p 103 193 52.121586 5.749235
p 104 194 51.468388 -0.1074543
p 105 193 51.14374 0.34044456
p 106 194 50.841545 0.048740387
p 107 194 50.60412 -0.06593323
p 108 195 50.513668 0.03852272
p 109 196 50.298965 0.03829956
p 109 197 50.07302 -0.1500969
p 110 198 49.739723 -0.30489922
p 111 199 49.551376 -0.05775261
p 112 200 49.256958 -0.12272072
p 113 201 49.063576 0.003868103
p 112 202 48.830135 -0.064144135
p 112 203 48.586613 -0.07049751
p 111 204 48.428604 -0.053346634
p 111 205 48.28019 -0.08795166
p 112 206 48.045425 -0.048021317
p 113 207 47.865086 -0.027505875
p 112 208 47.865086 -0.043287277
p 112 209 47.742 -0.07959938
p 111 210 47.688362 -8.583069E-5
p 111 211 47.6489 -0.07895279
p 111 212 47.600735 -0.13214493
p 110 213 47.51795 -0.12308884
p 109 214 47.47868 -0.03918457
p 109 215 47.336376 -0.13486671
p 110 216 47.312183 0.019182205
p 109 217 47.282368 -0.0123233795
p 108 218 47.217823 0.004255295
p 109 219 47.217823 0.010555267

c 39 13.334362
p 98 186 56.56175 -1.0028992
p 99 185 57.268055 -13.999798
p 100 184 58.015877 -17.124859
p 101 183 58.767975 -16.891647
p 102 182 59.71405 -16.298153
p 103 181 60.595043 -17.579643
p 104 180 61.54991 -18.865532
p 105 179 62.637035 -20.009972
p 106 178 63.635788 -18.053314
p 107 177 65.2182 -22.446747
p 108 176 69.89611 -22.491116

c 40 1.6399002
p 100 47 47.86995 -0.09211731
p 100 48 48.00792 -0.084833145
p 100 49 48.122505 -0.009437561
p 101 50 48.25423 -0.060764313
p 101 51 48.361282 -0.17148209
p 102 52 48.612766 0.0797863
p 101 53 48.819824 0.009771347
p 102 54 48.971302 -0.14518356
p 103 55 49.1205 -0.080747604
p 104 56 49.304462 -0.13258553
p 105 57 49.50985 -0.2064476

c 41 0.6714592
p 100 221 47.15594 0.029298782
p 101 220 47.197647 -0.121362686
p 102 219 47.24364 -0.05616951
p 103 218 47.31066 -0.106241226
p 103 217 47.38805 -0.10443306
p 104 216 47.398823 -0.035787582
p 104 215 47.44694 -0.013755798
p 103 214 47.541378 0.0026245117
p 103 213 47.541378 0.007539749
p 103 212 47.66251 -0.06335831
p 103 211 47.66251 -0.029500961
p 104 210 47.740932 -0.03068161
p 104 209 47.8274 0.016736984

c 42 0.2857628
p 105 35 47.31617 -0.004678726
p 106 36 47.32914 -0.14611053
p 107 37 47.409595 -0.022935867
p 108 38 47.409595 -0.08329964
p 107 39 47.44284 0.014511108
p 107 40 47.47439 -0.018785477
p 107 41 47.5084 0.049684525
p 106 42 47.55589 -0.012016296
p 107 43 47.601933 -0.057548523
p 108 42 47.570244 -0.12355423
p 108 41 47.49125 0.02296257

c 43 1.1930504
p 111 216 47.357727 0.0068187714
p 112 215 47.43003 -0.14900398
p 113 214 47.47696 -0.06552887
p 114 213 47.572872 2.9945374E-4
p 113 212 47.60892 -0.023403168
p 113 211 47.62644 -0.048894882
p 114 210 47.761265 -0.0044403076
p 115 209 47.817806 -0.11737633
p 116 208 47.89412 -0.026874542
p 116 207 47.928375 -0.15561867
p 116 206 48.080517 -0.12931061
p 117 205 48.279503 -0.096380234
p 118 204 48.476913 -0.028682709
p 119 205 48.27662 -0.0735054
p 119 206 48.164455 -0.10038757
p 118 207 47.981995 -0.026966095
p 119 208 47.901764 -0.03766632
p 119 209 47.788704 -0.03725052
p 118 210 47.734875 -0.039445877
p 117 211 47.596413 -0.07179451
p 118 212 47.5468 -0.019968033
p 119 213 47.54435 0.05706787
p 118 214 47.468513 -0.13379288
p 117 215 47.426983 -0.054088593
p 117 216 47.422787 -0.006296158
p 118 217 47.309826 -0.11931229
p 117 218 47.283863 -0.035842896
p 116 218 47.283863 -0.034252167

c 44 43.7331
p 112 94 91.51782 -4.634598
p 113 93 86.416016 -10.912838
p 114 92 83.7317 -11.638802
p 115 91 81.84137 -10.44561
p 116 90 80.43577 -8.626583
p 117 89 79.588615 -5.207737
p 116 88 79.20558 -1.7451477
p 117 87 78.971924 -12.45797
p 118 86 78.682205 -13.6033325
p 119 85 78.28804 -11.560474
p 120 84 77.904205 2.8096771
p 121 84 77.729866 7.107834
p 122 84 77.729866 8.861374
p 123 83 68.3185 -5.3813286
p 124 82 67.60475 -4.380554
p 123 81 67.10408 1.7604713
p 124 80 66.51914 -6.9913826
p 125 79 65.8466 13.661816
p 124 78 65.13652 -4.2637367
p 123 77 64.49435 -7.974102
p 122 76 63.790188 2.957981
p 123 75 62.74332 -5.2931595
p 124 74 62.086666 -7.6254272
p 125 73 61.401375 -4.5028305
p 126 72 60.56814 -0.4717312
p 125 71 59.881783 -0.45062256
p 124 70 59.220158 -2.426773
p 123 69 58.554123 -0.99596786
p 122 68 57.898666 -3.2199535
p 123 67 56.8851 2.0494957
p 122 66 56.18461 2.2423954
p 123 65 55.468338 6.894884
p 122 64 54.712376 5.1189804
p 121 63 53.96098 -0.05898094
p 122 62 53.339516 3.7521954
p 121 61 52.72048 -0.6597023
p 120 60 52.14909 -0.60834503
p 119 59 51.56493 -0.5839939
p 118 58 51.034477 -0.47913933
p 117 57 50.4048 -0.45066452
p 116 56 50.018826 -0.19779205
p 116 55 49.536503 -5.8555603E-4
p 116 54 49.249626 -0.02651596
p 115 53 48.916214 0.006193161
p 115 52 48.706154 0.028944016
p 115 51 48.414486 -0.10323715
p 116 50 48.285847 0.09446716
p 115 49 48.132023 0.019411087
p 114 48 48.013813 -0.06603813
p 114 47 47.880978 -0.0060214996
p 115 46 47.78472 -0.05142021
p 115 45 47.78472 -0.08354378

c 45 0.7468071
p 114 26 47.040287 -0.087070465
p 114 27 47.040287 -0.11064339
p 114 28 47.060158 -0.0023345947
p 114 29 47.060158 -0.02009964
p 114 30 47.08818 0.03850746
p 115 31 47.129314 -0.07091141
p 116 31 47.13278 -7.534027E-4
p 117 32 47.190464 0.06621361
p 118 33 47.204662 -0.07559395
p 119 34 47.254528 0.004758835
p 118 35 47.28908 -0.078006744
p 118 36 47.28908 -0.0735836
p 118 37 47.310493 -0.04332733
p 119 38 47.40415 -0.05406761
p 119 39 47.45748 0.02388382
p 120 40 47.474865 0.029689789
p 119 41 47.501934 -0.09928894
p 120 42 47.650955 0.06326294
p 119 43 47.70094 -0.09614754
p 119 44 47.745346 -0.097473145
p 119 45 47.787094 -0.034397125

c 46 3.7702255
p 115 191 52.24265 -0.8871536
p 116 192 51.6489 1.9942436
p 117 193 51.12908 0.08024216
p 116 194 50.81151 -0.16861153
p 117 195 50.586346 -0.026094437
p 117 196 50.203625 -0.07999992
p 117 197 49.875824 0.06542778
p 118 198 49.47372 -0.20211029
p 119 199 49.427372 0.14764595
p 118 200 49.212357 -0.0019130707
p 117 201 49.00586 -0.111946106
p 116 202 48.84022 0.025226593
p 117 203 48.569885 -0.12020874
p 116 204 48.472424 0.13093567

c 47 11.54417
p 119 182 60.21863 -12.841789
p 120 183 59.067474 -18.478382
p 121 184 58.05979 -18.07508
p 122 185 57.383736 -17.466503
p 123 186 56.38495 -13.716209
p 124 187 55.71785 -8.169441
p 123 188 55.007133 5.5822105
p 124 189 54.187256 5.5673447
p 123 190 53.432682 -0.45474625
p 122 191 52.70382 0.009292603
p 123 192 52.09505 8.077532
p 122 193 51.5523 3.5430698
p 121 194 51.064857 -0.17920876
p 121 195 50.63246 0.07193565
p 122 196 50.16664 0.051490784
p 121 197 49.899464 -0.08987427
p 121 198 49.63646 -0.053424835
p 121 199 49.395576 8.9263916E-4
p 122 200 49.163715 0.05460739
p 121 201 48.978924 -0.22344398
p 120 202 48.81622 -0.025836945
p 119 203 48.67446 -0.17915726

c 48 1.3389626
p 121 214 47.435013 -0.053085327
p 122 214 47.435013 -0.12045288
p 123 213 47.524914 -0.14359856
p 124 212 47.58473 0.039295197
p 125 211 47.60906 0.030025482
p 124 210 47.693947 0.06445122
p 123 209 47.747536 -0.02853012
p 123 208 47.863262 -0.19086075
p 124 207 48.04845 -0.061330795
p 124 206 48.23848 -0.091236115
p 124 205 48.339203 -0.08246422
p 125 204 48.552837 -0.10096359
p 125 203 48.773975 -0.13476181

c 49 32.885376
p 125 99 99.49791 -4.4382133
p 126 98 97.3341 -4.198635
p 127 97 94.66617 -7.346733
p 128 96 92.834465 -8.672783
p 129 95 91.03767 -10.708267
p 130 94 88.99427 -9.348278
p 131 93 84.316444 -6.798458
p 130 92 82.60343 -11.894608
p 129 91 80.77962 -8.5112915
p 130 90 79.00204 -13.072678
p 131 89 77.18403 -10.061398
p 130 88 75.70622 -0.5788841
p 131 87 74.335785 -16.98986
p 132 86 73.29766 -13.951523
p 133 85 72.317245 -9.570671
p 132 84 71.46225 -15.022614
p 131 83 70.674706 -13.170414
p 130 82 69.906845 -14.054272
p 129 81 69.096695 -14.939697
p 128 80 68.15146 -17.41634
p 127 79 67.400406 -16.674904
p 126 78 66.61253 -14.711033

c 50 16.988033
p 128 176 64.026146 -18.648796
p 129 177 63.104237 -17.992168
p 130 178 62.15423 -16.898895
p 131 179 61.36429 -16.714016
p 132 180 60.566425 -15.935875
p 133 181 59.798134 -14.154648
p 134 182 59.030544 -9.629005
p 135 183 58.31823 -8.377758
p 134 184 57.530567 -7.323044
p 133 185 56.8485 -6.688675
p 132 186 56.173206 -6.5421314
p 133 187 55.478413 4.24284
p 132 188 54.809944 3.7757645
p 133 189 54.245728 5.9966316
p 132 190 53.62019 6.7820396
p 133 191 53.052086 3.2249718
p 134 192 52.469505 2.6199112
p 135 193 51.8912 3.0882301
p 136 194 51.535744 0.20305824
p 136 195 51.043682 -0.06622696
p 136 196 50.734997 -0.10427475
p 136 197 50.479725 0.036491394
p 135 198 50.19219 0.064172745
p 134 199 49.92006 -0.07201958
p 134 200 49.64296 -0.087804794
p 133 201 49.341278 -0.23166656
p 132 202 49.104362 -0.03897667
p 132 203 48.809216 -0.2107544
p 131 204 48.62846 0.14740944
p 132 205 48.36175 -0.07895088
p 133 206 48.15804 -0.09724617
p 134 207 48.065598 0.015291214
p 133 208 47.965534 0.013008118
p 134 209 47.82695 -0.045772552
p 135 210 47.70376 -0.112838745
p 135 211 47.672577 -0.05318451
p 135 212 47.631134 -0.011976242
p 136 213 47.477623 -0.025753021
p 136 214 47.428284 -0.09271431
p 135 215 47.408035 -0.056894302
p 134 215 47.38709 -0.008653641
p 134 216 47.38709 0.018268585
p 133 217 47.37018 -0.032987595
p 133 218 47.311302 -0.0563488
p 132 219 47.267105 -0.03903389
p 132 220 47.22753 -0.06763458
p 132 221 47.171925 -0.10483742
p 131 222 47.171925 0.03686142
p 132 223 47.134968 -0.101638794
p 132 224 47.129772 -0.059238434
p 133 225 47.090015 -0.050193787
p 134 225 47.070683 -0.17920303
p 135 224 47.06819 -0.035915375
p 136 225 47.05578 -0.046499252
p 136 226 47.03917 0.033758163
p 137 227 47.038113 -0.030727386
p 137 228 47.038113 -0.07038689

c 51 42.560356
p 132 164 89.64346 -12.424091
p 133 165 87.836525 -12.640007
p 134 166 85.8345 -14.886486
p 135 167 84.88024 -14.419739
p 136 168 84.09504 -12.19492
p 137 169 82.84602 -2.1883736
p 138 170 81.759094 -4.813118
p 139 171 80.54017 -7.4503403
p 140 172 79.17713 -5.623287
p 141 173 77.331726 -6.5031815
p 142 174 74.87356 -3.1565933
p 141 175 72.1528 5.1499405
p 141 176 71.422424 -4.943474
p 140 177 65.17916 12.415821
p 141 178 64.397705 -8.167404
p 142 179 63.68442 -13.07431
p 143 180 63.09947 -13.015209
p 144 181 62.272026 -15.0576935
p 145 182 61.25601 -15.020523
p 146 183 60.6276 -12.596329
p 147 184 59.865726 2.062004
p 148 185 59.15176 -9.312382
p 147 186 58.465748 3.8572884
p 146 187 57.923035 -5.3039875
p 147 188 57.04646 1.1332016
p 146 189 56.41232 5.5965843
p 147 190 55.726284 7.654518
p 146 191 55.073895 8.133209
p 147 192 54.412148 7.5720787
p 148 193 53.761654 -0.0678978
p 147 194 53.203526 -0.4542675
p 148 195 52.635605 -0.6949959
p 149 196 52.08374 0.010890961
p 148 197 51.54239 -0.058639526
p 147 198 51.02585 0.018043518
p 148 199 50.516792 -0.0013580322
p 149 200 50.022633 0.051340103
p 148 201 49.57688 0.007951736
p 147 202 49.228985 -0.03705597
p 147 203 48.910736 0.0693531
p 148 204 48.55657 0.043405533
p 147 205 48.30152 -0.11787987
p 147 206 48.208447 0.016929626
p 146 207 48.06755 -0.10682678
p 145 208 47.93879 -0.02790451
p 145 209 47.86316 -0.093135834
p 144 210 47.775944 -0.07731247
p 143 211 47.706642 0.008077621
p 142 212 47.58888 -0.06772995
p 141 213 47.547436 0.07247734
p 140 214 47.449093 -0.06973648
p 141 215 47.437656 0.027360916
p 141 216 47.386654 0.009637833
p 142 217 47.363094 -0.14817429
p 142 218 47.32009 -0.017137527
p 143 219 47.314182 0.008554459
p 143 220 47.267654 0.07345581
p 143 221 47.211773 0.037900925
p 143 222 47.200127 0.016756058
p 142 223 47.152122 -0.015760422
p 143 224 47.11645 -0.06888962
p 143 225 47.083107 -0.040697098
p 144 226 47.083107 0.031194687

c 52 16.115364
p 133 59 50.561977 0.028245926
p 134 58 50.31103 0.031921387
p 134 57 50.062004 0.0356369
p 135 56 49.691196 0.06602669
p 135 55 49.414116 0.22738075
p 136 54 49.17125 0.06544113
p 137 53 48.844776 -0.04251671
p 137 52 48.801846 0.009635925
p 138 51 48.59266 -0.067588806
p 138 50 48.405186 -0.023571014
p 138 49 48.221607 0.01782608
p 137 48 48.093502 -0.041776657
p 138 47 47.96178 -0.039978027
p 138 46 47.819313 -0.15759468
p 139 45 47.819313 0.06876373
p 139 44 47.71375 -0.15901756
p 138 43 47.642574 -0.09339905
p 137 42 47.61235 -0.014621735
p 137 41 47.49738 -0.09201622
p 136 40 47.420216 -0.04981613
p 136 39 47.419605 -0.08671188
p 136 38 47.283115 -0.13547897
p 137 37 47.278133 0.013866425
p 136 36 47.278133 -0.08416748
p 135 35 47.220184 0.013549805
p 135 34 47.20033 0.09570694
p 136 33 47.17705 -0.044095993
p 136 32 47.153103 -0.088768005
p 135 31 47.13839 -0.036167145
p 136 30 47.07596 -0.013277054
p 136 29 47.07359 0.07327652
p 137 28 47.049683 0.0075531006
p 138 27 47.0105 -0.06260872
p 139 26 47.0105 0.0531559
p 140 27 46.988354 -0.10075188
p 141 26 46.96472 0.0073432922
p 142 26 46.96472 -0.029542923
p 143 27 47.01113 -0.032527924
p 144 27 47.01113 -0.056114197
p 145 28 47.0477 0.015508652
p 146 29 47.096863 -0.05193329
p 146 30 47.10315 -0.084220886
p 146 31 47.10315 -0.16704178
p 145 32 47.11537 0.005285263
p 146 33 47.16613 -0.09719658
p 147 34 47.18448 -0.03555107
p 147 35 47.18448 -0.034809113
p 148 36 47.22061 -0.040023804
p 147 37 47.299465 -0.009572983
p 148 38 47.385708 -0.055063248
p 148 39 47.42193 -0.13201141
p 147 40 47.510773 0.046497345
p 146 41 47.52345 -0.13674164
p 145 42 47.562717 -0.0014209747
p 146 43 47.639122 -0.11154175
p 147 44 47.729588 -0.026706696
p 146 45 47.85116 -0.032144547
p 145 46 47.89695 -0.10656929
p 146 47 48.02502 0.038017273
p 147 48 48.112904 0.0338459
p 148 49 48.281796 -0.08553696
p 148 50 48.3874 -0.020553589
p 148 51 48.496803 0.013101578
p 147 52 48.679638 0.09902382
p 148 53 48.925312 -0.078790665
p 148 54 49.087093 0.048971176
p 149 55 49.279327 -0.075452805
p 149 56 49.638367 0.058692932
p 150 57 49.896408 0.002117157
p 150 58 50.208855 0.013048172
p 149 59 50.50531 -0.103199005
p 149 60 50.88632 -0.014881134
p 148 61 51.24345 -0.052070618
p 147 62 51.77103 4.812372
p 146 63 52.203323 1.2508316
p 145 64 52.775536 -0.62908554
p 144 65 53.41453 0.7961769
p 143 66 54.01631 -1.4344978
p 144 67 54.74078 -1.5046902
p 143 68 55.407864 -1.5442467
p 144 69 56.064884 -8.799152
p 145 70 56.69611 -7.9150696
p 146 71 57.342728 -8.2049885
p 145 72 58.020542 -4.652111
p 144 73 58.83118 -6.4883766
p 145 74 59.519356 8.407322
p 144 75 60.255367 0.46529007
p 145 76 61.074566 9.586338
p 144 77 61.83853 -10.717358
p 143 78 63.080086 -16.813705

c 53 30.497032
p 134 86 73.644104 -12.097874
p 135 87 75.98601 -11.352306
p 136 88 78.673195 -11.316174
p 137 89 81.35515 -8.482235
p 138 90 83.56507 -7.200161
p 139 91 85.590065 -9.6301
p 140 92 87.76931 -8.810097
p 141 93 90.22736 -5.5005913
p 142 94 92.119774 -5.3389587
p 143 95 93.623985 -3.416645
p 144 96 95.45005 -0.32551956
p 143 97 97.567726 -2.407753
p 142 98 99.6462 -1.0617714
p 143 99 101.77705 -0.48202896
p 144 100 103.461266 -0.5471039
p 143 101 104.141136 -0.23322296

c 54 33.676804
p 144 159 93.6169 -5.1424828
p 145 160 89.74579 -12.003357
p 146 161 87.06987 -14.520912
p 147 162 83.669334 -17.47884
p 148 163 80.64956 -19.857357
p 149 164 76.91231 -14.900326
p 150 165 75.738525 -23.98196
p 151 166 74.77267 -20.318504
p 152 167 73.57361 -11.265373
p 151 168 72.537315 -17.445244
p 150 169 71.5935 -9.201519
p 151 170 70.76869 -16.96838
p 152 171 70.0474 -17.626339
p 153 172 69.345566 -17.328442
p 154 173 68.3789 -17.85653
p 155 174 67.50446 -19.5682
p 156 175 66.495964 -16.703114
p 157 176 65.858826 -7.6613045
p 156 177 64.96332 -14.486332
p 155 178 64.17913 -14.287708
p 154 179 63.330173 -16.021244
p 153 180 62.847816 -16.375504
p 152 181 62.01309 -10.8426895
p 151 182 61.33986 -11.6627655
p 150 183 60.664604 -12.91534
p 149 184 59.940094 -14.656471

c 55 2.61792
p 149 51 48.518642 -0.10531044
p 150 52 48.759186 -0.14185905
p 151 53 49.059174 -0.034235
p 151 54 49.240486 0.03209877
p 152 55 49.409164 -0.06552696
p 153 56 49.617794 -0.04255104
p 153 57 49.86168 -0.054294586
p 152 58 50.182755 0.083646774
p 151 59 50.498642 -0.037239075
p 150 60 50.779587 -0.043003082
p 151 61 51.136562 -0.15068817

c 56 1.427166
p 151 50 48.442886 -0.052362442
p 152 49 48.31695 -0.047826767
p 152 48 48.159843 -0.0696125
p 153 47 48.044018 -0.09361267
p 152 46 48.025146 -0.02593422
p 152 45 47.958958 -0.08245468
p 152 44 47.862587 -0.11187744
p 153 43 47.83123 -0.034202576
p 154 42 47.67284 -0.082429886
p 153 41 47.629574 -0.09174538
p 153 40 47.5837 -0.27846146
p 154 39 47.5837 0.02119255
p 155 38 47.48495 0.0522213
p 156 37 47.34311 -0.1618061
p 157 36 47.32984 -0.112155914
p 157 35 47.28379 -0.16871643
p 158 34 47.216602 -0.048114777
p 159 34 47.216602 -0.21448708
p 160 33 47.167988 -0.0250988
p 161 32 47.098755 -0.04246521
p 161 31 47.09228 -0.07859039
p 160 30 47.083725 0.030431747
p 161 29 47.065815 -0.04826927
p 162 28 47.01572 -0.031772614
p 162 27 47.01572 -0.031707764

c 57 56.151413
p 151 103 103.27161 -1.1308174
p 152 102 102.06204 -0.53494644
p 153 101 100.8313 -0.7063141
p 154 100 99.682144 -0.33628082
p 155 99 97.98211 -1.6220856
p 156 98 95.339806 -3.0572739
p 157 97 92.53235 -5.5452957
p 158 96 90.500984 -6.843292
p 159 95 88.62007 -8.423351
p 160 94 86.55428 -9.873627
p 161 93 84.47475 -10.666752
p 162 92 82.07888 -10.452557
p 163 91 79.703156 -13.651737
p 164 90 76.58222 -16.674873
p 165 89 73.54657 -11.642796
p 166 88 72.29273 0.18296051
p 167 87 71.52709 -8.869953
p 168 86 70.82355 -10.905037
p 169 85 70.10432 -7.314148
p 170 84 69.30809 -9.863541
p 171 83 68.608894 -6.302246
p 172 82 67.819595 -5.1181946
p 171 81 67.10989 -3.757286
p 170 80 66.48107 1.2945099
p 171 79 65.7784 3.3838959
p 170 78 65.06912 1.1947479
p 169 77 64.385 1.662056
p 168 76 63.73057 -9.774872
p 169 75 63.09463 6.437744
p 168 74 62.442703 -1.2005806
p 169 73 61.75068 0.4400444
p 168 72 61.019203 21.673843
p 169 71 60.278915 3.3926964
p 170 70 59.544643 1.5702019
p 171 69 58.81973 3.797615
p 170 68 58.102375 -3.9657955
p 171 67 57.351265 -0.17586899
p 170 66 56.46155 1.7031002
p 171 65 55.809025 4.099348
p 170 64 55.164078 7.5846844
p 171 63 54.530712 2.372055
p 170 62 53.912262 1.7270851
p 171 61 53.29614 -0.5641556
p 172 60 52.704334 -0.043186188
p 172 59 52.134075 0.04354477
p 172 58 51.57965 0.06982803
p 171 57 50.916893 -0.16161346
p 172 56 50.509804 0.050569534
p 171 55 50.045883 0.082099915
p 171 54 49.67445 -0.019557953
p 170 53 49.359016 0.03677559
p 171 52 48.99892 0.037488937
p 170 51 48.76356 0.05729103
p 171 50 48.5749 -0.08651352
p 171 49 48.412975 -0.007659912
p 170 48 48.149006 -0.0737133
p 171 47 48.065956 0.1015625
p 170 46 47.945755 -0.036893845
p 169 45 47.905502 -0.02042389
p 170 44 47.808826 -0.08995056
p 169 43 47.796623 0.026796341
p 170 42 47.661163 -0.103803635
p 171 41 47.587955 0.03951645
p 170 40 47.527164 0.049791336
p 169 39 47.419487 -0.11099434
p 169 38 47.393402 -0.06258583
p 168 37 47.355034 -0.15976715
p 167 36 47.314358 -0.04587555
p 167 35 47.252377 -0.026313782
p 166 34 47.190056 -0.00463295
p 167 33 47.148663 0.022644043
p 168 32 47.120193 0.039684296
p 168 33 47.120193 -0.02788353

c 58 0.664238
p 157 45 47.918205 -0.009857178
p 158 44 47.736755 -0.027355194
p 159 43 47.678894 -0.072172165
p 160 42 47.678894 -0.029121399
p 161 41 47.617905 -0.020898819
p 162 41 47.59947 -0.111795425
p 163 40 47.51482 0.05513382
p 164 39 47.43408 -0.09418678
p 164 38 47.385853 -0.16702461
p 164 37 47.331833 -0.12566757
p 165 36 47.331833 0.05849266
p 166 35 47.253967 0.048553467

c 59 0.3155594
p 157 217 47.328735 -0.105176926
p 158 218 47.319885 -0.013946533
p 157 219 47.278778 7.8201294E-4
p 157 220 47.21136 -0.07685089
p 157 221 47.185566 -0.038951874
p 158 222 47.185566 0.055976868
p 157 223 47.166138 0.03027916
p 158 224 47.155785 -0.01971054
p 158 225 47.147846 -0.05555725
p 159 226 47.095737 -0.023576736
p 158 227 47.04696 -0.051195145
p 157 228 47.013176 -0.059099197
p 157 227 47.013176 -0.013151169

c 60 1.2577057
p 157 217 47.328735 0.008144379
p 158 216 47.328735 -0.22185707
p 159 216 47.42351 0.029172897
p 160 215 47.42351 -0.02676773
p 160 214 47.472744 -0.15751457
p 159 213 47.53436 -0.0891819
p 160 212 47.600388 -0.12780762
p 160 211 47.699364 -0.29690552
p 160 210 47.727448 -0.09856033
p 160 209 47.773087 -0.037399292
p 160 208 47.795208 0.04439354
p 160 207 47.966137 0.024417877
p 161 206 48.116684 -0.06481171
p 161 205 48.328964 -0.008592606
p 162 204 48.49357 -0.025627136
p 163 203 48.58644 -0.090019226

c 61 3.1146545
p 159 194 50.366295 0.16079903
p 160 195 50.00778 -0.1344986
p 161 196 49.840378 -0.040369034
p 162 197 49.60724 0.07104492
p 163 198 49.402084 -0.043720245
p 164 199 49.22065 -0.11367035
p 165 200 49.08874 -0.007900238
p 166 201 48.802044 0.052280426
p 166 202 48.73722 -0.050598145
p 166 203 48.5288 -0.02982521
p 166 204 48.44096 -0.025197983
p 167 205 48.295593 0.009511948
p 168 206 48.096962 -0.056175232
p 169 206 48.06724 -0.0760479
p 170 207 47.964237 0.1228714
p 171 208 47.840717 0.055770874
p 171 209 47.77222 -0.024038315
p 172 210 47.678955 -0.065273285
p 172 211 47.622578 0.070201874
p 171 212 47.596928 0.030353546
p 172 213 47.572598 0.029155731
p 171 214 47.527287 -0.100011826
p 172 215 47.409477 -0.035848618
p 171 216 47.35737 -0.026952744
p 171 217 47.324856 -0.16027641
p 172 218 47.305367 0.049791336
p 172 219 47.28087 -0.08761406
p 173 219 47.28087 -0.08330536
p 174 220 47.25164 -0.08575249
p 175 220 47.25164 0.011650085
p 176 219 47.269535 -0.33416748
p 176 218 47.297188 -0.063690186

c 62 17.165588
p 162 101 90.10291 -4.96027
p 163 100 88.965866 -8.881542
p 164 99 88.0506 -8.097969
p 165 98 87.11626 -8.685127
p 166 97 86.232376 -9.308472
p 167 96 85.38479 -8.998863
p 168 95 84.45146 -3.4531403
p 169 95 84.08133 0.45025635
p 170 94 83.06891 -2.8705788
p 169 93 81.65832 -5.9902077
p 168 92 74.91723 -12.689575
p 167 91 74.2352 -9.459202
p 166 90 73.56444 12.465298
p 167 89 72.937325 4.7423897

c 63 22.469421
p 167 172 76.49961 -9.510059
p 168 171 77.54424 -13.989929
p 169 170 78.71687 -11.768078
p 170 169 79.966866 -10.277565
p 171 168 81.11277 -9.631226
p 172 167 82.165276 -9.046448
p 173 166 83.06962 -10.545414
p 174 165 83.80849 -0.05952835
p 173 164 85.1895 -12.94632
p 172 163 86.79289 -13.712521
p 171 162 88.82542 -11.315269
p 170 161 92.88863 -3.665207
p 171 160 95.02152 2.1164207
p 170 159 96.59876 -5.5448723
p 169 158 98.96903 -1.9103851

c 64 42.43035
p 169 205 48.323273 0.06499863
p 170 204 48.407814 -0.07888031
p 170 203 48.444897 -0.06047821
p 170 202 48.59593 -0.01824379
p 170 201 48.773754 -0.06053543
p 171 200 48.95476 0.08208275
p 170 199 49.131405 -0.14432907
p 170 198 49.547348 -0.03660965
p 171 197 49.801414 -0.08778572
p 171 196 50.00924 -0.06020546
p 171 195 50.24998 -0.1120491
p 172 194 50.500645 -0.20544243
p 173 193 50.792515 6.295376
p 174 193 51.225567 5.530899
p 175 192 51.787273 3.24012
p 176 191 52.949303 2.63241
p 176 190 53.553276 0.47112083
p 177 189 54.1848 -1.4407539
p 178 188 54.887943 -4.8532944
p 177 187 55.551357 6.741726
p 178 186 56.300423 -2.1672897
p 177 185 56.982243 -4.5015106
p 176 184 57.663994 -8.256481
p 177 183 58.815697 10.146309
p 176 182 59.49792 -6.125763
p 175 181 59.940372 -14.012352
p 174 180 60.442062 -12.83239
p 173 179 61.061863 -0.07387352
p 174 178 61.887226 -14.445961
p 175 177 62.772953 -21.013569
p 176 176 63.726048 -18.949589
p 177 175 64.56814 -18.024662
p 178 174 65.59169 -17.246166
p 179 173 67.006874 -3.7028656
p 178 172 79.08721 -5.7895164
p 177 171 86.535126 -5.552788
p 178 170 88.796616 -6.196308
p 179 169 90.753624 -9.207508

c 65 43.576237
p 171 68 58.632 0.6916847
p 172 69 59.60038 -3.706253
p 173 70 60.373 -5.368759
p 174 71 61.01959 -6.8620834
p 175 72 61.72624 -6.2194977
p 176 73 62.47835 -5.928982
p 177 74 63.287594 -7.8479004
p 178 75 64.00189 -7.0982857
p 177 76 64.96709 5.418026
p 178 77 65.870605 -7.5867996
p 179 78 66.87081 -6.9342346
p 180 79 67.84995 -6.08218
p 181 80 68.648155 -8.715477
p 180 81 69.52614 3.0924644
p 181 82 70.73132 -11.495392
p 182 83 71.70554 -10.544601
p 183 84 72.619774 -8.025024
p 182 85 73.60183 2.2630844
p 183 86 74.91532 -11.849667
p 184 87 76.15733 -10.643036
p 185 88 77.53401 -9.547844
p 186 89 79.08777 -8.5518265
p 187 90 83.162476 0.5734062
p 187 91 85.73906 -2.214695
p 188 92 89.55649 -7.6855087
p 189 93 91.956154 -7.696602
p 190 94 94.05651 -6.0390854
p 191 95 95.82393 -2.9853706
p 192 96 97.55636 -3.465805
p 193 97 99.97957 -0.4557762
p 193 98 101.1388 -0.35394287
p 194 99 102.20824 1.4725189

c 66 0.7468834
p 179 215 47.462246 -0.1061573
p 180 214 47.53252 -0.06380463
p 180 213 47.573895 -0.011083603
p 180 212 47.590256 -0.04391098
p 181 211 47.615993 -0.08406639
p 181 210 47.67343 -0.065963745
p 181 209 47.695995 -0.04263878
p 182 208 47.825653 -0.09062767
p 182 207 47.894836 0.026060104
p 181 206 48.007313 -0.04343033
p 181 205 48.16863 -0.16334915
p 181 204 48.20913 -0.03229332

c 67 42.840572
p 183 37 47.33231 -0.10656357
p 183 38 47.428185 -0.059526443
p 183 39 47.428185 -0.0844841
p 184 40 47.490444 -0.08865166
p 185 41 47.520622 -0.23331833
p 185 42 47.59252 -0.008998871
p 185 43 47.711395 -0.0157547
p 186 44 47.750416 -0.092508316
p 187 45 47.80809 0.017492294
p 188 46 47.913208 0.042604446
p 187 47 47.93513 -0.061279297
p 186 48 48.12099 -0.10655975
p 185 49 48.283825 -0.065382004
p 186 50 48.439903 0.032497406
p 186 51 48.740128 0.12991333
p 187 52 48.95277 -0.014925003
p 188 53 49.142494 -0.058746338
p 187 54 49.419468 -0.022888184
p 186 55 49.5661 -0.051397324
p 186 56 49.70769 -0.08426857
p 185 57 50.03866 -0.06865311
p 185 58 50.439667 0.062511444
p 184 59 50.685173 -0.076374054
p 183 60 51.196465 0.17735863
p 184 61 51.39636 -0.114990234
p 184 62 51.944233 5.447191
p 185 63 52.44353 6.8164845
p 186 64 52.9686 3.1569653
p 185 65 53.52379 -3.0541267
p 186 66 54.08425 -2.303671
p 187 67 54.738564 -6.272766
p 186 68 55.31762 3.0671654
p 187 69 55.97347 -5.7074165
p 188 70 56.66128 -5.908558
p 189 71 57.15492 -4.580309
p 188 72 57.759644 9.014069
p 189 73 58.610973 5.520855
p 188 74 59.194084 -3.7004051
p 187 75 59.77943 -6.069319
p 188 76 60.49804 6.203644
p 187 77 61.389374 -0.13544464
p 188 78 62.014908 -11.816242
p 189 79 62.707226 -11.398838
p 190 80 63.467396 -9.066097
p 189 81 64.26273 4.6315536
p 190 82 65.2856 -12.645367
p 191 83 66.03407 -15.866165
p 192 84 66.96366 -16.304375
p 193 85 68.68188 -15.804104
p 194 86 71.1143 -15.137234
p 195 87 74.849144 -3.9402695
p 195 88 88.19528 1.2367058
p 196 89 88.966446 -2.129261
p 197 90 90.17288 -3.6457367

c 68 6.9587135
p 187 189 54.372612 -5.469305
p 188 190 53.69037 5.452759
p 188 191 52.98591 4.7418537
p 189 192 51.837666 4.128414
p 190 193 51.299183 4.3405514
p 191 193 50.753872 2.9180927
p 192 194 50.48323 -0.10798454
p 193 195 50.222378 -0.16659164
p 194 196 49.995796 -0.03649521
p 194 197 49.782566 -0.046764374
p 195 198 49.51817 0.031757355
p 194 199 49.159435 -0.06990242
p 193 200 48.86389 0.05366707
p 194 201 48.640373 0.07260704
p 194 202 48.425144 -0.04855919
p 194 203 48.324944 -0.049102783
p 195 204 48.250618 0.064676285
p 194 205 48.17174 0.027952194
p 195 206 48.039402 0.03772545
p 195 207 47.98228 -0.036949158
p 194 208 47.93566 0.047166824
p 194 209 47.86437 0.012962341
p 195 210 47.76302 0.04415512
p 196 211 47.70248 -0.018167496
p 196 212 47.664562 -0.029676437
p 197 213 47.62412 -0.009140015
p 197 214 47.616577 -0.04291153
p 196 215 47.572254 0.14253044
p 195 216 47.4139 -0.161726
p 196 217 47.4139 0.02828598

c 69 38.662952
p 196 172 85.864075 -2.986679
p 197 173 85.00333 -5.3987083
p 198 174 83.579384 -0.64873886
p 199 174 73.28765 -10.89426
p 200 175 70.40111 -12.823589
p 201 176 68.616394 -10.420612
p 202 177 66.67173 -7.9720154
p 203 178 63.146656 -8.293095
p 202 179 61.672306 4.897995
p 203 180 60.61664 -11.125347
p 204 181 59.85069 -15.1179085
p 205 182 59.14712 -15.055714
p 206 183 58.44174 -11.909889
p 207 184 57.77958 -3.977993
p 208 185 57.145073 -10.137463
p 209 186 56.55743 -4.953865
p 210 187 55.703274 -9.882713
p 209 188 54.58495 -8.015007
p 208 189 54.0318 -4.954672
p 209 190 53.332706 -0.18340874
p 210 191 52.660282 0.038124084
p 209 192 52.005775 4.552368
p 208 193 51.410233 -0.058689117
p 209 194 50.924465 -0.047021866
p 210 195 50.31409 -0.103450775
p 211 196 49.879898 0.06624794
p 210 197 49.642647 -0.016321182
p 209 198 49.344997 -0.06602287
p 208 199 49.136635 0.093229294
p 208 200 48.763626 -0.1196785
p 208 201 48.714596 0.106206894
p 207 202 48.561954 0.035346985
p 207 203 48.45354 0.08772278
p 206 204 48.306488 0.086257935
p 205 205 48.12852 -0.016080856
p 205 206 48.06393 -0.031143188
p 205 207 48.01846 0.091114044
p 204 208 47.922535 0.030529022
p 203 209 47.8522 0.06030464
p 202 210 47.80686 -0.0022411346
p 202 211 47.766895 -0.06665802
p 203 212 47.70867 0.008882523
p 203 213 47.633892 -0.040348053
p 203 214 47.599747 -0.08106232
p 202 215 47.588753 0.10348511
p 201 216 47.45942 -0.0376606
p 200 217 47.45942 -0.04974556
p 199 217 47.43989 -0.039009094
p 198 218 47.430054 -0.18520737
p 197 219 47.36824 -0.043613434
p 198 220 47.304363 -0.018472672
p 199 221 47.226242 -0.028022766
p 200 222 47.201122 0.00876236
p 201 222 47.201122 -0.07222366

c 70 15.095795
p 196 172 85.864075 0.4545822
p 197 171 86.77359 -6.721939
p 198 170 90.67613 -2.419365
p 199 169 92.11353 -0.85824966
p 200 168 93.42444 -2.432602
p 201 167 94.51118 -3.1506195
p 202 166 95.73578 -1.3005142
p 201 165 96.48924 -2.3601875
p 200 164 99.36908 -0.065727234
p 199 164 100.01154 -0.88881683
p 198 163 100.95987 -1.5240898

c 71 46.307373
p 199 31 47.19818 -0.068185806
p 200 31 47.19818 -0.008075714
p 201 32 47.198547 -0.031093597
p 201 33 47.214657 -0.07131004
p 201 34 47.25034 -0.06872368
p 202 35 47.28076 -0.06492996
p 202 36 47.33796 0.020698547
p 201 37 47.345078 0.05338669
p 202 38 47.41817 -0.043718338
p 203 39 47.51401 -0.040014267
p 204 40 47.592186 -0.07887268
p 204 41 47.592186 -0.057073593
p 204 42 47.72225 0.013498306
p 203 43 47.748783 -0.014562607
p 204 44 47.83047 -0.17505455
p 205 45 47.93269 -0.20745468
p 206 46 47.972565 -0.039239883
p 205 47 48.015327 0.03555298
p 206 48 48.09573 0.053281784
p 205 49 48.21935 -0.04758644
p 204 50 48.36138 -0.24307251
p 203 51 48.586304 0.05499649
p 204 52 48.727596 -0.1646061
p 204 53 48.731396 -0.12026405
p 204 54 48.99242 -0.049898148
p 204 55 49.184456 -0.11847305
p 205 56 49.307022 -0.1088562
p 206 57 49.56522 -0.010976791
p 207 58 49.715378 0.1342411
p 208 59 49.80132 0.030435562
p 209 60 49.97062 0.003862381
p 210 61 50.142036 0.08492279
p 211 61 50.287544 0.054311752
p 212 61 50.66733 -0.20789146
p 213 62 51.074047 0.2683792
p 214 61 51.74187 0.21099281
p 215 62 52.341667 5.5050545
p 216 63 52.934074 4.2704506
p 217 64 53.57488 4.845318
p 216 65 54.19747 1.2356987
p 215 66 54.82559 -5.1898975
p 216 67 55.47247 -2.6691208
p 215 68 56.14162 6.6922913
p 216 69 56.992855 -7.264744
p 217 70 57.721325 -5.0560455
p 218 71 58.746178 0.32660866
p 217 72 59.709373 3.6254234
p 218 73 60.584232 2.5075874
p 217 74 61.418133 -5.285839
p 218 75 62.252155 1.8049088
p 217 76 63.227806 3.448082
p 218 77 64.143715 -12.824539
p 219 78 64.977486 -19.90438
p 220 79 65.985855 -17.501118
p 221 80 67.06849 -8.567429
p 220 81 67.9824 -16.615307
p 219 82 68.973404 -18.566666
p 218 83 70.135 -16.786808
p 217 84 71.44425 -16.39251
p 216 85 73.20187 -14.769787
p 215 86 75.25896 -13.534355
p 214 87 77.713264 -11.665451
p 213 88 81.89086 -7.9550514
p 212 89 88.55249 -4.079071
p 211 90 91.86484 -2.1534615
p 210 91 93.505554 -1.8858986

c 72 2.2913933
p 200 225 47.154015 -0.06126213
p 201 224 47.154015 -0.10913277
p 202 224 47.166767 -0.07656288
p 203 223 47.166767 -0.13623047
p 204 223 47.167793 -0.04852295
p 205 224 47.17982 0.09038544
p 206 223 47.208572 -0.07437706
p 206 222 47.208572 -0.016534805
p 207 221 47.236847 -0.022277832
p 208 220 47.28124 -0.06404686
p 208 219 47.31363 -0.050935745
p 209 218 47.37187 -0.027572632
p 210 217 47.395607 -0.020647049
p 211 217 47.44286 0.07417679
p 212 216 47.44286 -0.04650688
p 213 216 47.48535 1.7738342E-4
p 214 215 47.570095 -0.15708351
p 215 215 47.570095 -0.1552887
p 216 214 47.622944 -0.04981041
p 217 213 47.767036 -0.07529068
p 217 212 47.79446 0.0065670013
p 217 211 47.941128 0.032133102
p 218 210 48.092197 0.08934021
p 219 209 48.141987 -0.20170784
p 219 208 48.218536 0.05237198
p 219 207 48.292725 -0.02038765
p 220 206 48.346214 -0.014957428
p 219 205 48.413563 0.0011787415
p 220 204 48.51988 0.050668716
p 220 203 48.71968 0.11631966
p 221 202 48.838165 -0.06238556
p 221 201 48.904076 -0.11058426
p 221 200 49.07499 -0.17232513
p 221 199 49.199577 -0.1307106
p 222 198 49.30887 -0.023614883
p 223 197 49.415565 0.011184692
p 222 196 49.445408 -0.07126999

c 73 0.93429565
p 203 27 47.080746 -0.12114525
p 204 27 47.080746 -0.020757675
p 205 28 47.099983 0.017217636
p 205 29 47.124264 -0.023956299
p 205 30 47.124264 -0.037721634
p 205 31 47.13086 -0.029291153
p 206 32 47.172108 -0.003206253
p 205 33 47.236965 -0.06979942
p 204 34 47.30999 -0.05709648
p 204 35 47.30999 -0.08515358
p 205 36 47.31106 -0.030771255
p 206 37 47.333862 0.026193619
p 207 38 47.40619 -0.080532074
p 208 39 47.476574 -0.01020813
p 209 40 47.61109 0.042938232
p 210 41 47.61109 -0.12738419
p 209 42 47.742626 0.14251518
p 210 43 47.770622 0.09449959
p 211 44 47.796505 -0.030975342
p 211 45 47.941917 0.076221466
p 212 46 48.01504 -0.011962891

c 74 16.78875
p 203 82 73.56483 -4.3537483
p 204 81 67.60625 -12.397652
p 205 80 66.18438 -12.841927
p 206 79 65.0589 -13.451546
p 207 78 64.02373 -13.754726
p 208 77 62.729076 -13.621269
p 209 76 61.881344 -9.336273
p 210 75 60.964966 -6.2505436
p 209 74 60.265205 0.66129684
p 210 73 59.561478 -14.4143715
p 211 72 58.89606 -17.63813
p 212 71 58.391617 -17.615654
p 213 70 57.56122 -12.324036
p 214 69 56.776077 -8.212547

c 75 49.92704
p 203 159 97.12675 -4.3296356
p 204 160 95.41284 -6.8351364
p 205 161 93.15748 -7.1698265
p 206 162 91.870186 -8.480526
p 207 163 90.8531 -6.3972397
p 208 164 89.63556 -5.6102676
p 209 165 88.075165 -6.320896
p 210 166 87.390274 -7.2918663
p 211 167 86.28032 -7.4438972
p 212 168 85.467026 -5.512821
p 213 169 84.72276 -4.263401
p 214 168 83.91192 2.6412163
p 215 169 83.35019 -5.1771317
p 216 170 82.50003 -5.4065514
p 217 171 81.962234 -5.7515297
p 218 172 81.24533 -6.6746025
p 219 173 80.565125 -7.074173
p 220 174 79.799385 -5.3544884
p 221 175 79.03712 -4.4701347
p 222 176 78.41332 -3.503193
p 223 177 77.66026 -3.3260117
p 224 178 77.07121 -0.6540146
p 225 179 76.25083 -2.2195854
p 226 178 75.60613 0.542572
p 227 179 75.0709 -1.046421
p 228 180 74.56882 0.41052628
p 229 181 73.959465 -0.32182312
p 230 182 73.47215 0.0818634
p 231 183 72.81427 -1.3947296
p 232 184 72.23966 -0.22527313
p 233 185 71.74927 -1.969902
p 234 184 71.20475 6.0774117
p 235 185 70.641426 0.5674286
p 236 186 70.128105 -3.1594734
p 237 185 69.59171 9.059917
p 238 186 69.03453 0.66502
p 239 185 68.42268 7.6645546
p 240 186 67.87905 1.1684723
p 241 185 67.33194 4.8565025
p 242 186 66.75722 -0.8575859
p 243 185 66.139175 1.2546005
p 244 184 65.50598 0.97994614
p 245 183 64.848976 0.49838257
p 246 182 64.14101 1.7197227
p 247 183 63.54106 1.2053299
p 248 184 62.93577 4.7929497
p 249 185 62.340477 1.1191978
p 250 184 61.769016 2.981968
p 251 185 61.181255 7.9990234
p 252 186 60.504963 8.37608
p 253 187 59.829838 17.789288
p 254 188 59.316677 0.16196442
p 253 189 58.10679 12.33675
p 254 190 57.527046 7.8172836
p 253 191 56.950523 4.402952
p 252 192 56.379883 6.680174
p 251 193 55.816586 5.154558
p 250 194 55.263935 -0.2601986
p 249 195 54.725643 -0.1578865
p 248 196 54.184963 4.4059753E-4
p 249 197 53.648582 -0.36410332
p 248 198 53.119827 -0.4556179
p 247 199 52.598495 -0.49617767
p 246 200 52.081276 -0.044389725
p 247 201 51.59204 0.020336151
p 246 202 51.144928 0.026050568
p 245 203 50.71377 0.015928268
p 246 204 50.254078 -0.054367065
p 245 205 49.87244 0.032503128
p 244 206 49.469524 -0.07969093
p 243 207 49.1443 0.06411934
p 244 208 48.79603 0.036481857
p 243 209 48.54417 0.14809418
p 244 210 48.248455 -0.0010948181
p 245 211 48.109776 -0.025014877
p 245 212 48.062023 0.022548676
p 244 213 47.91881 -0.13225937
p 243 214 47.795105 -0.038553238
p 242 215 47.726353 -0.023414612
p 241 216 47.58456 -0.069459915
p 241 217 47.577953 0.030944824
p 240 218 47.49375 0.03157425
p 241 219 47.370636 -0.058664322
p 242 220 47.2365 -0.08363533
p 243 221 47.199707 -0.085035324
p 244 222 47.199707 -0.17374611

c 76 39.943924
p 205 149 104.67821 -0.68562317
p 206 150 104.05254 0.45978165
p 207 150 103.49118 0.14733887
p 208 151 101.77635 0.00434494
p 209 152 100.182945 0.8938942
p 210 152 99.25185 0.42993164
p 211 152 96.4735 0.44480515
p 212 153 93.0436 -2.5757484
p 213 153 91.93904 -3.8115501
p 214 154 84.96773 -8.189297
p 215 155 84.16328 -8.342094
p 216 156 83.40661 -7.043392
p 217 157 82.549194 -7.130501
p 218 158 81.85652 -4.983738
p 219 159 81.01287 -3.3151817
p 218 160 80.40271 1.1856804
p 219 161 79.7945 -3.5592194
p 220 162 79.19692 -3.254715
p 221 163 78.606834 -2.3139763
p 222 164 77.95649 -2.0092583
p 223 165 77.29781 -3.2566223
p 224 166 76.72394 -4.3583336
p 225 167 76.146454 -3.0983772
p 226 168 75.59558 -7.397751
p 227 169 75.107765 -7.5282936
p 228 170 74.40907 -8.251274
p 229 171 73.86816 -5.034252
p 230 172 73.39218 -0.43327713
p 231 173 72.67556 -2.5210419
p 232 172 72.136284 -0.76280594
p 233 173 71.594086 2.689869
p 234 172 71.01267 5.607666
p 235 173 70.39554 3.2660065
p 236 174 69.87341 3.0840683
p 237 175 69.33149 3.7106094
p 238 176 68.79887 2.522419
p 239 177 68.22778 1.7689285
p 240 178 67.786476 -3.3887138
p 241 177 67.198975 8.718208
p 242 178 66.60942 3.4720917
p 243 179 65.97354 0.77134705
p 244 180 65.4047 -0.016345978
p 245 181 64.73428 1.1765099

c 77 57.825287
p 214 109 104.83513 -0.44734192
p 215 108 103.55834 -1.6284027
p 216 107 102.35136 -1.6868248
p 217 106 101.34356 -0.07562256
p 218 105 98.18702 1.3897209
p 219 105 97.13786 1.149231
p 220 104 93.838196 -3.71838
p 221 103 92.478065 -3.862915
p 222 102 91.550285 -5.469406
p 223 101 90.173294 -4.61578
p 224 100 88.56442 -4.0999336
p 225 99 86.944756 -5.4126396
p 226 98 85.58706 -4.5234337
p 227 97 84.201004 -4.457531
p 228 96 83.50266 -3.1880836
p 227 95 82.265015 0.8254013
p 228 94 81.5315 -4.852268
p 229 93 80.852196 -2.661911
p 230 92 80.17678 -3.5468674
p 231 93 79.459145 3.0045128
p 232 92 78.88257 -1.1542969
p 233 91 78.34149 -0.5677414
p 234 90 77.786064 0.9794655
p 235 89 77.18863 1.5767708
p 236 88 76.523735 1.197792
p 237 87 75.96197 1.4685287
p 238 86 75.396194 -0.4956932
p 239 85 74.65024 -0.88155746
p 240 84 74.167564 -1.2284966
p 241 83 73.3921 -2.3844109
p 242 82 72.76284 -2.7280884
p 243 81 72.0546 -4.6222954
p 244 80 71.29934 -6.1780586
p 245 79 70.47582 -4.83313
p 246 78 69.57529 -1.5823784
p 247 79 68.5584 3.1876564
p 248 78 67.38205 5.1833115
p 249 79 66.220856 4.661743
p 250 78 65.61398 7.5635567
p 251 77 64.99286 2.875843
p 252 76 64.67831 1.5265503
p 253 75 64.390625 4.7031784
p 252 74 64.11257 9.539211
p 252 73 64.01526 3.4394798
p 251 72 58.873352 -2.510355
p 252 71 58.38373 2.3932686
p 253 70 57.893085 3.6413765
p 254 69 57.19031 -0.21212769
p 253 68 56.774414 16.176754
p 254 67 56.117157 12.891968
p 253 66 55.59623 14.241722
p 254 65 55.080357 18.350132
p 253 64 54.538754 18.30041
p 254 63 54.090157 6.474716
p 253 62 53.61074 24.137615
p 254 61 53.155632 -0.26138687
p 255 60 52.68395 -0.01657486
p 254 59 52.237408 0.06275177
p 253 58 51.716457 0.17428398
p 252 57 51.32037 -0.06355286
p 251 56 50.800068 -0.069610596
p 252 55 50.42184 0.02316475
p 251 54 50.101288 -0.03791809
p 251 53 49.753307 -0.03655815
p 252 52 49.420994 -0.0933609
p 253 51 49.129555 0.041891098
p 253 50 48.795963 -0.15610123
p 254 49 48.618584 0.064014435
p 254 48 48.38859 0.025604248
p 254 47 48.244225 -0.15218735
p 254 46 48.1096 -0.038311005
p 255 45 47.88617 -0.08508301
p 255 44 47.88409 0.068359375
p 254 43 47.806526 -0.008831024
p 254 42 47.732628 0.008911133
p 253 41 47.64532 0.07717514
p 254 40 47.61579 -0.100673676
p 255 39 47.56253 -0.0026054382
p 255 38 47.489906 -0.18344498
p 255 37 47.483505 -0.14251328
p 254 36 47.420982 0.064006805
p 253 35 47.40635 -0.07608032
p 252 35 47.347294 -0.052877426
p 251 34 47.342533 -0.062057495
p 250 33 47.327072 0.031585693
p 250 32 47.257366 -0.058530807
p 250 31 47.24435 -0.054872513
p 250 30 47.220547 -0.14117241
p 249 29 47.2118 0.029708862
p 250 28 47.20875 -0.028549194
p 251 27 47.148968 -0.018289566
p 251 26 47.148968 -0.003850937
p 250 25 47.13641 -0.06334114
p 251 24 47.10706 -0.12804985
p 252 23 47.059418 -0.108602524
p 253 22 47.009842 0.039945602
p 253 21 47.009842 0.024662018

c 78 29.668144
p 214 145 101.220314 -2.3121986
p 215 146 97.73862 -5.393673
p 216 147 95.650276 -5.812195
p 217 148 93.793465 -5.6930237
p 218 149 92.50951 -5.7679977
p 219 150 91.73792 -4.860607
p 220 151 90.82751 -3.670948
p 221 152 90.03668 -4.073635
p 222 153 89.41594 -4.2048264
p 223 154 88.80691 -1.0634346
p 224 153 88.05918 4.8357315
p 225 154 87.13437 2.146614
p 226 155 85.988045 -0.41537857
p 227 156 84.86087 -2.3282928
p 227 157 84.636604 -0.6039314
p 228 158 79.26934 -5.7911263
p 229 159 78.596825 -5.8709564
p 230 160 77.88251 -7.086891
p 231 161 77.16858 -9.282204
p 232 162 76.53459 -14.094826
p 233 163 75.796265 -13.61676
p 234 164 75.07162 -4.8062897
p 233 165 74.44177 1.4294624
p 234 166 73.87486 2.7650986
p 233 167 73.376366 15.694435
p 234 168 73.06417 -2.3321953
p 235 169 72.4126 -5.21743
p 236 170 71.976074 -3.894146
p 235 171 71.55217 -3.6697655

c 79 33.704144
p 215 97 93.14666 -9.2567215
p 216 96 91.44357 -9.911236
p 217 95 89.86179 -9.938755
p 218 94 88.67124 -9.2948
p 219 93 87.6714 -8.406403
p 220 92 86.89196 -8.675644
p 221 91 86.29262 -7.849285
p 222 90 85.577774 -5.962986
p 223 89 85.002914 -5.270851
p 224 88 84.23881 -4.7433777
p 225 87 83.426834 -4.6183243
p 226 86 82.634735 -3.669487
p 227 85 81.88915 -2.8578682
p 228 84 80.94106 -1.8455696
p 229 83 80.100235 -0.883091
p 230 82 79.61222 -0.7341881
p 231 81 78.53392 -2.112194
p 232 82 77.72028 7.2971954
p 233 81 76.86678 5.3837624
p 234 80 75.898224 1.2941666
p 235 79 75.27833 0.22681046
p 236 78 75.15329 1.0303345
p 237 78 75.15329 3.1691132
p 238 77 69.19791 -2.7328339
p 239 76 68.34493 -3.0933075
p 240 75 67.38615 -1.942791
p 241 74 67.100426 -0.16619873
p 242 73 64.44386 0.27628708
p 243 72 63.742134 4.946621
p 244 72 63.26337 9.913067
p 245 72 62.493683 0.3171463
p 246 71 61.922226 -3.179657
p 247 70 61.307693 -4.642929
p 248 69 60.9233 -9.876606
p 249 70 59.96507 -8.330036
p 250 71 59.442516 -5.103737

c 80 0.3573799
p 216 229 47.018578 -0.08776283
p 217 228 47.076077 -0.15503502
p 218 227 47.10646 -0.05234146
p 219 226 47.12747 -0.031116486
p 219 225 47.153297 -0.029363632
p 219 224 47.153297 -0.036657333
p 219 223 47.177986 0.007490158
p 219 222 47.213074 -0.0428257
p 218 221 47.334824 0.06734848
p 219 220 47.375957 -0.025339127
p 220 219 47.375957 0.055700302

c 81 2.047245
p 221 43 47.82195 0.030715942
p 221 44 47.93195 -0.07362938
p 221 45 48.015797 -0.01556778
p 221 46 48.115677 -0.04543686
p 221 47 48.189728 0.0059280396
p 222 48 48.32101 -0.049541473
p 222 49 48.46148 0.01584053
p 223 50 48.56863 0.0060749054
p 224 51 48.727703 -0.08080101
p 225 52 48.88804 -0.11216354
p 225 53 49.053722 -0.09022713
p 224 54 49.13408 -0.016820908
p 225 55 49.280563 -0.06442261
p 226 56 49.51359 -0.026647568
p 227 57 49.613194 0.026100159
p 228 58 49.712208 -0.078125
p 227 59 49.869194 0.03570175

c 82 31.406502
p 223 110 100.089645 -1.3635521
p 224 109 97.96581 -5.75082
p 225 108 97.00525 -3.028881
p 226 107 96.00618 -0.30208588
p 227 107 91.09352 -5.031292
p 228 106 89.231415 -6.7471733
p 229 105 88.160126 -7.7452507
p 230 104 86.9122 -5.886898
p 231 103 85.59082 -6.0634766
p 232 102 84.40692 -6.1134796
p 233 101 83.41583 -5.81641
p 234 100 82.61068 -5.683796
p 235 99 81.83857 -5.170498
p 236 98 81.31933 -5.255356
p 237 97 80.45047 -5.2087555
p 238 96 79.66606 -6.043789
p 239 95 79.08069 -6.4066734
p 240 94 78.59397 -6.629509
p 241 93 78.20103 -5.684967
p 242 92 77.68723 0.9478111
p 243 92 77.74197 2.9680824
p 244 91 77.15019 4.2759056
p 245 90 76.6323 6.010906
p 246 89 76.07757 4.889374
p 247 88 75.542145 5.1912804
p 247 87 74.985275 3.5210915
p 248 86 74.44835 4.202816
p 249 85 73.9576 3.8093796
p 248 84 73.2843 1.7493248
p 248 83 72.77291 -3.8377495
p 249 82 71.37589 -2.580696
p 250 81 70.23828 6.9468384
p 250 80 68.68314 4.85693

c 83 0.56777954
p 224 218 47.424892 -0.09269714
p 225 219 47.424892 0.02120781
p 226 220 47.388546 -0.049316406
p 227 221 47.293686 -0.028930664
p 227 222 47.283344 -0.16682816
p 226 223 47.199314 -0.029878616
p 227 224 47.14375 0.017808914
p 226 225 47.135582 0.1216774
p 227 226 47.07918 -0.016340256
p 227 227 47.077793 -0.001121521
p 227 228 47.07086 -0.04540634
p 227 229 47.07086 -0.09025955
p 227 230 47.013103 -0.08282089
p 227 231 47.010418 -0.10630798
p 228 232 47.001175 -0.03277397
p 227 233 46.95575 -0.0053958893
p 227 234 46.95575 0.0044517517
p 227 235 46.953457 2.5177002E-4
p 228 236 46.9347 -0.09581375
p 229 236 46.929497 -0.15065575
p 230 237 46.920822 -0.010242462
p 231 237 46.920822 -0.028665543
p 232 238 46.885162 -0.09452438
p 233 239 46.882904 -0.036989212
p 232 240 46.882904 0.0565567
p 233 241 46.867085 -0.069366455
p 234 241 46.867085 -0.055763245
p 235 241 46.857113 -0.018930435
p 236 240 46.857113 -0.039411545

c 84 1.8613892
p 224 218 47.424892 -0.047397614
p 225 218 47.463425 -0.035640717
p 226 217 47.550117 -0.022129059
p 225 216 47.608433 -0.068473816
p 225 215 47.608433 -0.030796051
p 225 214 47.659504 -0.018465042
p 225 213 47.75078 -0.101177216
p 225 212 47.90747 0.02484703
p 226 211 48.04407 -0.022907257
p 225 210 48.188087 0.020168304
p 226 209 48.32922 -0.07504082
p 227 208 48.417942 -0.11882019
p 228 207 48.5407 0.04765129
p 227 206 48.63778 0.08787727
p 228 205 48.757946 0.04540634
p 229 204 48.91786 0.006729126
p 230 203 49.09573 0.008010864
p 231 202 49.12706 -0.015346527
p 232 201 49.28628 0.058279037

c 85 2.657753
p 225 28 47.18737 -0.03655815
p 226 29 47.210094 -0.05388069
p 227 30 47.23792 -0.07134628
p 227 31 47.268124 0.015377045
p 226 32 47.268124 -0.03270912
p 227 33 47.315613 -0.019134521
p 228 34 47.335545 -0.021089554
p 228 35 47.444008 -0.17695999
p 228 36 47.482937 -0.090969086
p 227 37 47.520386 -0.04425621
p 228 38 47.58864 0.031009674
p 227 39 47.64659 -0.050678253
p 228 40 47.66521 -0.06722069
p 229 41 47.760403 0.078920364
p 228 42 47.781532 0.072654724
p 227 43 47.815407 -0.09884071
p 227 44 47.936306 -0.034618378
p 228 45 48.045578 -0.05680275
p 229 46 48.180805 0.024061203
p 230 47 48.379227 -0.09012985
p 230 48 48.4179 -0.061548233
p 231 49 48.616398 0.038597107
p 230 50 48.83972 0.03240776
p 229 51 48.949406 -0.11418724
p 230 52 49.054493 -0.050258636
p 231 53 49.301224 0.0031909943
p 232 54 49.48062 -0.050777435
p 233 55 49.667686 -0.027832031
p 234 56 49.760506 -0.108623505
p 235 57 49.845123 -0.010316849

c 86 42.63558
p 225 142 102.36413 -2.26857
p 226 143 101.1013 -1.2629738
p 227 144 100.05908 -2.5906906
p 228 145 98.594124 -4.053791
p 229 146 97.33226 -2.7093086
p 230 147 96.02377 -2.986824
p 231 148 93.98569 -3.7260132
p 232 149 91.999886 -1.6971703
p 231 150 89.915085 2.1044006
p 232 151 88.05335 1.1687698
p 231 152 86.323235 -0.5205345
p 232 153 85.13236 -4.081791
p 233 154 84.31391 -4.875126
p 234 155 83.44859 -4.3557205
p 235 156 82.53601 -2.2280197
p 236 157 81.214554 -4.4819336
p 235 158 80.17992 0.9075241
p 236 159 79.0889 -1.1012802
p 235 160 78.12808 -4.469486
p 236 161 77.3083 -11.755665
p 237 162 76.69004 -10.430256
p 238 163 76.00041 -7.163006
p 239 164 74.56236 -5.1041603
p 240 165 73.9288 -2.2558975
p 241 166 73.33242 -0.14114761
p 242 167 72.785736 2.4933014
p 243 168 72.283844 -0.45311356
p 242 169 71.74421 4.22789
p 243 170 71.133934 0.3543434
p 244 171 70.46927 -4.4872627
p 245 172 69.776436 -7.5077515
p 246 173 69.05143 -11.954311
p 247 174 68.37765 -11.402458
p 248 175 67.7374 -8.492046
p 249 176 67.108734 -5.0528984
p 250 177 66.43008 -4.437626
p 251 178 65.821465 -3.3563576
p 252 179 65.21631 -1.0318298
p 253 180 64.54403 -0.9936714
p 254 181 63.738426 -0.13332367
p 253 182 63.05777 3.34515
p 252 183 62.40587 -0.029987335
p 251 184 61.76941 3.9360123
p 252 185 61.116627 8.947182
p 253 186 60.430668 11.946735
p 254 187 59.72855 5.4073296

c 87 1.097374
p 233 228 47.027153 -0.006046295
p 234 227 47.078068 -0.19269943
p 235 227 47.078068 -0.17988968
p 236 226 47.12724 -0.16535568
p 237 225 47.13186 0.023771286
p 238 226 47.13186 -0.018087387
p 239 225 47.13832 -0.118953705
p 239 224 47.13903 0.005619049
p 240 223 47.198605 -0.083999634
p 240 222 47.226444 -0.11735916
p 239 221 47.257133 -0.07615852
p 238 220 47.31652 -0.09069824
p 237 219 47.36252 -0.03754425
p 236 218 47.41642 0.0010204315
p 235 217 47.49124 -0.008485794
p 234 216 47.58682 -0.062942505
p 234 215 47.686756 0.035583496
p 235 214 47.722134 -0.13265228
p 236 213 47.858334 0.13015747
p 235 212 48.02238 0.021591187
p 234 211 48.124527 -0.17540741

c 88 15.908035
p 237 106 94.286674 -4.014164
p 238 105 93.129196 -3.921936
p 239 104 91.890335 -3.2389336
p 240 103 90.7253 -1.6715088
p 241 102 89.40626 -0.47314072
p 242 101 88.074394 -1.1844063
p 243 100 86.91875 -0.6248779
p 244 99 85.46346 -0.60025406
p 245 98 83.455696 -0.47405624
p 246 97 80.98473 -2.830471
p 245 96 80.34538 -1.1025543
p 244 95 79.69102 -4.4639664
p 245 94 79.032295 1.6360207
p 244 93 78.37864 -1.9756126

c 89 0.88840485
p 242 30 47.216843 -0.025003433
p 242 31 47.216843 -0.07755852
p 243 32 47.23219 -0.008199692
p 243 33 47.306114 0.06735802
p 244 34 47.418907 0.15402412
p 245 35 47.42262 0.0036964417
p 245 36 47.426132 -0.008407593
p 244 37 47.52167 -0.12259102
p 243 38 47.59499 -0.016609192
p 244 39 47.66355 -0.054336548
p 244 40 47.676723 -0.048395157
p 244 41 47.73419 -0.051834106
p 244 42 47.800674 -0.0060367584
p 243 43 47.839394 0.035398483
p 243 44 48.10139 -0.12389755
p 243 45 48.105247 -0.049678802

c 90 12.339935
p 242 103 90.70541 -2.5882988
p 243 104 91.66387 -5.2295647
p 244 105 92.54142 -5.481434
p 245 106 93.39248 -6.5112267
p 246 107 94.37275 -2.6322365
p 245 108 95.03842 2.8010254
p 246 109 96.34983 2.2260513
p 245 110 98.51817 -0.13279724
p 245 111 98.83497 -0.6490402
p 244 112 99.84988 -0.43657684
p 243 113 100.90751 -0.096710205
p 242 114 101.83822 -0.5806351
p 243 115 103.04534 0.17085648

c 91 33.178078
p 242 142 100.823204 0.037708282
p 243 143 97.52559 -4.548584
p 242 144 95.82456 -1.186573
p 243 145 92.985756 -4.341072
p 244 146 89.098404 1.3551178
p 244 147 88.23257 7.610363
p 245 148 85.57561 -3.6191444
p 246 149 84.89624 -2.863205
p 247 150 84.019104 -7.061695
p 248 151 83.09483 -6.2002373
p 247 152 82.27086 2.562622
p 248 153 81.51165 -6.492092
p 249 154 80.690735 -6.547512
p 250 155 79.946945 -4.538357
p 249 156 79.26934 -2.700016
p 250 157 78.67224 -5.3071556
p 251 158 78.11857 -5.109867
p 252 159 77.489876 -4.6420746
p 253 160 76.735504 -1.668911
p 252 161 76.210266 4.1891594
p 253 162 75.457054 2.4050255
p 252 163 74.92912 -1.2220459
p 251 164 74.34498 -0.40097046
p 250 165 73.61891 -2.1467285
p 251 166 73.018326 -1.3140221
p 250 167 72.42213 -2.0687332
p 249 168 71.81571 -1.9278336
p 250 169 71.271645 4.1067886
p 249 170 70.7222 -6.600479
p 250 171 70.11744 -6.730816
p 251 172 69.44503 -2.4151573
p 252 173 68.8034 -1.42519
p 251 174 68.1938 -1.7425117
p 250 175 67.64513 -1.247509

avg 19.813667
end