//fileLoc: inputData/gradient13.png
//fluxMulti: 3.0 channelCutOff: 10
//wk_fmin: 0.0 wk_fmax: 0.5
//total_mass_shift: 20306.0
//colorstage1: 2 colorstage2: 3
# 96
avgCurve 1.6688104

c 0 21.138924
p 0 29 50.37224 -0.061519623
p 1 30 50.37224 0.042007446
p 2 31 50.47142 -0.08135033
p 2 32 50.52017 -0.07946205
p 2 33 50.541706 -0.049194336
p 1 34 50.56112 -0.0368042
p 0 34 50.56112 -0.07291031
p 1 35 50.633244 -0.042964935
p 2 36 50.734562 0.018655777
p 3 37 50.77955 -0.12843513
p 3 38 50.83646 -0.162323
p 3 39 50.888203 -0.00582695
p 4 40 50.952953 -0.07493973
p 4 41 51.03352 -0.15635872
p 3 42 51.248478 -0.09857559
p 3 43 51.4205 -0.07867432
p 3 44 51.473015 -0.09803772
p 3 45 51.74035 0.10339165
p 2 46 51.840496 -0.14651108
p 1 47 51.908787 -0.031856537
p 2 48 52.11781 0.017024994
p 1 49 52.28613 -0.021900177
p 2 50 52.581245 -0.119945526
p 2 51 52.95781 -0.011182785
p 1 52 53.443542 0.17246628
p 0 53 53.453114 -0.2793846
p 0 54 54.127293 0.07356644
p 1 55 54.585407 0.0121536255
p 0 56 55.013264 -0.0065727234
p 1 57 55.485165 -0.018592834
p 0 58 55.96356 0.029766083
p 1 59 56.486588 -0.064453125
p 0 60 56.99652 -0.12038803
p 0 61 57.53515 -0.08496857
p 0 62 58.08285 0.0055007935
p 1 63 58.63435 5.226429
p 0 64 59.196983 0.082645416
p 1 65 59.795807 7.9451904
p 0 66 60.37652 0.09618378
p 1 67 60.995235 -3.5349998
p 0 68 61.629353 5.574772
p 1 69 62.26714 -1.6441307
p 2 70 62.898705 0.27840424
p 3 71 63.511932 1.3717346
p 4 72 64.12258 -1.8827782
p 3 73 64.73761 8.174023
p 4 74 65.355896 0.34568024
p 3 75 65.96574 6.019291
p 4 76 66.57647 2.2330856
p 3 77 67.3317 3.0223618
p 4 78 68.015816 -0.98231506
p 5 79 68.63634 -0.07243347
p 6 80 69.45295 -5.5807
p 7 81 70.07634 -7.2604218
p 8 82 70.79008 -3.4712296
p 7 83 71.51116 2.1719131

c 1 1.7917099
p 0 208 51.798214 -0.027317047
p 0 209 51.692356 0.009914398
p 1 210 51.452435 -0.10760498
p 0 211 51.327194 -0.09487152
p 0 212 51.267475 -0.020389557
p 1 213 51.14739 -0.010238647
p 2 214 51.072662 0.08647728
p 3 214 51.028595 -0.1084156
p 4 214 51.00749 -0.027431488
p 4 215 51.00749 0.083869934
p 5 216 50.89717 -0.09879303
p 4 217 50.85634 0.05806923
p 5 218 50.851196 -0.045858383
p 6 219 50.795036 -0.030153275
p 7 220 50.696297 -0.13168335
p 6 221 50.665806 -0.06443596
p 7 222 50.6014 -0.09328079
p 8 223 50.52392 0.029678345
p 8 224 50.513977 -0.11870003
p 8 225 50.503662 -0.06419563
p 9 226 50.43069 -0.080049515
p 8 227 50.43069 -0.022163391
p 8 228 50.38755 -0.024536133
p 7 229 50.312744 -0.024627686
p 6 230 50.24988 -0.09356308
p 7 231 50.24788 -0.12750626
p 8 232 50.234657 0.061267853
p 8 233 50.224567 -0.07254791
p 7 234 50.171303 -0.021844864
p 6 235 50.137505 -0.020816803
p 6 236 50.137505 -0.049116135
p 7 237 50.12638 -0.04830742
p 7 238 50.04461 -0.048856735
p 8 239 50.008396 -0.013717651
p 9 239 50.006504 -0.032167435
p 10 240 50.006504 -0.1004467

c 2 12.078087
p 0 208 51.798214 -0.14074326
p 1 207 51.934616 -0.06544876
p 1 206 52.149395 0.04559326
p 2 205 52.384884 -0.056468964
p 2 204 52.571648 -0.07329941
p 3 203 52.84292 -0.022825241
p 2 202 53.136074 -0.0517025
p 1 201 53.26076 -0.16846848
p 2 200 53.61308 -0.23452377
p 3 199 53.910496 -0.054985046
p 3 198 54.2984 0.014888763
p 4 197 54.6696 -0.11797333
p 4 196 55.01345 -0.06821442
p 3 195 55.4147 0.045484543
p 2 194 55.753628 0.123693466
p 3 193 56.00155 0.3493824
p 4 192 56.30785 3.5609589
p 5 192 56.820374 6.7438583
p 6 191 57.432842 6.5017834
p 7 190 58.09479 3.3753128
p 6 189 58.763836 -0.22774887
p 7 188 59.455837 -2.4901447
p 6 187 60.09391 -0.37961197
p 5 186 60.607204 -2.3165512
p 4 185 61.203213 0.11166763
p 3 184 61.95105 -4.208208
p 4 183 62.54884 -4.9653587
p 5 182 63.32101 -7.9306946
p 4 181 63.8763 -1.5769119

c 3 52.684475
p 7 106 103.27605 0.35087204
p 8 105 102.167015 -0.49739456
p 9 104 101.25642 0.9314194
p 10 103 97.48718 0.55776596
p 11 102 96.65264 0.48859787
p 11 101 95.257034 -5.0250435
p 12 100 94.35261 -4.438816
p 13 99 93.38177 0.09543991
p 12 98 88.83395 -5.0728836
p 11 97 87.58025 1.6629486
p 12 96 86.79562 -3.3319016
p 13 95 86.13478 -3.626751
p 14 94 85.59779 -3.1214867
p 15 93 85.05575 -1.761303
p 16 92 84.28043 0.4021225
p 15 91 83.09758 1.4227371
p 14 90 81.73711 -0.31222534
p 15 89 80.67611 3.0737686
p 14 88 79.20635 -1.1035004
p 15 87 77.67399 -2.8300056
p 16 86 75.77698 -2.6262932
p 17 85 74.17746 4.159237
p 17 84 73.93286 -5.491123
p 16 83 71.543655 -7.07193
p 15 82 70.8524 -6.1811333
p 14 81 70.17128 -6.543312
p 13 80 69.45323 -7.5025597
p 12 79 68.73053 -7.714981
p 11 78 68.00792 -7.0062447
p 10 77 67.35556 -3.9405556
p 11 76 66.7565 0.0651474
p 12 75 66.21326 2.0176163
p 13 74 65.64245 1.6125259
p 12 73 64.98939 3.9814034
p 11 72 64.321655 -1.0921326
p 12 71 63.638424 1.3979225
p 13 70 63.00759 -3.085125
p 12 69 62.332893 1.929306
p 11 68 61.688457 0.2772026
p 12 67 61.027752 5.095028
p 11 66 60.373924 4.4863396
p 12 65 59.76219 4.3853474
p 13 64 59.160984 4.0656643
p 14 63 58.55194 3.3752956
p 15 62 57.949833 1.3289509
p 16 61 57.35475 0.29034233
p 17 60 56.73445 0.18478775
p 18 59 56.19662 -0.03450775
p 19 58 55.67145 0.058805466
p 20 57 55.009502 -0.08024597
p 21 56 54.528305 -0.19970131
p 22 55 54.121597 0.029735565
p 22 54 53.756897 0.063510895
p 22 53 53.4727 -0.06871033
p 21 52 53.246586 0.030574799
p 21 51 52.88724 0.07349014
p 20 50 52.570255 0.07806969
p 20 49 52.27362 -0.05018425
p 21 48 52.161743 -0.0026302338
p 22 47 51.938503 0.08139801
p 23 46 51.860237 0.053495407
p 24 45 51.683113 -0.043567657
p 25 44 51.588463 -0.010379791
p 26 43 51.431767 -0.0062675476
p 26 42 51.26354 0.029706955
p 26 41 51.231335 -0.100357056
p 25 40 51.136555 -0.005651474
p 24 39 51.039955 -0.01244545
p 23 38 50.92966 -0.023386002
p 24 37 50.87447 -0.029802322
p 25 36 50.79967 -0.08456802
p 26 35 50.76436 0.0509758
p 25 34 50.68195 -0.15791512
p 24 33 50.67446 0.05838585
p 25 32 50.59157 -0.11457062
p 26 31 50.59157 -0.014215469

c 4 38.801155
p 7 157 89.13636 -5.9524307
p 8 158 88.38683 -6.6057014
p 9 159 87.39428 -4.067829
p 10 160 86.48101 1.9160995
p 11 161 85.51673 3.4962158
p 12 162 84.30798 0.77259064
p 13 163 84.02685 0.26250458
p 13 164 84.01957 -0.71315
p 14 165 76.85749 -7.2333145
p 15 166 76.26663 -6.8751373
p 16 167 75.35837 -7.076153
p 17 168 74.42952 -7.201687
p 18 169 73.561386 -6.9982986
p 19 170 72.84101 -7.5785217
p 20 171 72.04164 -7.2656784
p 21 172 71.3071 -4.451866
p 22 173 70.63856 -3.5773773
p 23 174 69.820404 -4.0435295
p 24 175 69.11875 -4.778591
p 25 176 68.38726 -1.2298088
p 26 177 67.77197 -2.6233902
p 25 178 67.194565 -6.085449
p 26 179 66.59054 2.8806953
p 25 180 65.98744 3.1006584
p 26 181 65.36001 9.273533
p 25 182 64.72612 8.907585
p 26 183 64.12244 -0.6263733
p 25 184 63.600307 -0.8983078
p 26 185 62.638668 1.9609032
p 27 186 61.92561 6.2370777
p 26 187 61.276848 0.6828575
p 27 188 60.640026 2.9664726
p 26 189 60.057724 1.3726845
p 25 190 59.483612 -0.19585037
p 24 191 58.87086 -0.052640915
p 25 192 58.229267 5.3052444
p 24 193 57.709045 0.2545128
p 23 194 57.054127 -0.6861706
p 22 195 56.603672 -0.4170227
p 21 196 56.084507 -0.42230225
p 20 197 55.57585 0.017267227
p 21 198 55.075256 0.020303726
p 20 199 54.618633 0.029016495
p 19 200 54.16052 -0.013305664
p 18 201 53.749897 -0.09595108
p 17 202 53.374836 -0.047296524
p 16 203 52.989902 -0.061206818
p 17 204 52.71991 -0.07046127
p 17 205 52.337215 0.056383133
p 17 206 52.101467 -0.012557983
p 17 207 51.88374 -0.13796425
p 18 208 51.742813 0.096357346
p 17 209 51.515617 -0.020269394
p 18 210 51.4242 -0.061208725
p 18 211 51.38336 -0.07480812
p 17 212 51.322014 -0.054195404
p 17 213 51.250183 -0.021417618
p 16 214 51.074673 -0.14953041
p 15 215 51.01156 0.077157974
p 16 216 50.95305 -0.08647537
p 17 217 50.912663 -0.013563156
p 18 218 50.785778 -0.0056591034
p 19 219 50.753708 -0.061632156
p 19 220 50.664925 -0.106903076
p 18 221 50.664925 -0.028255463
p 17 221 50.621582 -0.15400314
p 16 222 50.621582 -0.037361145
p 16 223 50.545815 -0.16936111
p 17 224 50.516205 0.06310272
p 16 225 50.479153 -0.02873993
p 16 226 50.429848 -0.07477379
p 16 227 50.34761 -0.057792664
p 15 228 50.344673 0.05341339
p 15 229 50.335205 -0.007648468
p 14 229 50.335205 0.0052986145

c 5 28.719383
p 16 152 97.18489 1.4034119
p 16 153 96.95075 2.931549
p 16 154 92.34078 -1.7840424
p 17 155 90.69072 -0.61377335
p 18 156 88.52094 -1.5607681
p 19 157 87.38056 -0.39697266
p 20 158 86.50657 2.1800842
p 21 159 86.17616 3.8817253
p 21 160 82.61913 -0.5882759
p 22 161 81.48734 0.08049774
p 23 162 80.5962 -0.16148376
p 24 163 80.03121 1.0237923
p 25 164 79.527695 1.1950989
p 26 165 79.0142 1.1641273
p 27 166 78.62801 0.7100754
p 28 167 77.612915 2.3306007
p 29 168 77.09937 -3.248207
p 28 169 76.371796 3.8816757
p 29 170 75.85492 2.0862885
p 30 171 75.13828 1.4712334
p 31 172 74.38854 -6.073509
p 30 173 70.89335 -7.67688
p 29 174 70.03205 -7.8060417
p 28 175 69.2873 -9.069271
p 27 176 68.46551 -6.2094345

c 6 23.161667
p 18 85 74.13969 -3.2334175
p 19 86 74.49389 -7.077011
p 20 87 75.10132 -6.3994293
p 21 88 75.50908 -6.674568
p 22 89 76.16977 -5.026787
p 23 90 76.8073 -5.3208923
p 24 91 77.536804 -4.3974648
p 25 92 78.196236 -0.23723984
p 24 93 78.88159 -6.91267
p 23 94 80.03794 -10.340675
p 22 95 80.639946 -8.949036
p 21 96 81.63883 -5.498188
p 22 97 82.80516 -8.818279
p 23 98 88.581696 6.599426E-4
p 24 98 92.80117 -2.8761978
p 25 99 94.38508 -3.268238
p 26 100 95.4807 -1.8036003
p 27 101 96.35944 -3.4864082
p 28 102 97.30135 -3.199562

c 7 1.1546669
p 23 239 50.00071 -0.05611801
p 24 238 50.054718 -0.25613022
p 25 237 50.056206 0.017642975
p 26 236 50.056206 -0.091142654
p 27 235 50.108284 0.07133484
p 28 234 50.12113 -0.03618622
p 28 233 50.14935 -0.06008911
p 27 232 50.2644 -0.079216
p 26 231 50.29603 -0.0765934
p 27 230 50.29603 0.0074481964
p 26 229 50.34632 0.03388405
p 27 228 50.378063 -0.07469177
p 28 227 50.37953 -0.004962921
p 27 226 50.427 -0.015916824
p 28 225 50.472004 -0.04822731
p 29 224 50.567547 -0.03238678
p 28 223 50.59691 -0.047994614
p 29 222 50.616535 -0.07873726
p 29 221 50.616535 -0.0966835
p 30 220 50.73937 0.07104111
p 29 219 50.872707 -0.061555862
p 29 218 50.900753 -0.0036296844
p 30 217 50.91715 -0.034490585
p 31 216 51.012966 -0.029541016
p 32 215 51.063625 -0.14173508
p 33 214 51.155376 0.059646606
p 32 213 51.155376 -0.02417183

c 8 19.583984
p 25 15 50.1147 0.010892868
p 26 16 50.14838 -0.034448624
p 27 17 50.181927 -0.046152115
p 28 18 50.212414 -0.15240288
p 29 19 50.2271 -0.024049759
p 28 20 50.2271 0.046072006
p 29 21 50.24762 -0.0644989
p 30 22 50.30139 -0.010299683
p 30 23 50.31214 0.03369522
p 31 24 50.389362 -0.04773712
p 30 25 50.447525 -0.05496025
p 29 26 50.450283 -0.033908844
p 28 26 50.450283 -0.078125
p 29 27 50.491154 0.007429123
p 28 28 50.535618 -0.115507126
p 28 29 50.564713 -0.1428585
p 29 30 50.580566 -0.09643173
p 30 31 50.580566 -0.0021305084
p 31 31 50.640385 -0.08200264
p 32 32 50.681137 -0.022708893
p 33 33 50.78838 -0.018541336
p 33 34 50.891075 -0.08231354
p 32 35 50.90749 -0.2242279
p 31 36 50.90749 -0.022708893
p 32 37 51.005096 -0.0662117
p 32 38 51.136543 0.091854095
p 31 39 51.220333 -0.07787132
p 30 40 51.29478 -0.0131111145
p 31 41 51.30077 -0.034460068
p 32 42 51.395508 -0.03883171
p 33 43 51.494644 0.023780823
p 34 44 51.5794 -0.12739944
p 35 45 51.727352 -0.063302994
p 35 46 51.800953 -0.11985397
p 34 47 51.96366 0.06196022
p 35 48 52.137714 -0.10268021
p 35 49 52.36096 0.004261017
p 36 50 52.513206 -0.06971359
p 36 51 52.773476 -0.082172394
p 35 52 53.019863 0.010774612
p 36 53 53.339325 0.1932106
p 35 54 53.64936 -0.060800552
p 34 55 53.841835 0.03891182
p 33 56 54.102978 -0.14028549
p 33 57 54.31756 -0.071258545
p 32 58 54.51353 -0.14426613
p 33 59 54.72948 -0.025110245
p 34 60 54.984184 0.10328293
p 35 61 55.25247 0.017253876
p 36 62 55.613888 0.0068740845
p 37 63 55.993885 2.2600822
p 38 64 56.701046 0.4131527
p 39 65 57.803246 -0.9094372
p 40 66 58.337475 3.1912746
p 39 67 61.90751 1.5198555
p 39 68 62.52587 5.1970253
p 39 69 63.07329 0.7129364
p 40 70 63.742504 3.506199
p 41 71 64.475235 5.8003616
p 42 72 65.192955 1.0557785
p 41 73 65.88828 6.021122
p 42 74 66.5639 1.7295723
p 41 75 67.17372 2.6028595
p 40 76 67.72978 -0.09655762
p 41 77 68.35642 6.7412453
p 40 78 69.02452 2.7040672
p 39 79 69.698685 1.3645325

c 9 15.510078
p 27 151 94.09637 -3.490055
p 28 152 90.735535 -8.123215
p 29 153 88.8937 -8.8869705
p 30 154 87.79253 -9.516354
p 31 155 87.133835 -9.7151375
p 32 156 86.19051 -9.73748
p 33 157 85.45902 -7.036888
p 34 158 84.65109 4.2652817
p 34 159 84.482216 0.78300476
p 33 160 82.04837 -0.65213394
p 32 161 81.293625 -2.0816917
p 31 162 80.6426 -2.6249695
p 30 163 80.05392 -2.2820435
p 29 164 79.50539 -1.2069016
p 28 165 78.97287 2.5872078
p 28 166 78.58629 2.905407

c 10 2.3913155
p 31 19 50.208435 -0.10612297
p 32 19 50.208435 -0.096185684
p 33 20 50.231804 -0.082258224
p 34 20 50.250553 -0.048934937
p 35 20 50.250553 -0.011276245
p 36 21 50.30657 -0.21591187
p 36 22 50.330482 -0.1390953
p 37 23 50.335785 -0.04676819
p 37 24 50.40303 0.019224167
p 37 25 50.410366 -0.04225731
p 38 26 50.48982 -0.049036026
p 39 27 50.52856 -0.07242584
p 40 28 50.581497 -0.086351395
p 41 29 50.621536 -0.05006218
p 42 30 50.71743 0.017404556
p 43 31 50.722267 -0.064863205
p 44 32 50.753456 -0.1363678
p 45 33 50.851334 0.014909744
p 45 34 50.90984 0.026445389
p 44 35 50.90984 -0.06298256
p 44 36 51.054787 0.05696869
p 43 37 51.162434 -0.056453705
p 42 38 51.214066 -0.09176636
p 42 39 51.244675 -0.025241852
p 41 40 51.324173 -0.10041618
p 41 41 51.33897 -0.017858505
p 41 42 51.41771 -0.14718246
p 42 43 51.525272 -0.025157928
p 41 44 51.727142 0.119852066
p 42 45 51.86985 -0.034729004
p 42 46 51.92983 -0.0017681122
p 41 47 52.00764 -0.022819519
p 42 48 52.248226 0.09149742
p 43 49 52.353146 -0.07799721
p 42 50 52.59975 0.058275223

c 11 14.404915
p 31 171 75.04717 -1.007698
p 32 170 75.745804 -4.7757683
p 33 169 76.559845 -6.557171
p 34 168 77.31034 -6.1996193
p 35 167 77.72304 -5.7454185
p 36 166 78.41186 -6.043358
p 37 165 79.2877 -5.3738403
p 38 164 79.95182 -5.2598495
p 39 163 80.50572 -5.67223
p 40 162 81.12233 -5.613415
p 41 161 82.017815 -6.3514175
p 42 160 82.96917 -6.6412697
p 43 159 83.74668 -6.5124474
p 44 158 84.70395 -6.974804
p 45 157 86.136246 -6.194336
p 46 156 87.79405 -6.0825233
p 47 155 89.45209 -6.568287

c 12 18.528877
p 35 158 84.74053 -1.2680435
p 36 157 85.85322 -1.1412811
p 37 156 86.514656 -0.80096436
p 38 155 86.881 -2.1686134
p 39 154 87.26838 -7.386204
p 40 153 87.98126 -7.138321
p 41 152 90.331856 2.4459572
p 41 151 91.451004 -0.025707245
p 40 150 93.84204 -2.7010117
p 39 149 95.26474 -0.4620552
p 38 148 96.70591 -1.361187
p 39 147 97.96314 -4.927742
p 40 146 99.05129 -5.0195847
p 41 145 100.15449 -6.1635475
p 42 144 103.26941 -3.5575523

c 13 14.124836
p 41 181 64.16901 3.1273308
p 42 182 63.17857 0.07879639
p 43 183 62.475376 1.2936668
p 44 184 61.9681 -0.37904358
p 45 185 61.10033 -2.1154976
p 46 186 60.571888 -7.919525
p 45 187 59.957024 -4.1612854
p 44 188 59.20334 -4.3424206
p 45 189 58.643494 7.0097637
p 44 190 57.947628 3.7546692
p 43 191 57.36416 0.10180092
p 44 192 56.761646 3.0586681
p 43 193 56.29948 0.5872135
p 42 194 55.901325 -0.05269432
p 42 195 55.409092 -0.17583656
p 41 196 55.11624 0.12438202
p 42 197 54.667683 -0.1312561
p 43 198 54.25637 -0.026302338
p 43 199 54.032013 0.004638672
p 44 200 53.778122 0.05943489
p 45 201 53.412354 -0.17552185
p 44 202 53.160706 0.057662964
p 44 203 52.750378 -0.23087692
p 45 204 52.53416 0.035024643
p 45 205 52.23861 0.023153305
p 46 206 52.064537 0.0968647
p 46 207 51.874714 -0.0046749115
p 46 208 51.83105 0.14759064
p 45 209 51.460747 -0.11053467
p 45 210 51.45962 -0.0070610046
p 44 211 51.330498 -0.06076622
p 45 212 51.252186 0.103816986
p 44 213 51.119812 -0.042528152
p 44 214 50.941242 -0.17154694
p 45 215 50.937336 0.08270645
p 44 216 50.928234 -0.013093948
p 44 217 50.87666 0.016191483
p 43 218 50.768562 0.03222847
p 43 219 50.73915 0.028522491
p 44 220 50.642624 -0.0017642975
p 44 221 50.585613 0.09878731
p 45 222 50.530945 0.020339966
p 44 223 50.527782 0.031572342
p 45 224 50.441936 -0.019136429
p 44 225 50.40802 0.042388916
p 45 226 50.40802 0.029474258
p 44 227 50.309647 -0.07928276
p 43 228 50.28877 0.0061855316
p 44 229 50.270157 0.067050934
p 43 230 50.206352 -0.04728508
p 43 231 50.202602 -0.021907806
p 44 232 50.172085 -0.18139076
p 43 233 50.172085 0.08259392
p 43 234 50.12523 -0.021209717
p 43 235 50.125134 -0.053510666
p 44 236 50.125134 -0.057819366
p 45 237 50.110256 -0.06960106
p 46 238 50.097935 -0.11407089
p 47 238 50.06353 -0.15812111
p 48 239 50.059025 -0.022657394
p 49 240 50.055534 -0.052381516
p 50 241 50.04417 -0.03422165
p 51 240 50.04417 0.04953766

c 14 23.763584
p 44 88 74.17467 -4.4463615
p 45 87 73.32415 -5.556404
p 46 86 72.410995 -5.571636
p 47 85 71.66141 -6.129036
p 48 84 70.838615 -5.883892
p 49 83 70.22129 -4.1888733
p 50 82 69.43789 -3.897766
p 49 81 68.8587 3.663826
p 50 80 68.12353 -3.4937744
p 51 79 67.33582 -5.258602
p 52 78 66.650635 -3.8030624
p 53 77 65.979416 -3.3376884
p 52 76 65.45671 -2.3800507
p 51 75 64.69521 -0.23332214
p 50 74 64.093346 1.3498383
p 51 73 63.18679 3.9085732
p 52 72 62.573742 8.361229
p 53 71 61.989 6.6275024
p 54 70 61.393757 0.89180565
p 53 69 60.637012 5.3200684
p 54 68 60.046436 -4.5576305
p 53 67 59.32478 -1.2202072
p 52 66 58.736595 -0.0338192
p 53 65 58.151966 3.3511581
p 54 64 57.57322 5.6751995
p 55 63 57.017117 3.4953957
p 56 62 56.536713 0.17975998
p 55 61 56.14888 0.21458244
p 54 60 55.643375 0.036714554
p 53 59 55.34228 -0.025722504
p 53 58 54.96132 -0.23736763
p 54 57 54.625587 -0.1544342
p 53 56 54.296085 0.048553467
p 53 55 54.001476 -0.048330307
p 54 54 53.740265 -0.08269119
p 53 53 53.42176 0.047374725
p 54 52 53.244884 -0.04740143
p 55 51 52.980312 -0.047662735
p 56 50 52.727192 0.040483475
p 55 49 52.541206 0.061761856
p 54 48 52.33121 0.050251007
p 54 47 52.253857 0.022964478
p 53 46 52.14575 -0.10320282
p 52 45 51.998955 0.068452835
p 51 44 51.794235 -0.010164261
p 52 43 51.721485 -0.10878372
p 52 42 51.57775 -0.18060684
p 53 41 51.544056 0.1299038
p 52 40 51.38523 -0.080596924
p 52 39 51.316936 -0.04259491
p 53 38 51.135075 -0.057987213
p 53 37 51.054527 -0.0016174316
p 54 36 51.011864 -0.0965271
p 54 35 51.003 0.034500122
p 54 34 50.954346 -0.09129715
p 54 33 50.874413 -0.06263924
p 53 32 50.85379 -0.020460129
p 53 31 50.801586 0.05777359
p 52 30 50.708996 -0.08704567
p 52 29 50.698055 -0.1515007
p 53 28 50.63858 0.046920776
p 53 27 50.508846 0.06376457
p 54 26 50.488457 0.019729614
p 53 25 50.488457 0.03642845
p 53 24 50.411083 -0.061697006
p 53 23 50.411083 0.013130188

c 15 39.435387
p 45 100 92.390396 -2.7159653
p 46 99 90.39993 -10.342922
p 47 98 88.953354 -10.3401985
p 48 97 87.484665 -7.348881
p 49 96 86.2516 -10.732414
p 50 95 85.17664 -9.931927
p 51 94 84.19436 -8.399624
p 52 93 82.91188 -8.413345
p 53 92 81.48348 -7.7052917
p 54 91 80.524345 -2.5486374
p 53 90 79.437035 0.063694
p 54 89 78.56042 -6.0195045
p 55 88 77.71647 -6.892231
p 54 87 76.86671 1.6373215
p 55 86 75.98812 -7.520153
p 56 85 75.03396 -6.7896004
p 57 84 74.06157 -6.303982
p 58 83 73.05547 -6.2675095
p 59 82 72.26902 -5.463871
p 60 81 71.63549 -3.3374176
p 59 80 70.758 2.3896446
p 60 79 69.920654 -6.4223213
p 61 78 69.02088 -5.5280876
p 60 77 68.27711 5.287445
p 61 76 67.50978 2.193039
p 60 75 66.74 1.0584373
p 61 74 65.98805 -4.3898315
p 62 73 65.32493 -4.251068
p 63 72 64.64344 -1.808258
p 63 71 64.11562 3.143364
p 63 70 63.273052 0.41448975
p 62 69 62.603134 -5.8937454
p 63 68 61.90156 -0.48568344
p 64 67 61.23996 -2.2337074
p 63 66 60.58606 6.2001286
p 64 65 59.86523 3.6485214
p 63 64 59.179634 6.3625164
p 62 63 58.50524 5.785473
p 61 62 57.863792 0.73532295
p 60 61 57.257183 0.11722946
p 59 60 56.683506 0.20855904
p 58 59 56.13013 0.5762863
p 57 58 55.57954 0.22083855
p 56 57 55.079178 0.049995422
p 57 56 54.602833 -0.062309265
p 57 55 54.247475 -0.07480049
p 56 54 53.88418 -0.023685455
p 57 53 53.55239 -0.05208397
p 58 52 53.195534 -0.1382904
p 57 51 52.95501 0.06047058

c 16 5.723358
p 49 193 56.26343 -0.04659462
p 50 194 55.73122 -0.2018013
p 51 195 55.415234 -0.037115097
p 50 196 54.937077 -0.17016983
p 51 197 54.608765 -0.06157875
p 52 198 54.27298 -0.18018532
p 52 199 53.874863 -0.19159317
p 53 200 53.623978 0.0061302185
p 53 201 53.289856 -0.05381775
p 54 202 52.957005 -0.0820694
p 54 203 52.70177 -0.07583046
p 53 204 52.47053 0.038677216
p 54 205 52.187347 -0.0077724457
p 55 206 51.97442 -0.088274
p 56 207 51.831295 -0.0025043488
p 57 208 51.656624 -0.006706238
p 57 209 51.501957 -0.04419136
p 57 210 51.403996 -0.06700516
p 58 211 51.37531 -0.057893753
p 59 212 51.153362 0.04543686
p 59 213 51.153362 -0.033039093
p 60 214 51.07496 0.09395027
p 60 215 50.96474 -0.086400986
p 59 216 50.94197 0.06381798
p 58 217 50.848057 -0.07094574
p 58 218 50.7781 -4.234314E-4
p 58 219 50.718857 -0.11602783
p 57 220 50.715023 -0.021951675
p 58 221 50.703 -0.07284737
p 59 222 50.658455 -0.028656006
p 60 223 50.582016 -0.06967354
p 59 224 50.54384 -0.02044487
p 58 224 50.540073 -0.052297592
p 57 224 50.540073 -0.3462658

c 17 28.482414
p 57 164 79.693596 -5.6995125
p 58 165 78.32791 -8.262512
p 59 166 77.425964 -9.585331
p 60 167 76.54613 -8.083431
p 61 168 75.82348 -3.4231377
p 60 169 74.97376 -4.1039963
p 59 170 73.92342 -3.627102
p 58 171 73.27531 -2.8544655
p 59 172 72.49865 -3.1130104
p 60 173 71.82025 -2.571144
p 61 174 71.2116 -1.6352844
p 62 175 70.59457 -0.11445618
p 63 176 69.76515 2.5401
p 64 177 69.13905 3.936657
p 65 178 68.44682 3.5016441
p 66 179 67.73496 4.9746284
p 67 180 67.11926 6.562336
p 68 181 66.95298 -2.787262
p 67 182 65.143196 -0.27022552
p 66 183 63.82403 -7.19944
p 67 184 63.061775 -2.8516998
p 68 185 62.342495 -1.2774391
p 69 186 61.70341 -1.2066422
p 70 187 60.95277 -6.3490505
p 69 188 60.247417 -1.6488075
p 68 189 59.703724 -3.4317722
p 69 190 58.881607 6.968611
p 68 191 58.181484 2.6808357
p 67 192 57.56141 1.5078678
p 66 193 56.992016 0.49177742
p 65 194 56.270992 0.201128
p 64 195 55.83476 0.29468536
p 63 196 55.295544 0.17158699
p 62 197 54.874542 0.079589844
p 63 198 54.393032 -0.13194656
p 63 199 53.944035 -0.0022678375
p 64 200 53.593826 -0.1162262
p 65 201 53.20894 0.0027713776
p 64 202 52.941036 0.021974564
p 64 203 52.656006 -0.05821991
p 64 204 52.46286 0.0053749084
p 63 205 52.201706 -0.068107605
p 62 206 52.021942 0.016208649
p 63 207 51.831764 -0.056821823
p 62 208 51.699753 -0.08845711
p 62 209 51.49954 -0.08785057
p 62 210 51.46948 0.04237175
p 61 211 51.24158 -0.14977837
p 60 212 51.21118 -0.029064178

c 18 30.926285
p 57 164 79.693596 -0.9924507
p 58 163 80.48954 -6.634922
p 59 162 81.405685 -8.981754
p 60 161 82.28169 -6.8664017
p 61 160 83.23277 -4.5817146
p 60 159 84.39662 2.611061
p 61 158 85.96264 0.22447968
p 60 157 87.81408 1.898674
p 61 156 89.40339 -4.7636147
p 62 155 95.98479 -2.2669563
p 62 154 99.152016 -0.31312943
p 62 153 100.26524 2.853653
p 63 152 100.96332 2.3296661
p 64 151 101.8862 -0.55638504
p 65 150 103.06943 -0.4215355
p 66 149 104.57483 0.38045883
p 67 148 105.68993 -0.24850082
p 66 147 106.815216 0.56913376
p 67 146 108.089096 0.14779282
p 68 145 108.6707 -0.59607315
p 67 144 109.21822 -0.16074753
p 68 143 109.87882 -0.12743759
p 69 142 110.11998 -0.09612274
p 69 141 110.22202 0.07316971
p 70 140 110.26218 0.010234833
p 71 139 110.341415 -0.1608162
p 72 138 110.42284 -0.029556274
p 72 137 110.447044 -0.12711334
p 72 136 110.55355 -0.12090683
p 71 135 110.61988 -0.0700531

c 19 2.1213264
p 62 34 50.986916 -0.029870987
p 63 34 50.986916 -0.13297081
p 64 34 51.02014 -0.05327034
p 65 35 51.088856 0.075157166
p 64 36 51.114033 -0.05842018
p 65 37 51.212666 -0.112379074
p 66 38 51.27768 -0.005821228
p 66 39 51.4201 -0.005092621
p 66 40 51.539597 0.0038547516
p 67 41 51.653385 0.031173706
p 66 42 51.665604 -0.059236526
p 65 43 51.733456 -0.037137985
p 66 44 51.906082 -0.102329254
p 66 45 51.996445 -0.10826111
p 65 46 52.0219 -0.098716736
p 66 47 52.32994 -0.06029892
p 66 48 52.57973 0.08858299
p 65 49 52.746387 -0.06179428
p 64 50 53.108242 0.037584305

c 20 51.837124
p 63 103 102.200745 -3.4119072
p 64 102 101.37004 -3.446083
p 65 101 100.50412 -4.4867744
p 66 100 99.18822 -1.4169159
p 66 99 96.21339 -5.4277725
p 67 98 91.21904 -7.8621254
p 68 97 88.434135 -10.410244
p 69 96 86.60088 -12.194988
p 70 95 84.94982 -14.391174
p 71 94 83.77648 -12.497894
p 72 93 82.792274 -5.2816505
p 73 94 81.51133 7.3406525
p 74 93 80.69472 -5.397854
p 75 92 79.876564 -6.606434
p 76 91 79.00312 -0.14295578
p 75 90 78.2781 2.8854256
p 76 89 77.601685 0.47747803
p 75 88 76.891525 -3.7742538
p 74 87 76.12502 -4.2173843
p 75 86 75.35057 -4.5493927
p 76 85 74.61826 -4.3173294
p 77 84 73.91357 -2.7343483
p 78 83 73.24609 -0.1812439
p 79 82 72.57022 -1.6493568
p 78 81 71.87172 5.399605
p 79 80 71.2108 1.2260513
p 80 79 70.57238 -0.4991989
p 81 78 69.98126 -0.826046
p 80 77 69.13035 8.826241
p 81 76 68.4083 7.5967484
p 82 75 67.73032 5.347927
p 83 74 66.963135 4.281578
p 84 73 66.22472 3.9334297
p 85 72 65.48472 2.3334274
p 86 71 64.832756 1.8658943
p 87 70 64.32359 4.8834305
p 86 69 63.840466 4.0378532
p 85 68 62.932915 -3.1589584
p 86 67 62.260857 4.5382996
p 85 66 61.58602 1.1650105
p 86 65 60.941944 1.5505161
p 87 64 60.297924 1.3508606
p 88 63 59.656265 1.7050972
p 89 62 59.028637 0.020347595
p 90 63 58.413128 0.28730202
p 91 64 57.866966 1.7181282
p 92 64 57.522785 6.2216034
p 93 63 57.49958 3.7998466
p 94 62 57.10714 1.5379009
p 95 61 56.785736 0.0019893646
p 96 60 56.548706 0.29255104
p 97 59 56.139656 0.06459236
p 98 58 55.659946 -0.18587494
p 97 57 55.53794 0.064201355
p 98 56 55.157146 -0.2597332
p 99 55 54.93446 -0.05939293
p 100 54 54.645554 -0.110723495
p 99 53 54.262177 -0.04458809
p 98 52 53.878735 0.0193367
p 98 51 53.521812 -0.0028953552
p 99 50 53.186592 -0.065114975
p 100 49 53.004642 -0.0671978
p 100 48 52.66565 -0.10534668
p 101 47 52.543606 -0.0465374
p 101 46 52.38791 -0.07057953
p 101 45 52.302227 0.03976059
p 100 44 52.095078 -0.003232956
p 100 43 52.033348 0.012271881
p 100 42 51.782608 0.0036125183
p 100 41 51.69169 -0.080553055
p 101 40 51.57661 -0.023527145
p 100 39 51.498795 -0.1460247
p 99 38 51.435947 -0.080711365
p 98 37 51.407608 0.018629074
p 97 36 51.242474 -0.033060074
p 97 35 51.212482 0.0035305023
p 98 34 51.19091 -0.09483719
p 99 33 51.12951 -0.01625061
p 98 32 51.043003 -0.0266819
p 97 31 50.93378 -0.036197662
p 96 30 50.87994 0.031791687
p 95 29 50.86797 -0.072956085
p 95 28 50.837875 -0.06657791
p 95 27 50.752056 -0.12399101
p 96 26 50.66845 -0.15998077
p 97 25 50.655922 0.04315567
p 98 25 50.61737 -0.09939003
p 99 24 50.61153 -0.03957367
p 100 23 50.52364 -0.06468201
p 99 22 50.52364 -0.06365204
p 98 21 50.496815 0.004804611
p 98 20 50.433434 -0.15616989
p 97 19 50.40823 0.058021545
p 97 18 50.36362 -0.09612465
p 96 19 50.36362 0.006296158

c 21 15.262245
p 64 71 64.23796 0.7126503
p 65 72 64.68994 -2.553543
p 66 73 65.45724 1.6389198
p 67 74 66.58336 -1.1483574
p 66 75 67.432755 -1.5196495
p 67 76 68.15337 0.05609131
p 68 77 69.15074 0.022388458
p 67 78 76.108925 2.4379883
p 67 79 76.40672 -0.5125656
p 66 80 77.590836 1.8823471
p 65 81 79.500206 -1.9130135

c 22 0.4889679
p 67 29 50.773144 -0.22929955
p 68 28 50.758423 -5.950928E-4
p 69 27 50.72849 0.012403488
p 68 26 50.61845 -0.11374855
p 68 25 50.572166 -0.06624031
p 68 24 50.572166 6.866455E-4
p 68 23 50.537514 -0.0073776245
p 68 22 50.439404 -0.07734871
p 68 21 50.416294 -0.036022186
p 69 20 50.364105 0.046123505
p 68 19 50.289577 -0.04985428
p 69 18 50.284176 -0.038333893
p 70 18 50.284176 -0.036283493

c 23 2.2079391
p 73 204 52.479218 -0.018527985
p 74 205 52.211384 -0.07935715
p 74 206 52.10864 0.026443481
p 75 207 51.86525 0.013830185
p 75 208 51.66837 -0.13949776
p 76 209 51.609264 -0.05634308
p 77 210 51.474705 -0.017930984
p 78 211 51.32526 -0.07031059
p 77 212 51.269955 -0.1571846
p 76 213 51.121475 0.04196167
p 76 214 51.05682 -0.076187134
p 77 215 51.02044 0.023824692
p 76 216 50.905476 -0.064546585
p 77 217 50.880768 -0.040924072
p 77 218 50.842445 -0.06323242
p 77 219 50.731857 -0.07927704
p 78 220 50.686665 -0.15894508
p 78 221 50.664703 0.014240265
p 78 222 50.64652 0.0010261536
p 77 223 50.627625 -0.06733894
p 76 224 50.602943 -0.026470184
p 75 225 50.5431 -0.06272316
p 76 226 50.5322 -0.017921448
p 77 227 50.430862 0.04377365
p 76 228 50.32469 -0.011678696
p 75 228 50.27128 -0.14574242
p 76 229 50.27128 -0.055620193

c 24 12.148796
p 73 204 52.479218 0.2889576
p 74 203 52.754185 -0.15500641
p 75 202 53.041523 0.049253464
p 76 201 53.442215 0.1843319
p 77 200 53.76669 -0.11592865
p 77 199 54.094635 -0.07074356
p 78 198 54.64586 0.025226593
p 79 197 55.017467 0.06411362
p 80 196 55.35416 0.1696167
p 81 195 55.61208 -0.10977173
p 80 194 56.126472 0.06438255
p 79 193 56.571472 0.30196
p 78 192 57.056667 3.2483234
p 77 191 57.505657 2.1300812
p 76 190 58.112995 5.877676
p 77 189 58.77004 -1.5281181
p 76 188 59.406994 0.42947578
p 77 187 60.04394 3.1699982
p 78 186 60.71337 2.803402
p 79 185 61.375282 2.638279
p 80 184 62.03604 -3.3646965
p 79 183 62.722507 -1.3557014
p 78 182 63.39685 1.1454773
p 77 181 64.62801 0.98656845

c 25 0.8092079
p 75 27 50.714 -0.0712719
p 76 28 50.714 -0.015684128
p 76 29 50.761158 -0.04121971
p 77 30 50.84969 -0.07672691
p 77 31 50.893345 -0.078941345
p 78 32 50.93569 0.037311554
p 77 33 50.953346 -0.06843948
p 78 34 50.99613 0.020936966
p 77 35 51.11039 -0.07467651
p 77 36 51.125706 -0.07903671
p 77 37 51.295017 -0.045633316
p 77 38 51.3142 -0.14860153
p 76 39 51.465225 0.04432106
p 77 40 51.52321 -0.18218994

c 26 48.081413
p 78 152 98.43824 -1.0859909
p 79 153 96.6081 -5.0611725
p 80 154 94.72047 1.0986404
p 80 155 92.11276 -7.3070526
p 81 156 87.2785 -11.184418
p 82 157 86.10898 -11.649639
p 83 158 84.874985 -9.633865
p 84 159 84.20169 -7.4350014
p 85 160 82.73849 -6.827778
p 86 161 81.69155 -5.9963684
p 85 162 80.766495 -8.036068
p 84 163 80.01111 -7.7601357
p 83 164 79.45415 -3.406456
p 82 165 78.38346 -5.0064545
p 81 166 77.60441 -1.4952393
p 82 167 76.829704 3.8622742
p 81 168 76.001236 -0.90252304
p 82 169 75.16695 -5.7536507
p 83 170 74.48575 -7.2265472
p 84 171 73.872025 -6.4983788
p 85 172 73.290306 -5.287651
p 86 173 72.55257 -4.3223953
p 87 174 71.79771 -3.4538307
p 88 175 71.05692 0.46558762
p 89 176 70.390045 -3.5011902
p 88 177 69.71575 0.014507294
p 89 178 69.022194 -3.6004486
p 88 179 68.279655 -5.166687
p 87 180 67.54582 -2.9966965
p 86 181 66.80341 -1.0120621
p 87 182 66.05488 5.706768
p 88 183 65.42286 5.424206
p 89 184 65.10392 2.474472
p 89 185 64.96905 0.62277603
p 88 186 64.297844 -3.2347603
p 89 187 61.862823 -1.5921974
p 90 188 61.149834 2.569994
p 91 189 60.427822 1.437954
p 92 190 59.72665 -0.1701355
p 93 191 59.04731 -0.15800285
p 94 192 58.38372 1.3589153
p 95 193 57.75114 0.33233452
p 96 194 57.124317 0.34677124
p 97 195 56.516792 0.30940437
p 98 196 55.95764 -0.032075882
p 99 196 55.391266 0.014350891
p 100 197 54.916546 -0.14866257
p 101 198 54.57008 -0.111766815
p 102 199 54.16492 -0.05687332
p 103 200 53.783066 -0.07300377
p 104 201 53.464737 0.034664154
p 103 202 53.041874 -0.09043884
p 103 203 52.785713 -0.20520401
p 104 204 52.54498 -0.014770508
p 103 205 52.227074 0.0052394867
p 104 206 51.934868 -0.13983154
p 105 207 51.70696 0.06719208
p 104 208 51.613712 -0.038089752
p 104 209 51.48542 -0.020690918
p 103 210 51.3311 -0.08090401
p 104 211 51.30051 -0.021097183
p 104 212 51.18919 -0.20250893
p 103 213 51.077343 -0.12000656
p 102 214 50.978767 -0.04701042
p 101 215 50.89253 -0.15750504
p 101 216 50.89253 -0.026378632
p 102 217 50.825916 -0.06462097
p 103 218 50.74535 -0.051631927
p 104 219 50.703045 -0.091861725
p 105 220 50.617886 0.042682648
p 105 221 50.527252 -0.043462753
p 106 222 50.45524 -0.029155731
p 105 223 50.45341 -0.031414032
p 104 224 50.403778 -0.036815643
p 105 225 50.356827 -0.069028854
p 105 226 50.356827 -0.028888702

c 27 0.60305786
p 82 30 50.819477 -0.02220726
p 83 31 50.87897 -0.03524971
p 83 32 50.937122 -0.05677986
p 84 33 51.005474 -0.057411194
p 84 34 51.005474 8.8119507E-4
p 84 35 51.076485 0.029762268
p 84 36 51.13914 0.052137375
p 83 37 51.152008 -0.12893105
p 82 38 51.18037 -0.09099388
p 83 39 51.327606 0.01797676
p 82 40 51.422535 -0.020151138

c 28 12.800217
p 82 87 77.68305 -4.3391724
p 83 86 76.68859 -2.5937996
p 84 85 75.97962 -2.7358208
p 85 84 75.25764 -1.9121246
p 86 83 74.59595 0.19626236
p 87 82 73.96224 0.85990906
p 88 81 73.326965 5.418869
p 89 80 72.43766 5.25177
p 90 79 71.771225 6.3232803
p 91 78 71.11285 -3.9714928
p 90 77 70.42461 5.4850006
p 91 76 69.65714 4.5974503
p 92 75 68.9804 3.0692787
p 93 74 68.29823 -2.1054268
p 92 73 67.610115 0.48246765
p 91 72 66.955574 3.7028542
p 90 71 66.297 2.36306
p 89 70 65.55122 -3.070671
p 88 71 64.882835 -3.396183

c 29 18.596
p 82 87 77.68305 -2.2057457
p 83 88 78.41552 0.35289764
p 84 89 79.251526 -0.4883995
p 85 90 79.82338 -0.37107468
p 86 91 80.38834 -1.9519463
p 85 92 80.89056 5.643299
p 86 93 81.635735 2.2988358
p 85 94 82.46571 0.31088257
p 84 95 83.25505 -2.5187416
p 85 96 83.97051 3.1214294
p 84 97 89.07046 2.056034
p 83 98 90.681015 -2.6259003
p 84 99 91.012276 1.8508377
p 85 100 91.380005 -2.7228699
p 86 101 91.732765 -5.7092323
p 87 102 96.27905 -2.0435371

c 30 0.7200661
p 86 230 50.278496 -0.09573364
p 87 229 50.278496 -0.08470917
p 88 228 50.317398 -0.09245682
p 88 227 50.32705 -0.09287453
p 89 226 50.396484 -0.05249214
p 89 225 50.420216 -0.057340622
p 90 224 50.478413 -0.030117035
p 89 223 50.478413 -0.09510803
p 90 223 50.487946 -0.1110878
p 91 222 50.53188 0.0070209503
p 90 221 50.55851 9.1171265E-4
p 91 220 50.685623 -0.07444382
p 92 219 50.69727 -0.10168648
p 92 218 50.717983 0.009395599
p 93 217 50.78699 -0.10443878
p 93 216 50.863647 0.026449203
p 93 215 50.90724 0.08270836
p 94 214 50.94165 -0.081804276
p 94 213 50.99856 -0.10767746

c 31 45.11297
p 90 184 65.31163 -1.4684525
p 91 183 65.66748 -2.3446884
p 92 182 66.18653 -2.5955315
p 93 181 66.85318 -1.3785057
p 94 180 67.60013 0.048034668
p 95 179 68.36862 0.4272499
p 96 178 69.18743 -1.7005844
p 95 177 69.96348 5.4518204
p 96 176 70.588264 2.4628563
p 97 175 71.1688 2.3512993
p 98 174 71.797195 1.9063148
p 99 173 72.485085 1.4855652
p 100 172 73.2405 0.2844963
p 101 171 73.91281 0.5289192
p 102 170 74.727646 0.3019066
p 103 169 75.42452 -0.50286484
p 104 168 76.16144 -0.32827377
p 105 167 76.93709 0.27876282
p 106 166 77.75427 0.08898926
p 107 165 78.55365 -0.52202606
p 108 164 79.36689 4.5383186
p 109 163 80.1964 -3.6003609
p 108 162 80.978935 5.037388
p 109 161 81.999695 -3.0829964
p 110 160 82.94123 -3.8861732
p 111 159 83.836685 -2.899994
p 112 158 84.74338 -4.7647476
p 113 157 85.41179 -4.4442444
p 114 156 86.70756 -1.4922218
p 115 155 87.6146 -3.7308578
p 116 154 88.75632 -1.4108238
p 117 153 91.03319 -2.9544868
p 118 152 93.37379 -0.13599396
p 117 151 95.052025 4.279358
p 118 150 96.63634 2.2386627
p 119 149 98.18297 -1.1513062
p 118 148 100.55981 -3.1780815
p 117 147 105.0605 -0.6814194
p 116 146 105.25459 -2.088375
p 115 145 106.70548 -1.5314369
p 114 144 108.22435 0.3310356
p 114 143 108.94632 0.35710907
p 113 142 109.513855 0.38440704
p 112 141 109.98657 0.17983627
p 111 140 110.202225 -0.19789886
p 112 139 110.4246 -0.10443497

c 32 26.675377
p 91 80 72.52065 -4.059784
p 92 81 73.29372 -9.1607895
p 93 82 74.03646 -9.777218
p 94 83 74.781494 -7.3953896
p 95 84 75.51058 -4.6510277
p 96 85 76.20393 -3.0126534
p 97 86 76.885056 -3.3128242
p 96 87 77.58107 3.435402
p 97 88 78.40056 -1.0627747
p 98 89 79.22905 -3.0342407
p 99 90 80.20997 -2.7877502
p 100 91 80.88098 -3.0447197
p 99 92 81.57691 -1.8083076
p 100 93 82.307365 -5.0940475
p 101 94 83.043724 -4.56382
p 102 95 83.865845 -6.7088737
p 103 96 84.87921 -3.7794647
p 102 97 85.78855 4.451767
p 103 98 86.629814 -1.1328697
p 102 99 87.5006 1.9418678
p 103 100 88.436455 -9.7720375
p 104 101 89.46251 -4.230259
p 103 102 90.5655 -9.9711685
p 102 103 91.68467 -9.904957
p 101 104 92.886284 -5.5541267
p 102 105 95.0477 3.4988022
p 101 106 97.04938 -6.9974976
p 100 107 99.19603 -5.8691483

c 33 21.208336
p 97 151 98.25052 -4.1088295
p 98 152 94.34135 -9.127232
p 99 153 92.18056 -1.5093079
p 98 154 88.92604 -7.123577
p 99 155 87.290726 0.12726212
p 98 156 86.14506 -8.570499
p 97 157 85.042564 -5.523117
p 98 158 84.25033 -8.897804
p 99 159 83.33336 -8.035027
p 100 160 82.597244 -2.5813751
p 99 161 81.62864 4.6914215
p 100 162 80.96935 2.762825
p 99 163 80.22211 2.202961
p 100 164 79.43303 -2.192112
p 101 165 78.77268 -3.208027
p 102 166 77.90077 -4.176937
p 103 167 77.04218 -1.6659431

c 34 8.641575
p 98 186 60.13463 2.0298958
p 98 187 59.537212 5.319378
p 98 188 59.009224 2.5763512
p 99 189 58.408245 3.4586964
p 100 190 57.684654 2.0993176
p 100 191 57.031742 6.5601635
p 101 192 56.59012 4.827364
p 102 193 56.0394 1.3679981
p 103 194 55.604378 -0.085012436
p 104 195 55.295853 -0.0067863464
p 105 196 54.939144 -0.12587166
p 106 197 54.482044 -0.14831543
p 107 198 54.008343 -0.14780045
p 108 199 53.719704 -0.11894798
p 109 200 53.43871 -0.13241005
p 110 201 53.124615 -0.061990738
p 109 202 52.936646 0.024093628
p 108 203 52.722393 0.011816025
p 108 204 52.452015 -0.042901993
p 109 205 52.230392 0.0550251
p 108 206 52.01435 0.004175186
p 108 207 51.77701 0.030866623
p 107 208 51.650673 7.6293945E-4
p 106 209 51.575073 0.078100204
p 105 210 51.493053 0.096120834

c 35 6.771927
p 99 63 57.522717 -0.09754372
p 100 62 57.168873 0.12828636
p 101 61 56.723625 -0.033727646
p 101 60 56.39656 0.1128521
p 102 59 56.05552 0.16139412
p 103 58 55.656403 -0.17203331
p 104 57 55.46245 0.0711174
p 103 56 55.18618 -0.054958344
p 102 55 54.79192 -0.0057373047
p 102 54 54.52252 -0.004629135
p 102 53 54.19778 -0.15982437
p 102 52 53.807602 -0.06270981
p 102 51 53.546974 -0.06232643
p 102 50 53.21083 -0.15730667
p 103 49 52.998142 0.05866623
p 104 48 52.68926 -0.03447151
p 104 47 52.471886 0.08449745
p 105 46 52.38652 0.050432205
p 104 45 52.23641 0.020412445
p 103 44 52.089085 -0.06715584
p 104 43 51.98429 0.058403015
p 103 42 51.794373 -0.037166595
p 104 41 51.721886 0.029298782
p 105 40 51.558807 0.06862259
p 106 39 51.473602 0.016695023
p 107 38 51.423725 -0.08359337
p 106 37 51.365414 -0.044319153
p 106 36 51.338657 -0.10667038
p 106 35 51.32412 -0.15289688
p 105 34 51.271427 0.028316498
p 106 33 51.1408 -0.14795113
p 107 32 51.08711 -0.10235596
p 107 31 51.036327 -0.09802818
p 107 30 50.947357 -0.07044029
p 106 29 50.905144 0.028871536
p 106 28 50.75079 -0.105709076
p 105 28 50.75079 -0.033491135

c 36 7.0141945
p 99 63 57.522717 5.718609
p 100 64 58.079746 4.3185654
p 101 65 58.58023 4.03434
p 102 66 59.335003 1.4546165
p 103 67 59.94866 -0.88189316
p 104 68 60.57841 -2.7935066
p 105 69 61.227238 -1.0572357
p 106 70 62.226208 1.7802105
p 105 71 62.704575 0.9223099
p 104 72 63.30796 -1.9085255
p 105 73 63.93278 7.209408
p 104 74 64.53691 -0.29029465

c 37 19.986336
p 101 143 109.98787 0.02072525
p 101 144 109.58744 -0.55329895
p 102 145 109.10383 -0.7497368
p 103 146 108.367905 -0.18698883
p 104 147 107.66453 0.07079697
p 105 148 106.861115 0.87859344
p 106 149 106.28691 -0.46489716
p 107 149 105.2662 -0.034561157
p 108 149 103.85649 -3.3003654
p 109 150 102.13203 -3.7986717
p 110 151 100.53535 -4.618103
p 111 152 99.34399 -5.5588913
p 112 153 97.56674 -5.122265
p 113 154 95.06172 -3.226513
p 114 155 90.00153 -0.77101517

c 38 49.571735
p 106 47 52.53564 -0.032352448
p 107 48 52.70708 -0.08522797
p 106 49 52.998577 0.09658432
p 107 50 53.12324 -0.27076912
p 108 51 53.60391 0.18523788
p 107 52 53.8849 -0.09800339
p 108 53 54.271774 -0.002210617
p 109 54 54.650627 -0.004720688
p 110 55 55.085396 -0.08694649
p 111 56 55.337395 -0.064538956
p 110 57 55.583107 0.109500885
p 111 58 55.87221 -0.08079147
p 112 59 56.201546 -0.001285553
p 113 60 56.472027 -0.14116287
p 114 61 56.838486 -0.06314659
p 115 61 57.1513 -0.2594967
p 116 62 57.687935 1.8811188
p 117 61 58.2927 0.13179588
p 118 62 58.906864 -0.1518116
p 119 63 59.519455 1.4234734
p 120 64 60.16287 0.06986427
p 121 65 60.82294 0.06288719
p 122 66 61.556824 0.16599655
p 123 67 62.30698 -1.2865124
p 122 68 62.972008 4.05505
p 123 69 63.62429 3.6995735
p 124 70 64.30673 4.0260353
p 125 71 65.23918 4.0525284
p 126 72 65.93601 -0.07349777
p 125 73 66.598274 0.65441513
p 124 74 67.25066 1.4414711
p 123 75 67.89949 2.9160385
p 122 76 68.55914 0.66026306
p 123 77 69.24864 0.86670685
p 124 78 69.96213 1.4235153
p 125 79 70.67691 0.23743057
p 126 78 71.401695 -8.603214
p 127 79 72.10081 -8.208763
p 128 80 72.80094 -8.381783
p 129 81 73.602684 -5.0831757
p 130 82 74.205734 -2.4742737
p 131 83 74.85927 -2.7845802
p 132 84 75.5189 -1.8106079
p 133 85 76.20006 0.029903412
p 132 86 76.92585 -1.2465172
p 131 87 77.68192 -1.1869736
p 130 88 78.44515 -2.7013512
p 131 89 79.2072 5.1734734
p 130 90 80.0955 -1.2713623
p 129 91 81.14052 -2.777073
p 130 92 82.229546 -1.0145035
p 131 93 84.8956 2.9031792
p 131 94 85.80537 2.9650154
p 132 95 87.02754 -1.5309753
p 133 96 88.062614 -1.6162605
p 134 97 88.929825 0.37620926
p 133 98 89.781364 -4.384575
p 132 99 90.67289 -5.9942474
p 131 100 91.499306 -6.5110245
p 130 101 92.24448 0.07978439
p 131 102 93.00947 -4.9855576
p 132 103 93.92298 -1.5804634
p 133 104 94.7999 -4.4219246
p 134 105 95.459564 -4.8103485
p 135 106 97.53076 -1.1387291
p 134 107 97.8826 -4.6515884
p 133 108 101.94776 1.1274948
p 133 109 102.107376 1.822567

c 39 1.4614983
p 108 20 50.454247 -0.008419037
p 109 21 50.50517 -0.06806755
p 110 22 50.512115 -0.016393661
p 109 23 50.567917 -0.005947113
p 109 24 50.578186 -0.085128784
p 108 25 50.653645 0.038267136
p 109 26 50.71392 -0.12506104
p 110 27 50.795174 -0.06939697
p 110 28 50.888813 0.048151016
p 111 29 50.930748 -0.0016746521
p 112 30 50.950752 -0.0059318542
p 112 31 50.967163 -0.073841095
p 113 32 51.10442 0.10085297
p 114 33 51.190014 -0.083278656
p 114 34 51.28592 -0.029140472
p 114 35 51.342754 -0.057712555
p 113 36 51.40176 -0.0399189
p 113 37 51.45574 0.04202652
p 112 38 51.52067 -0.023088455
p 112 39 51.582417 0.012763977
p 112 40 51.67272 -0.17695236
p 112 41 51.742096 -0.14738655
p 112 42 51.915745 -0.062597275

c 40 3.0631905
p 111 200 53.330093 -0.06536102
p 112 201 53.088966 -0.097766876
p 113 202 52.849533 -0.060834885
p 114 203 52.5466 -0.0037879944
p 114 204 52.44246 0.044956207
p 113 205 52.217148 -0.08932686
p 114 206 52.08279 -0.035814285
p 114 207 51.83778 -0.20516968
p 113 208 51.73372 0.043281555
p 113 209 51.613304 0.028734207
p 112 210 51.392014 0.048231125
p 112 211 51.27712 0.06448555
p 113 212 51.123066 0.01625824
p 113 213 51.06561 0.016088486
p 114 214 51.016815 0.009256363
p 115 215 50.928413 0.04300499
p 116 216 50.869457 -0.0150260925
p 117 217 50.798027 -0.011190414
p 118 217 50.73306 -0.016218185
p 119 217 50.73306 -0.15343094
p 120 218 50.679905 -0.04082489
p 120 219 50.634075 -0.0021591187
p 121 220 50.634075 -0.012262344
p 122 221 50.58548 0.014158249
p 123 222 50.55457 -0.109069824
p 124 223 50.52403 -0.019205093
p 124 224 50.492317 -0.13207626
p 123 225 50.406063 -0.006055832
p 124 226 50.369244 -0.08844948
p 125 227 50.292347 -0.044315338
p 124 228 50.266903 0.019701004
p 124 229 50.266903 -0.041502

c 41 15.196701
p 112 94 86.5665 -0.9206009
p 113 93 82.756546 -2.9398003
p 114 92 82.03686 -1.3393173
p 115 91 81.68973 0.27177048
p 116 90 80.34845 1.6346092
p 117 89 79.10209 -0.57466507
p 116 88 78.16135 -5.1884613
p 117 87 77.593 -7.587349
p 118 86 76.99186 -8.328453
p 119 85 76.446846 -8.118622
p 120 84 75.94063 -6.5474014
p 121 83 75.38353 -4.7393265
p 122 84 74.74884 7.780205
p 123 83 74.037994 3.34441
p 124 82 72.641304 -3.805748
p 123 81 71.999 2.4139977
p 124 80 71.3698 -0.68577576

c 42 13.859032
p 117 109 99.62473 -4.6419334
p 118 108 98.36203 -7.5981903
p 119 107 97.41514 -8.945477
p 120 106 96.51352 -7.431862
p 121 105 95.692 -4.2160797
p 122 104 94.751 -4.8670616
p 123 103 93.92558 -2.840786
p 122 102 93.13323 3.5922508
p 123 101 92.143906 -5.2980576
p 124 100 91.37857 -6.317314
p 125 99 90.53053 -5.29842
p 126 98 89.668335 -5.0190277
p 127 97 88.7919 -6.8013306
p 128 96 87.85085 -7.804981
p 129 95 86.831604 -6.861038
p 130 94 85.7657 -3.2276

c 43 3.395214
p 119 198 53.965946 -0.0059375763
p 120 199 53.6199 0.06583977
p 120 200 53.28979 0.09912491
p 121 201 53.007843 0.046733856
p 120 202 52.78367 0.044553757
p 121 203 52.58992 0.04446602
p 122 204 52.318794 -0.13348007
p 122 205 52.095108 -0.03227806
p 123 206 51.94699 0.17819405
p 122 207 51.72439 -0.07417679
p 123 208 51.694817 0.12569427
p 124 209 51.453808 -0.07600403
p 124 210 51.39288 -0.065633774
p 124 211 51.331997 -0.06856346
p 123 212 51.22205 -0.019062042
p 123 213 51.155514 0.072956085
p 124 214 51.01114 0.0650444
p 124 215 50.874638 0.0079574585
p 125 216 50.844666 -0.020534515
p 125 217 50.791008 0.0031318665
p 125 218 50.76054 -0.082891464
p 125 219 50.71781 0.11764908
p 124 220 50.588375 0.016889572
p 124 221 50.570732 -0.021659851

c 44 5.8302765
p 119 198 53.965946 0.02517128
p 120 197 54.322796 -0.037664413
p 121 196 54.6849 0.087976456
p 122 195 55.025063 0.011013031
p 123 194 55.406113 -0.012620926
p 122 193 55.877956 0.24373436
p 123 192 56.437336 -0.17498207
p 123 191 56.9167 -0.24284172
p 123 190 57.487797 3.8590603
p 124 189 58.087234 3.8845997
p 123 188 58.79232 -2.521099
p 124 187 59.796223 -1.8928413

c 45 1.0165176
p 120 34 51.222485 -0.05804062
p 121 33 51.222485 -0.007730484
p 122 32 51.124195 -0.19019699
p 123 31 51.05858 -0.052700043
p 123 30 51.01918 -0.010757446
p 124 29 50.967503 -0.073488235
p 125 28 50.915283 0.12831688
p 126 28 50.845432 0.05378723
p 127 27 50.827415 -0.014953613
p 128 26 50.796684 -0.028997421
p 127 25 50.750317 -0.121040344
p 126 24 50.743504 -0.07283974
p 125 23 50.615993 -0.12512779
p 124 22 50.615993 0.062625885
p 123 21 50.5735 -0.051080704
p 124 20 50.5735 0.05337143
p 125 19 50.501995 -0.09578323
p 126 18 50.501995 0.073451996
p 125 17 50.433907 -0.074308395
p 126 16 50.421078 -0.04942131
p 126 15 50.421078 -0.006336212
p 125 14 50.34265 -0.003835678
p 124 13 50.261837 0.050073624
p 123 12 50.247574 -0.018972397
p 123 11 50.205967 -0.014213562
p 123 10 50.205967 0.021657944

c 46 0.85017395
p 127 17 50.45814 -0.055229187
p 128 18 50.47436 -0.143219
p 128 19 50.49017 0.070531845
p 128 20 50.61321 0.030698776
p 127 21 50.63528 -0.117860794
p 128 22 50.674843 -0.017250061
p 128 23 50.710392 -0.03096962
p 129 24 50.7676 0.041072845
p 130 25 50.7676 0.0044441223
p 131 26 50.771767 -0.03831482
p 130 27 50.84425 0.13159561
p 131 28 50.910904 0.008644104
p 132 29 50.982075 0.13316917
p 131 30 51.052223 8.678436E-4
p 130 31 51.103405 -0.030744553
p 129 32 51.182137 -0.06254578
p 128 33 51.268482 0.026798248
p 129 34 51.308315 -0.105091095

c 47 59.927383
p 127 142 109.989204 -0.15138626
p 128 143 109.72266 -0.1886406
p 129 144 109.218414 -0.14169312
p 130 145 108.6508 -0.057495117
p 131 146 107.44967 -0.52056503
p 132 147 106.07019 -0.6037979
p 133 148 104.45923 -1.2504883
p 134 149 103.62012 -2.1499557
p 135 150 100.50943 -4.5535774
p 136 151 98.24343 -2.2084045
p 135 152 96.190796 -5.151577
p 134 153 94.473404 -4.624443
p 135 154 93.282166 -9.25816
p 136 155 92.286804 -8.912521
p 137 156 91.37386 -7.5068283
p 138 157 90.49888 -3.744915
p 137 158 89.49271 -6.3489685
p 136 159 88.65138 0.5084572
p 137 160 87.37351 -3.15205
p 138 161 86.67994 -2.5306168
p 139 162 85.946205 -2.2361183
p 138 163 85.159164 0.17309189
p 139 164 84.44451 -2.8577538
p 140 165 83.77312 -1.3063354
p 139 166 83.0679 0.51155853
p 138 167 82.56933 -1.3984108
p 137 168 82.07542 2.3475456
p 138 169 81.58009 2.4795723
p 138 170 80.71904 -1.5525131
p 139 171 74.26457 -6.046402
p 140 172 73.4772 -5.260048
p 141 173 72.87614 -3.8392868
p 142 174 71.943855 -3.3423996
p 141 175 71.05295 -2.864025
p 140 176 70.39181 2.5553436
p 141 177 69.848206 4.7061844
p 142 178 69.30761 2.9017944
p 143 179 68.72812 -0.49256134
p 144 180 67.71922 -3.6075935
p 143 181 66.6729 5.1869583
p 144 182 65.488106 0.2207222
p 145 183 64.82051 1.0685577
p 146 184 63.940083 2.6375008
p 147 185 63.35458 7.429783
p 147 186 63.03967 2.111866
p 146 187 61.47317 -1.1862774
p 147 188 60.7419 1.8322487
p 146 189 60.010708 5.119631
p 147 190 59.29776 3.2705536
p 146 191 58.596165 5.584585
p 145 192 57.91417 4.5443306
p 144 193 57.26441 0.011711121
p 145 194 56.642952 -0.630661
p 144 195 56.138885 -0.400671
p 143 196 55.44691 -0.12592697
p 143 197 54.89563 -0.38404083
p 142 198 54.358765 0.009584427
p 142 199 53.964733 -0.039024353
p 141 200 53.572086 0.094236374
p 140 201 53.148186 0.15813255
p 139 202 52.818325 -0.17861176
p 138 203 52.540974 -0.033161163
p 139 204 52.273495 0.025016785
p 138 205 52.03003 0.08754349
p 139 206 51.895638 -0.09004784
p 139 207 51.72201 -0.16181564
p 140 208 51.72201 -0.06286812
p 140 209 51.571873 -0.06141281
p 139 210 51.48299 -0.11796379
p 138 211 51.420185 -0.055000305
p 139 212 51.329586 -0.03722763
p 140 213 51.198883 -0.029420853
p 141 214 51.093323 -0.06416702
p 141 215 50.96202 -0.14996147
p 142 216 50.867744 0.030151367
p 143 217 50.84307 0.055469513
p 142 218 50.732723 0.012866974
p 141 219 50.68836 0.0325222
p 142 220 50.645706 0.051815033
p 142 221 50.59434 -0.14703178
p 143 222 50.587845 -0.029972076
p 144 223 50.48017 -0.17066765
p 145 224 50.48017 -0.097673416
p 145 225 50.471146 0.0023059845
p 146 226 50.38986 0.04109001
p 147 227 50.3492 0.03401375
p 148 228 50.308514 -0.047367096
p 149 228 50.30508 -0.12724113
p 150 229 50.285942 -0.06472778
p 150 230 50.268154 -0.06801987
p 150 231 50.230244 0.045560837
p 149 232 50.18338 0.022417068
p 150 233 50.170822 -0.13917732
p 150 234 50.170822 -0.053346634
p 149 235 50.158695 -0.10739517
p 148 236 50.158695 -0.03993416
p 148 237 50.14264 0.020515442
p 148 238 50.119003 -0.123106
p 147 239 50.1066 -0.012176514
p 148 240 50.101353 -0.07352829
p 149 241 50.080788 -0.11418915
p 149 242 50.06182 -0.008628845
p 150 242 50.06182 -0.04291153

c 48 6.2430725
p 131 193 56.427444 0.058149338
p 132 194 55.910625 -0.109399796
p 133 195 55.437412 0.051784515
p 132 196 54.965557 0.027023315
p 133 197 54.502613 -0.1470108
p 134 198 54.151554 0.0621109
p 133 199 53.77074 -0.054555893
p 134 200 53.36925 -0.110048294
p 135 201 53.169945 -0.034090042
p 136 202 52.86749 -0.018217087
p 135 203 52.550488 0.019107819
p 135 204 52.300785 -0.09027672
p 136 205 52.065254 -0.11201286
p 137 206 51.91178 -0.05420494
p 137 207 51.791172 -0.14298248
p 137 208 51.635807 -0.08322525
p 136 209 51.56294 0.008090973
p 137 210 51.478916 0.015285492
p 136 211 51.392464 -0.09424782
p 135 212 51.34944 -0.03980446
p 135 213 51.160515 -0.15776253
p 135 214 51.087666 -0.031396866
p 135 215 51.03038 -0.13721275
p 134 216 50.950153 -0.06342697
p 133 217 50.809982 -0.030330658
p 133 218 50.777042 -0.044252396
p 134 219 50.75429 0.013887405
p 135 220 50.639156 0.058454514
p 135 221 50.603077 -0.09869766
p 135 222 50.547375 -0.18253708
p 136 223 50.53323 -0.008182526
p 137 224 50.49479 -0.087183
p 138 225 50.45465 -0.031209946
p 137 226 50.389046 8.773804E-4
p 137 227 50.36591 -0.0694828
p 138 228 50.36549 -0.14045143
p 137 229 50.306984 0.013839722
p 138 230 50.29077 -0.19245338
p 139 231 50.27617 -0.06537247
p 138 232 50.27341 -0.15810776
p 137 233 50.217457 -0.0752697
p 136 233 50.217457 -0.01407814
p 135 234 50.18529 0.003622055
p 134 233 50.184372 -0.00299263
p 133 233 50.184372 -0.09694862

c 49 7.8998566
p 131 193 56.427444 2.0931091
p 132 192 56.94222 3.6296673
p 133 191 57.47654 3.275938
p 134 190 58.03121 0.46515083
p 133 189 58.574078 2.2876892
p 132 188 59.147274 -0.28861237
p 133 187 59.77774 0.55908203
p 132 186 60.411095 5.791519
p 133 185 61.04349 3.2816658
p 134 184 61.611565 1.4176102
p 135 183 62.49981 -3.7174206
p 134 182 63.072296 -1.4213524
p 133 181 63.712265 -1.7000809
p 132 180 64.3273 -1.8138695

c 50 0.44467545
p 134 27 50.862583 -0.06926918
p 135 26 50.82931 -0.043849945
p 135 25 50.79332 -0.009531021
p 136 24 50.74912 -0.07896423
p 137 23 50.665825 0.027544022
p 137 22 50.65634 -0.044519424
p 138 21 50.63915 0.0079422
p 137 20 50.56433 -0.02658844
p 136 19 50.458847 -0.18592834
p 136 18 50.42992 -0.19973564
p 137 17 50.417908 0.03296852
p 136 17 50.417908 -0.022760391

c 51 3.1965408
p 141 51 53.55427 0.05485916
p 142 50 53.214542 -0.036972046
p 142 49 52.928 -0.10524368
p 143 48 52.807655 0.07481766
p 144 47 52.5938 -0.0044956207
p 144 46 52.35578 -0.033634186
p 143 45 52.319824 -0.067934036
p 142 44 52.212963 0.018081665
p 142 43 52.05635 -0.04553032
p 143 42 51.918076 -0.14155197
p 144 41 51.881107 0.071084976
p 144 40 51.764717 -0.24380112
p 143 39 51.71832 -0.0627861
p 144 38 51.582123 -0.22701073
p 145 37 51.44831 -0.012609482
p 146 36 51.366646 0.025068283
p 147 35 51.296078 -0.04828453
p 146 34 51.23518 0.10549736
p 147 33 51.083122 0.016429901
p 148 32 51.02099 -0.10847092
p 147 31 50.958508 0.07518005
p 147 30 50.958508 -0.06349373
p 148 29 50.92982 0.023639679
p 148 28 50.887592 0.035507202
p 148 27 50.87186 0.03685379
p 149 26 50.83743 -0.05120659
p 148 25 50.75818 -0.10113144
p 148 24 50.75818 -0.020399094
p 148 23 50.639565 -0.058992386
p 147 22 50.60253 0.010717392
p 147 21 50.538246 -0.09851074
p 146 20 50.53109 0.01821518
p 147 19 50.443195 -0.028774261
p 148 18 50.39901 -0.033634186
p 149 17 50.38212 -0.08280945
p 150 16 50.35773 -0.055437088
p 150 17 50.35773 0.008068085

c 52 6.3431053
p 141 63 57.214146 -0.10804367
p 142 62 56.92313 -0.12312508
p 142 61 56.64932 -0.10442734
p 142 60 56.23414 0.031139374
p 142 59 55.86913 -0.16608238
p 142 58 55.6026 0.13544464
p 143 57 55.12784 -0.024497986
p 144 56 54.758476 -0.0840683
p 145 55 54.568424 0.051259995
p 145 54 54.247463 -0.094875336
p 146 53 54.072697 0.051340103
p 147 52 53.747482 -0.008268356
p 147 51 53.5052 0.03323555
p 148 50 53.228016 0.022117615
p 148 49 52.976383 -0.019014359
p 147 48 52.76178 -0.03314209
p 148 47 52.581383 7.381439E-4
p 148 46 52.394836 0.04248047
p 147 45 52.254635 -0.052310944
p 148 44 52.187897 0.007873535
p 147 43 52.092346 0.009498596
p 147 42 51.94252 -0.14249802
p 148 41 51.88789 0.032665253
p 149 40 51.783554 0.019758224
p 150 39 51.568966 -0.11221886
p 151 38 51.489143 0.038778305
p 151 37 51.42928 -0.052423477
p 151 36 51.32932 -0.042377472
p 151 35 51.227554 -0.03135681
p 150 34 51.198727 0.025190353
p 151 33 51.082912 -0.0040664673
p 152 32 51.044792 -0.010873795
p 152 31 51.042637 -0.02225113
p 151 30 50.940277 0.0370121
p 151 29 50.902813 -0.033046722
p 151 28 50.87763 -0.13089752
p 150 27 50.87104 -0.05727005

c 53 8.691387
p 141 63 57.214146 2.3229923
p 142 64 58.100708 4.0361786
p 143 65 58.797764 3.2419643
p 143 66 59.58921 3.3245392
p 144 67 60.12375 -1.371521
p 143 68 60.74676 -0.41513062
p 144 69 61.444096 0.26114273
p 145 70 62.00068 -0.16648102
p 146 71 62.655968 -1.8157139
p 145 72 63.242756 4.8211594
p 144 73 63.87794 -2.4562683
p 145 74 64.501686 8.151817
p 144 75 65.19621 -0.9399185
p 145 76 65.90553 -0.4386177

c 54 38.524677
p 142 150 102.17852 0.1846962
p 143 151 100.37053 -0.7431488
p 143 152 99.57755 -2.2787323
p 144 153 95.52169 -5.370327
p 145 154 94.38706 -3.6074028
p 146 155 92.6294 -1.3441048
p 145 156 91.83894 -2.592846
p 144 157 90.886406 -0.087623596
p 145 158 89.73418 0.33988953
p 144 159 88.13387 -0.071647644
p 145 160 86.84642 -2.5114822
p 146 161 85.39114 -3.512455
p 147 162 83.29101 -6.4540596
p 148 163 80.9993 -3.636032
p 149 164 80.12872 -5.671829
p 150 165 79.267105 -6.0568237
p 151 166 78.38063 0.59098434
p 150 167 77.53049 3.2257347
p 151 168 76.58804 3.0367355
p 150 169 75.75825 1.8512764
p 151 170 74.87532 -1.247776
p 152 171 74.03865 -0.67977524
p 153 172 73.213776 0.52051544
p 154 173 72.40982 -1.7785225
p 155 174 71.6357 -3.322197
p 156 175 70.88829 -2.2122307
p 157 176 70.09694 0.370636
p 156 177 69.33291 1.1365013
p 155 178 68.612564 1.7789955
p 154 179 67.68498 1.2461052
p 153 180 66.92366 1.1914024
p 152 181 66.223694 2.2587051
p 151 182 65.4486 1.9347496
p 150 183 64.807076 1.077755
p 149 184 64.20997 -0.5922508
p 148 185 63.653843 -1.7749863

c 55 23.111122
p 146 143 105.46718 -1.1832161
p 147 144 103.84178 -3.6152763
p 148 145 102.260475 -4.938244
p 149 146 101.22841 -4.1350822
p 150 147 100.03108 -2.7927818
p 151 148 99.31293 -2.3829498
p 152 149 98.01387 -3.270218
p 153 150 97.30196 -0.6102104
p 154 151 96.54621 -0.25732422
p 155 152 95.79606 0.6683121
p 156 153 95.04833 -0.7019043
p 155 154 94.2076 1.5584984
p 154 155 93.21806 0.82255936
p 155 156 92.39841 2.6243858
p 154 157 91.03845 3.1764832
p 153 158 89.65788 1.5413399
p 152 159 88.09066 0.33533096
p 151 160 86.36919 -2.310402
p 150 161 84.43852 -4.9459076
p 149 162 82.35606 -6.0928

c 56 2.3887024
p 149 47 52.59795 -0.07066536
p 150 48 52.733295 -0.08047104
p 151 49 52.955345 -0.013305664
p 151 50 53.202824 -0.105205536
p 150 51 53.550667 -0.027992249
p 150 52 53.762 -0.13913536
p 151 53 54.05893 0.00671196
p 152 54 54.385483 -0.11176109
p 152 55 54.583427 -0.091371536
p 153 56 54.814636 -0.081949234
p 154 57 54.986652 0.09366226

c 57 39.886017
p 151 103 89.87327 -5.4990883
p 152 102 88.3324 -6.4543457
p 153 101 87.39977 -5.628937
p 154 100 86.31927 -6.514805
p 155 99 85.41451 -5.067192
p 156 98 84.446815 -5.903038
p 157 97 83.68602 -5.739479
p 158 96 82.63525 -4.4268303
p 159 95 81.81894 -3.0508842
p 160 94 81.14889 -4.6770973
p 161 93 80.514114 -4.2558746
p 162 92 79.67522 -3.8197823
p 163 91 78.98085 -4.900917
p 164 90 78.246414 -5.6786118
p 165 89 77.28025 -5.1956596
p 166 88 76.45377 -4.2651825
p 167 87 75.75112 -3.325714
p 168 86 75.021385 -4.991623
p 169 85 74.31513 -5.016548
p 170 84 73.631134 -3.2928162
p 171 83 72.94335 -2.2039375
p 172 82 72.24488 2.0720978
p 171 81 71.53656 3.1725388
p 170 80 70.82645 3.1842117
p 169 79 70.138824 1.9042587
p 168 78 69.472725 -3.2206001
p 169 77 68.79346 2.4047508
p 168 76 68.10166 -4.0499954
p 169 75 67.4529 3.374504
p 168 74 66.83626 3.7032776
p 167 73 66.25491 3.657875
p 168 72 65.6665 11.188473
p 169 71 65.06723 8.272205
p 170 70 64.4406 5.9032326
p 171 69 63.80043 3.1657448
p 170 68 63.173775 -1.4087868
p 171 67 62.44891 -0.75888443
p 170 66 61.450733 2.3990307
p 171 65 60.80662 3.77528
p 170 64 60.181164 5.9749126
p 169 63 59.545334 5.0639076
p 168 62 58.910393 1.418417
p 167 61 58.305077 -0.51384926
p 166 60 57.73835 -0.5486145
p 165 59 57.179268 -0.39603806
p 164 58 56.608414 -0.25904083
p 163 57 56.076435 -0.34038544
p 162 56 55.559605 -0.29488945
p 161 55 55.074707 -0.007587433
p 161 54 54.6102 0.06879616
p 161 53 54.18489 -0.08523941
p 161 52 53.82784 0.028829575
p 161 51 53.522373 -0.18213844
p 161 50 53.17667 -0.06711578
p 160 49 52.92416 0.033952713
p 161 48 52.785378 0.019781113
p 161 47 52.551666 0.03752899
p 161 46 52.392136 -0.014732361
p 161 45 52.237938 0.069755554
p 162 44 52.001953 -0.103061676
p 162 43 51.95509 0.006887436
p 163 42 51.82324 -0.070957184
p 163 41 51.82324 -0.008775711
p 164 40 51.710014 0.034111023
p 164 39 51.547615 -0.104543686
p 165 38 51.464985 0.095056534
p 166 37 51.311962 -9.0789795E-4
p 167 36 51.270443 -0.0025920868
p 168 35 51.210594 -0.11687279
p 167 34 51.136703 0.0030517578
p 167 33 51.136703 0.030136108
p 168 32 51.039825 -0.017534256
p 168 31 50.95485 -0.09758186
p 167 30 50.894173 -0.024906158
p 168 29 50.868416 -0.046743393
p 168 28 50.771454 0.01348114
p 167 27 50.67955 0.03350067
p 166 26 50.665142 -0.036190033
p 165 25 50.654102 0.0077266693
p 164 24 50.63561 -0.023292542
p 164 23 50.63561 0.0127773285
p 165 22 50.562737 -9.1171265E-4
p 164 21 50.53234 -0.008945465
p 165 20 50.463547 0.013910294
p 165 19 50.362396 -0.08032608
p 165 18 50.34423 -0.0029888153
p 164 17 50.29256 0.07247162
p 163 16 50.29256 -0.065805435
p 162 15 50.23241 0.041994095
p 161 14 50.23241 -0.19376564
p 160 13 50.19111 0.042049408
p 160 12 50.19111 0.009901047
p 161 11 50.093075 -0.054065704
p 161 10 50.08737 -0.029632568
p 162 9 50.083458 -0.03134346
p 163 9 50.083458 -0.035503387
p 164 8 50.045166 -0.023799896
p 165 8 50.023773 -0.13682175
p 166 7 50.009792 0.01102066
p 166 6 49.98725 -0.05353546
p 165 5 49.98725 -0.052801132

c 58 0.8710556
p 155 214 51.059113 -0.074502945
p 156 215 51.03376 -0.11691284
p 157 216 51.01602 0.034656525
p 158 217 50.913223 -0.0023479462
p 159 218 50.798534 -0.043045044
p 159 219 50.79232 -0.03684044
p 159 220 50.739788 -0.08996582
p 160 221 50.68984 -0.0041236877
p 160 222 50.648808 -0.16759491
p 159 223 50.590805 0.019004822
p 159 224 50.52072 -0.020448685
p 160 225 50.44985 -0.046569824
p 160 226 50.412437 -0.036827087
p 160 227 50.391396 -0.020740509
p 161 228 50.35621 -0.057724
p 162 229 50.319004 -0.06296921
p 163 230 50.231934 6.599426E-4
p 162 231 50.188057 -0.048286438
p 162 232 50.188057 0.018278122

c 59 0.66293716
p 156 36 51.31571 -9.689331E-4
p 157 35 51.268955 -0.005622864
p 157 34 51.141525 0.036268234
p 158 33 51.07464 -0.00642395
p 159 32 51.047287 -0.118198395
p 160 31 51.047287 -0.03781128
p 161 32 51.039215 -0.006341934
p 162 31 51.03876 -0.1417675
p 163 30 51.0361 -0.022079468
p 162 29 50.938858 -0.043821335
p 161 28 50.85675 0.029146194
p 162 28 50.85675 0.08377838
p 163 27 50.800987 -0.0038318634
p 164 26 50.686184 -0.11080551
p 164 25 50.65277 0.015476227

c 60 16.569183
p 158 104 94.67096 -2.6793747
p 159 103 92.19457 -5.2699776
p 160 102 91.26403 -5.506428
p 161 101 89.98916 -2.5700035
p 162 102 88.66261 3.8687592
p 163 101 87.67871 -2.0599403
p 164 100 86.74386 -2.3409958
p 165 99 85.96162 -2.9251938
p 166 98 85.325485 -2.9145546
p 167 97 84.721146 -3.1737366
p 168 96 84.16702 -2.8606415
p 169 95 83.62728 3.8531075
p 168 94 83.19403 -1.1156807
p 169 93 83.14779 0.36867523
p 168 92 79.678154 -2.9768639
p 167 91 78.86278 -1.3505287
p 166 90 78.101776 -1.6694183

c 61 4.374176
p 160 194 55.17271 -0.09139824
p 160 195 54.909172 0.12963104
p 161 196 54.549023 -0.18032455
p 160 197 54.366802 0.103580475
p 161 198 54.044903 0.08249092
p 161 199 53.74546 0.024318695
p 161 200 53.410614 0.014883041
p 160 201 53.04351 -0.12205696
p 161 202 52.85095 0.023738861
p 162 203 52.58832 -0.054878235
p 162 204 52.35583 0.032497406
p 161 205 52.101112 -0.07813835
p 160 206 51.984505 0.099723816
p 161 207 51.775417 -0.12897491
p 162 208 51.718945 -0.015520096
p 163 209 51.600494 -0.0825367
p 162 210 51.48568 -0.04409027
p 161 211 51.40362 -0.094480515
p 160 212 51.304913 -0.0045394897
p 161 213 51.221733 -0.10691261
p 162 213 51.134922 -0.1100235
p 162 214 51.134922 -0.015485764
p 163 215 51.023476 0.02127266
p 162 216 50.85003 -0.061719894
p 161 217 50.83032 -0.030841827
p 160 217 50.798534 -0.08212662

c 62 27.781967
p 162 76 69.21165 1.5472603
p 163 75 68.60718 0.030014038
p 164 74 68.049324 1.0083122
p 165 73 67.25067 1.3316536
p 166 72 66.65196 3.2242088
p 167 71 66.24333 0.19962692
p 168 71 65.64261 8.059246
p 169 70 64.586044 6.4292107
p 170 69 63.92879 4.079914
p 171 68 63.188942 -0.7043991
p 172 69 63.704315 -1.1981239
p 173 70 64.396736 -1.0729027
p 174 71 65.0484 0.31635666
p 175 72 65.73115 1.412899
p 176 73 66.521484 2.1475945
p 177 74 67.109024 3.1933174
p 178 75 67.757324 0.8736
p 177 76 68.42645 6.6812286
p 178 77 69.13689 7.3478966
p 179 78 69.74044 5.81176
p 180 79 70.555214 6.102047
p 181 80 71.429756 -1.0219154
p 180 81 71.92453 3.4049797
p 181 82 73.04129 2.623661
p 182 83 74.77542 5.875534
p 182 84 78.007385 7.4435463
p 183 85 78.50164 6.757744
p 184 86 80.10191 0.34256744
p 183 87 80.784225 1.5878181
p 184 88 81.25495 2.7312584
p 185 89 81.72786 3.7835732
p 186 90 82.19419 4.0147743
p 187 91 82.679375 -0.5811119
p 186 92 83.316574 -0.25787354
p 185 93 83.84622 2.1211395
p 184 94 84.4817 -2.4023666
p 185 95 85.08385 -3.5832176
p 186 96 85.77799 -3.6988068
p 185 97 86.59533 -3.9752998
p 184 98 87.22621 -3.41856
p 185 99 87.865456 -4.007679
p 186 100 88.79674 -4.604046
p 187 101 89.81879 -4.054779
p 188 102 90.97091 -3.8619423

c 63 53.179108
p 167 147 104.9153 0.6001282
p 167 148 103.399414 -1.8069725
p 168 149 100.281525 -4.288658
p 169 150 98.82519 -3.0042076
p 170 151 98.06281 -4.287697
p 171 152 97.30885 -3.562374
p 172 153 96.57357 0.76161575
p 171 154 95.92135 -0.37163162
p 170 155 95.29512 -0.23334122
p 169 156 94.61443 1.5737495
p 170 157 94.0167 1.2132607
p 170 158 92.224976 0.25251007
p 171 159 86.88396 -5.2016563
p 170 160 85.4091 4.855362
p 171 161 83.77786 -2.1206665
p 170 162 82.111946 -1.1799431
p 171 163 80.83863 -7.7030373
p 172 164 79.40714 -7.082779
p 173 165 78.209366 2.221737
p 172 166 77.45149 -1.8052635
p 171 167 76.711624 -3.4452858
p 172 168 75.978 4.7404823
p 171 169 75.20117 -0.6197815
p 170 170 74.485466 -0.2522812
p 169 171 73.78522 -0.4211998
p 168 172 73.0735 1.4559593
p 167 173 72.38233 -1.6297035
p 168 174 71.726814 2.276989
p 169 175 71.07523 2.783245
p 170 176 70.37276 3.0746117
p 171 177 69.61461 3.5141144
p 172 178 68.8614 4.605255
p 173 179 68.10073 3.0490112
p 174 180 67.35821 3.0971909
p 175 181 66.74967 4.8693047
p 176 182 66.390114 1.9656334
p 177 182 66.22296 3.2113762
p 177 183 66.22296 4.8941994
p 177 184 62.52872 -0.57595444
p 176 185 61.882874 1.1837082
p 177 186 61.167656 4.124546
p 178 187 60.50031 -2.6468887
p 177 188 59.79009 6.8046474
p 178 189 59.004948 2.6214104
p 179 190 58.13506 0.61390114
p 180 191 57.173798 1.9658241
p 181 192 56.5326 7.5671616
p 182 193 56.072304 3.0029602
p 183 194 55.65445 0.10254669
p 184 195 55.278492 -0.005422592
p 185 196 54.855087 0.07168579
p 186 197 54.47952 0.03643608
p 187 198 54.078583 0.02889824
p 188 199 53.725597 -0.07124138
p 189 200 53.371506 0.058460236
p 189 201 52.97224 -0.1446209
p 189 202 52.682785 -0.12744331
p 190 203 52.51321 0.15687561
p 189 204 52.2866 -0.1447773
p 188 205 52.079197 0.1453228
p 189 206 51.81797 -0.07633209
p 188 207 51.73619 -0.012992859
p 187 207 51.73619 0.03439331

c 64 11.586662
p 169 94 83.41023 1.1134834
p 170 95 83.89491 -1.1002426
p 171 96 84.48142 -1.7065697
p 172 97 85.201515 -0.41244507
p 173 98 86.17095 -3.5712128
p 174 99 87.06253 -0.10059357
p 173 100 88.42486 0.30646896
p 172 101 89.50922 0.8335304
p 173 102 90.17061 -0.5696068
p 174 103 91.03075 -1.905468
p 175 104 91.77624 -4.3596344
p 176 105 92.464424 -5.404808
p 177 106 93.116745 -7.1844597
p 178 107 93.70299 -7.0146103
p 179 108 94.20634 -6.163231
p 180 109 94.996895 -4.142002

c 65 0.786335
p 171 35 51.206966 -0.05757141
p 172 34 51.12044 -0.042297363
p 172 33 51.087845 -0.045402527
p 173 32 51.014343 -0.07880592
p 172 31 50.993496 0.03847885
p 172 30 50.887768 0.0070819855
p 172 29 50.79804 -0.06232834
p 173 28 50.748844 -0.14715195
p 174 27 50.733837 -0.14129257
p 175 26 50.71857 0.07489967
p 176 25 50.64985 0.041484833
p 177 24 50.597126 -0.05013275
p 178 23 50.57382 -0.13274384
p 179 22 50.520977 -0.0021839142
p 180 21 50.510868 0.03775978
p 179 20 50.42063 0.0049591064
p 179 19 50.42063 -0.08444214

c 66 4.9043694
p 180 59 56.00508 -0.19970131
p 181 58 55.577263 0.06841278
p 182 57 55.28335 -3.376007E-4
p 183 56 54.952442 0.1584034
p 184 55 54.623276 -0.051870346
p 185 54 54.25483 -0.12288666
p 186 53 53.96126 -0.10651779
p 187 52 53.57426 -0.13190842
p 188 51 53.2424 -0.09285736
p 189 50 52.94822 0.029823303
p 189 49 52.65094 -0.0704422
p 190 48 52.471302 -0.04970169
p 191 47 52.336838 0.033298492
p 192 46 52.09823 -0.049785614
p 192 45 52.03944 -0.15283203
p 192 44 51.939518 -0.03940773
p 192 43 51.784176 -0.037994385
p 191 42 51.70527 -0.24798012
p 190 41 51.657845 0.043561935
p 190 40 51.48815 -0.053930283
p 189 39 51.427 0.10660553
p 190 38 51.2745 -0.16542053
p 189 37 51.253986 0.10133362
p 188 36 51.10071 -0.053417206
p 189 36 51.10071 -0.058294296

c 67 15.808456
p 180 59 56.00508 -0.09249306
p 180 60 56.50049 0.0034389496
p 180 61 56.755013 -0.1556282
p 181 62 57.027344 -0.17947769
p 182 63 57.274456 3.2566376
p 183 63 57.803505 1.9460258
p 184 64 58.340115 -0.24913406
p 185 65 58.9025 2.1909351
p 186 66 59.48005 4.6413784
p 187 67 60.045353 -1.2493687
p 186 68 60.697205 2.2069244
p 187 69 61.394485 3.4249573
p 188 70 62.077126 3.099701
p 189 71 62.73225 0.21388626
p 188 72 63.376896 6.6669655
p 189 73 64.01144 4.6307373
p 188 74 64.64768 4.2245216
p 187 75 65.48876 -0.28871155
p 188 76 66.02406 6.616493
p 187 77 66.69963 0.48889923
p 188 78 67.301994 0.8271637
p 189 79 67.96773 0.54523087
p 190 80 68.65206 1.8098564
p 190 81 69.20793 6.0211334
p 190 82 69.815186 1.99506
p 191 83 70.518585 -0.35129166
p 192 84 71.19328 -0.9416275
p 193 85 71.81354 -1.3209953

c 68 0.31827927
p 182 24 50.58739 -0.0023956299
p 183 23 50.52926 -0.20247269
p 184 23 50.52926 -0.18030357
p 185 22 50.49458 0.0050373077
p 184 21 50.455605 0.017103195
p 184 20 50.410736 -0.11767769
p 184 19 50.39741 -0.013658524
p 184 18 50.352234 -0.03839302
p 184 17 50.33551 -0.04130745
p 184 16 50.32364 -0.112846375
p 185 15 50.290653 -0.16960716
p 186 15 50.26911 -0.10801315
p 187 16 50.26911 -0.04188919

c 69 7.566765
p 187 189 57.95643 -2.011837
p 188 190 57.233074 4.132084
p 187 191 56.49582 3.0548096
p 188 192 55.940197 1.4201794
p 187 193 55.473618 0.11293602
p 188 194 55.10298 0.11228371
p 189 195 54.69389 -0.10206032
p 190 196 54.4583 -0.037700653
p 190 197 54.14227 0.03203392
p 191 198 53.86526 -0.023862839
p 191 199 53.59293 -0.1683693
p 190 200 53.27415 -0.011648178
p 191 201 52.918304 -0.05588913
p 191 202 52.664677 -0.14694786
p 191 203 52.467392 -0.04724121
p 191 204 52.32594 -0.13098335
p 192 205 52.15414 -0.002752304
p 191 206 51.958908 0.018539429
p 192 207 51.820347 -0.029096603
p 192 208 51.820347 -0.06256294
p 192 209 51.699375 -0.06653404
p 193 210 51.537228 -0.14961624
p 192 211 51.483593 0.009614944
p 191 212 51.360718 0.0047073364
p 191 213 51.136383 0.04157257
p 191 214 51.09515 -0.06083107
p 191 215 51.02565 -0.13073921
p 190 216 51.02565 0.049728394
p 191 217 50.897205 -0.05768013
p 191 218 50.875362 -0.11933899
p 191 219 50.773525 -0.067230225
p 191 220 50.773525 -0.08428764
p 190 221 50.714535 0.06765175
p 190 222 50.62542 -0.06047821
p 190 223 50.62542 -0.044288635
p 190 224 50.60472 -0.028985977
p 191 225 50.539364 -4.1007996E-4
p 191 226 50.45215 -0.052455902
p 190 227 50.389664 -0.08827782
p 189 227 50.389664 -0.002626419

c 70 1.4440193
p 191 221 50.760918 -0.016496658
p 192 220 50.77665 0.08464813
p 193 219 50.79417 -0.0913887
p 194 218 50.85381 -0.018476486
p 193 217 50.875885 -0.061763763
p 194 216 51.045925 0.0822258
p 195 215 51.045925 -0.06468582
p 196 214 51.170708 -0.08949852
p 196 213 51.247738 0.049180984
p 197 212 51.33494 0.034553528
p 198 211 51.42097 -0.013975143
p 199 210 51.62519 0.11453438
p 198 209 51.6484 -0.05789566
p 197 208 51.68767 -0.094055176
p 196 207 51.870544 -0.041557312
p 195 206 52.009617 -0.15239525
p 195 205 52.141613 -0.085092545
p 196 204 52.204937 -0.3208046

c 71 0.90215683
p 196 43 51.879528 0.050117493
p 197 42 51.662853 -0.15202332
p 198 41 51.569084 -0.08363342
p 199 40 51.483215 -0.05195999
p 200 39 51.41636 -0.013731003
p 201 38 51.300945 -0.07748413
p 200 37 51.190407 0.034612656
p 200 36 51.13862 -0.006072998
p 201 35 51.094913 -0.09164429
p 201 34 51.04291 -0.122715
p 202 34 51.04291 -0.14849854
p 203 34 50.97737 -0.13801003
p 204 34 50.97737 -0.057682037

c 72 21.164913
p 196 172 71.480354 -5.5005875
p 197 173 70.69648 -8.036816
p 198 174 70.01799 -7.7540283
p 199 175 69.3428 -5.843544
p 200 176 68.47464 -4.7174683
p 201 177 67.779106 -2.8196182
p 202 178 67.12844 -0.5352402
p 203 179 66.46203 -3.6026344
p 202 180 66.011345 2.250721
p 203 181 65.1013 -1.6647682
p 204 182 64.44488 -3.109581
p 205 183 63.7622 -4.112133
p 206 184 63.08886 -4.026207
p 207 183 62.440136 7.5324326
p 208 184 61.774548 3.9270325
p 209 185 60.961784 0.49582672
p 210 186 60.30254 -0.40896034
p 209 187 59.64269 -1.7298622
p 208 188 58.98052 -2.4738293
p 209 189 58.34252 1.3763294
p 210 190 57.7211 -0.14804459
p 209 191 57.113354 4.636238
p 210 192 56.50668 4.9756813
p 211 193 55.93121 1.5837822
p 212 194 55.385937 -0.3192997
p 213 195 54.885464 0.047698975
p 212 196 54.42434 -0.13458061
p 212 197 54.0139 -0.17765045
p 213 198 53.757095 0.024850845
p 212 199 53.566708 0.15631676
p 213 200 53.258698 -0.030414581
p 212 201 53.067394 0.0876503
p 213 202 52.834145 -0.12137222
p 214 203 52.68616 -0.027421951
p 214 204 52.472046 -0.14540672
p 213 205 52.390915 -0.104040146
p 214 206 52.370132 0.094142914
p 213 207 52.204685 -0.03499794
p 212 208 52.04594 -0.082912445
p 212 209 51.939926 -0.052850723
p 212 210 51.79387 -0.11808205
p 211 211 51.558105 -0.111343384
p 210 212 51.455784 0.072473526
p 209 213 51.41412 0.09830284
p 208 214 51.304943 -0.09024429
p 207 213 51.303013 -0.06605911
p 206 214 51.266647 -0.04878044
p 206 215 51.266647 -0.13995934
p 205 216 51.151733 -0.03186798
p 204 217 51.028156 -0.034908295
p 203 218 51.028156 0.05019951
p 204 219 50.93167 -0.02930832
p 205 220 50.883602 0.0074005127
p 204 221 50.804928 -0.0870285
p 204 222 50.720127 -0.20039558
p 203 223 50.711205 0.05861664
p 202 224 50.634758 0.024999619
p 202 225 50.588398 -0.06536102
p 201 226 50.518112 -0.010393143
p 200 227 50.47564 -0.07499313
p 199 228 50.43787 -0.040107727
p 198 228 50.435574 0.09487343
p 197 229 50.363674 -0.0756855
p 198 230 50.330097 -0.022342682
p 199 231 50.31544 -0.082359314
p 198 232 50.31544 0.004901886

c 73 46.304928
p 199 155 96.39816 -1.6744118
p 200 156 95.7772 -0.5911827
p 201 157 95.182144 -0.119091034
p 202 158 94.60344 2.207096
p 203 159 93.98591 2.0462608
p 204 160 93.35127 0.60326767
p 205 161 92.535675 -0.4825859
p 206 162 91.91321 -0.075035095
p 207 163 91.32772 1.3611832
p 208 164 90.75981 2.8267136
p 209 165 90.193954 1.9387589
p 210 166 89.59709 2.2921448
p 211 167 88.98051 3.1453438
p 212 168 88.3563 2.645031
p 213 169 87.75415 2.3111725
p 214 170 87.07712 1.9453659
p 215 171 86.42677 -0.066734314
p 216 170 85.83206 3.1217995
p 217 171 85.328804 3.487812
p 218 172 84.583015 3.026165
p 219 173 83.983025 3.7289429
p 220 174 83.38771 3.6638603
p 221 175 82.799416 5.1909523
p 222 176 82.23005 5.740612
p 223 177 81.684456 6.990101
p 224 178 81.125786 7.186035
p 225 179 80.579025 4.8604355
p 226 180 80.0239 4.9572372
p 227 181 79.62668 2.773777
p 228 182 78.95774 0.9931488
p 229 183 78.42831 1.0707397
p 230 182 77.88499 8.098812
p 231 183 77.31602 7.8866005
p 232 184 76.68978 1.6218491
p 233 183 75.99296 2.8147087
p 234 184 75.30072 5.337887
p 235 185 74.77568 4.3207283
p 236 186 74.209564 -1.0006676
p 237 185 73.85192 3.7518654
p 238 184 73.04147 -0.7341957
p 239 185 72.43544 4.364731
p 240 186 71.828514 -0.14374542
p 241 185 71.23565 3.5712433
p 242 186 70.571594 0.17870331
p 243 185 69.765205 5.784355
p 244 184 69.04967 6.350971
p 245 183 68.58178 1.3506088
p 246 182 68.09474 1.6572533
p 247 183 67.55945 1.9922562
p 248 184 66.89195 5.807144
p 249 185 66.3273 1.0571365
p 250 184 65.83396 1.8742905
p 251 185 65.29213 5.418152
p 252 186 64.537674 8.132111
p 253 187 63.88418 19.226425
p 254 188 63.237946 0.0072631836
p 253 189 62.60167 16.300053
p 252 190 61.97717 -0.06875229
p 251 191 61.343704 1.3462334
p 250 192 60.72919 2.8042278
p 249 193 60.14466 -0.1756897
p 248 194 59.582672 -0.19847488
p 247 195 59.01627 0.17025948
p 246 196 58.459377 -0.006099701
p 245 197 57.93639 0.23989868
p 244 198 57.40843 0.06529236
p 243 199 56.87541 -0.011581421
p 242 200 56.36397 0.057250977
p 241 201 55.85131 0.045236588
p 240 201 55.38971 -0.40133095
p 239 202 55.034523 -0.18472672
p 238 203 54.663036 -0.25647163
p 237 204 54.308426 -0.21555138
p 236 205 54.00904 0.007095337
p 235 206 53.62383 -0.12537193
p 234 207 53.2892 0.01947403
p 234 208 52.92062 -0.0668087
p 235 209 52.652508 0.029691696
p 236 210 52.35516 -0.039592743
p 237 211 52.144558 -0.09495735
p 238 212 51.92376 0.122522354
p 239 213 51.656826 -0.12608719
p 239 214 51.476112 -0.095767975
p 239 215 51.37229 -0.03557396
p 240 216 51.325783 -0.016841888
p 239 217 51.2112 0.002046585
p 239 218 51.078613 -0.018692017
p 239 219 51.016235 -0.10215759
p 239 220 50.90137 -0.027011871
p 240 221 50.786343 0.008216858
p 241 222 50.70101 0.0062618256
p 242 223 50.687515 -0.062877655
p 243 224 50.687515 -0.030261993
p 244 225 50.63882 0.07569313
p 245 226 50.529194 -0.034130096
p 245 227 50.477222 -0.12950516
p 245 228 50.413673 -0.11458397
p 246 229 50.401085 -0.023010254
p 246 230 50.38972 -0.037269592
p 245 231 50.350727 -0.017416
p 245 232 50.28081 -0.1148777
p 246 233 50.22632 -0.12502289
p 247 234 50.18832 0.025907516
p 246 235 50.152176 -0.0680027
p 247 236 50.14239 0.049095154
p 246 237 50.12547 -0.014015198
p 246 238 50.122547 -0.062173843
p 245 239 50.093235 -0.01743126
p 245 240 50.093235 -0.03845024

c 74 0.940712
p 199 219 50.904453 -0.039287567
p 200 218 50.93331 -0.0039520264
p 201 217 51.004227 0.023687363
p 202 216 51.050728 -0.053167343
p 203 215 51.1816 0.041316986
p 203 214 51.262394 0.03752327
p 204 213 51.301895 -0.03671074
p 204 212 51.44994 0.0011138916
p 205 211 51.544537 0.047416687
p 204 210 51.634876 -0.06824112
p 204 209 51.702835 -0.17112732
p 203 208 51.845165 0.037164688

c 75 2.89748
p 200 21 50.423607 -0.060857773
p 201 22 50.423607 0.024297714
p 201 23 50.531574 -0.043533325
p 201 24 50.544994 -0.06024742
p 202 25 50.592113 0.006778717
p 201 26 50.66666 -0.013494492
p 202 27 50.67626 -0.108062744
p 203 28 50.772213 0.0041561127
p 204 29 50.85668 -0.07809067
p 205 30 50.901974 -0.04851532
p 205 31 50.928623 9.536743E-4
p 206 32 50.9406 -0.10431862
p 207 33 50.9406 -0.1849575
p 207 34 50.973286 -0.21424866
p 208 35 51.023705 0.052488327
p 207 36 51.02895 -0.10108185
p 206 37 51.244583 -0.115522385
p 206 38 51.289043 0.022750854
p 205 39 51.356236 0.0019359589
p 204 40 51.495403 0.042648315
p 203 41 51.634697 -0.012077332
p 203 42 51.672565 -0.038640976
p 203 43 51.824055 -0.083566666
p 204 44 51.937313 0.017145157
p 205 45 52.011852 -0.09458923
p 205 46 52.152275 -0.09906578
p 205 47 52.29978 -0.13162994
p 205 48 52.37826 -0.1348362
p 205 49 52.48022 -0.04601097
p 206 50 52.725403 -0.045553207
p 206 51 52.932587 -0.020654678
p 205 52 53.13886 -0.05724144
p 204 53 53.321087 0.006175995

c 76 27.187065
p 204 148 95.79631 -3.573845
p 205 149 95.04876 -2.2296562
p 206 150 94.13664 -1.6873131
p 207 149 93.457886 1.0482483
p 208 150 92.72957 1.1506844
p 209 151 91.89663 1.9286346
p 210 152 91.074356 1.2119102
p 211 153 90.33525 0.44267654
p 212 154 89.67583 0.76491165
p 213 155 89.19604 1.7145004
p 214 156 88.51966 3.7863655
p 215 157 87.92326 1.9043655
p 216 158 87.50765 1.7862434
p 217 159 86.80467 1.9566727
p 218 160 86.24304 2.662838
p 219 161 85.55033 4.145672
p 220 162 85.05808 5.375046
p 221 163 84.38833 5.361126
p 222 164 83.6333 5.1486435
p 223 165 82.51208 4.4618187
p 224 166 81.6215 1.9968872
p 225 167 80.99715 -0.20894623
p 226 168 80.33543 0.6568489
p 227 169 79.60184 1.5402374
p 228 170 79.02692 1.2153244
p 229 171 78.43769 0.22489929
p 230 172 77.77087 0.8379364
p 231 173 77.25488 0.609745
p 232 172 76.73741 0.79841995
p 233 173 76.12736 2.9426003
p 234 173 75.61513 4.711132
p 235 174 74.89048 3.8318977
p 236 175 74.427574 6.99963
p 237 176 73.89143 5.0195045
p 238 177 73.43144 4.1909103
p 239 178 72.864716 -0.44467163
p 240 177 72.73289 4.58601
p 241 177 72.28249 6.4829903
p 242 178 70.9541 5.290165
p 243 179 70.58754 5.236477
p 244 180 69.39304 5.9498672
p 245 181 68.609245 2.4842987

c 77 13.166008
p 205 144 96.76705 -5.163109
p 206 145 95.8506 -3.504734
p 207 146 95.304344 -2.1992874
p 208 147 94.511406 0.020187378
p 209 148 93.85669 -0.7944946
p 210 149 93.07546 -0.5583229
p 211 150 92.37884 0.61608887
p 212 151 91.67859 0.8400688
p 213 152 91.14582 -0.8189888
p 212 153 90.35132 3.5834618
p 213 154 89.57188 3.686123
p 214 155 88.912865 5.720173
p 215 156 88.2696 5.5043793
p 216 157 87.70914 6.8078957
p 217 158 87.18304 4.5307693
p 218 159 86.63951 6.0333786
p 219 160 86.112785 5.864361
p 220 161 85.539925 4.8172684
p 221 162 84.95615 4.7230835
p 222 163 84.34037 4.2049522
p 223 164 83.60104 5.201519

c 78 27.674126
p 207 138 100.850464 -1.6069489
p 208 139 99.82864 -0.94171906
p 209 140 99.017555 -0.002483368
p 210 141 98.0049 -1.0133171
p 211 142 97.09408 1.0584946
p 212 143 96.08881 0.3002472
p 213 143 94.539665 -1.0809135
p 214 144 93.49208 -1.180767
p 215 145 92.92757 -2.4254189
p 216 146 92.12298 -1.4270706
p 217 147 91.54357 0.0065727234
p 218 148 90.90028 -0.9026375
p 219 149 90.38058 1.3337097
p 220 150 89.948044 0.122657776
p 221 151 89.310684 -0.35609818
p 222 152 88.54727 1.2067108
p 223 153 87.88921 0.39082336
p 224 154 87.30496 2.113037
p 225 155 86.74773 3.5511093
p 226 156 86.16425 4.194828
p 227 157 85.5294 3.4675255
p 228 158 84.85523 3.7008858
p 229 159 84.16871 3.3645782
p 230 160 83.39709 1.621315
p 231 161 82.46473 3.4313507
p 231 162 81.50501 -1.1782074
p 232 163 80.3265 -3.3524895
p 233 164 79.62719 -0.4221611
p 234 165 79.02711 -0.18780899
p 233 166 78.597565 4.814972
p 234 167 77.875046 1.5329247
p 235 168 77.321205 -2.2834282
p 236 169 76.744026 -1.210949
p 235 170 76.17379 0.09681702
p 234 171 75.713425 0.11100769
p 235 172 75.10637 2.5296211
p 236 173 74.506805 5.3112297
p 237 174 74.03799 4.153988
p 238 175 73.590355 5.008671
p 239 176 73.17634 5.93388

c 79 3.261673
p 208 56 54.122623 -0.017539978
p 209 55 53.806557 0.038887024
p 209 54 53.539562 -0.07157326
p 210 53 53.30146 -0.08805084
p 211 52 53.05435 -0.0049381256
p 211 51 52.807228 -0.09799385
p 211 50 52.73617 -0.029287338
p 211 49 52.584427 0.047834396
p 212 48 52.41129 -0.06867409
p 212 47 52.2774 -0.09005356
p 213 46 52.113163 0.010820389
p 212 45 51.99195 -0.045930862
p 213 44 51.91507 0.04244995
p 214 43 51.77064 -0.11662102
p 215 42 51.716106 -0.134552
p 215 41 51.581306 -0.059015274
p 216 40 51.502876 -0.09486961
p 217 39 51.33474 -0.0575943
p 218 38 51.229282 0.05413246
p 218 37 51.179012 -0.056106567
p 217 36 51.129185 0.0129852295
p 218 35 51.058945 -0.0026054382
p 217 34 50.919464 -0.1821289
p 216 33 50.900433 -0.01919365
p 215 32 50.86095 -0.056207657
p 214 33 50.86095 -0.14952278

c 80 14.357986
p 208 77 65.94042 -0.5878258
p 209 76 65.376785 1.6682701
p 210 75 64.642586 -1.5058136
p 209 74 64.01384 -0.3215065
p 210 73 63.364758 -3.091362
p 211 72 62.71021 -5.2072983
p 212 71 62.171173 -5.194481
p 213 70 61.584187 -4.658127
p 214 69 60.91392 -2.3444061
p 215 68 60.2934 0.56368065
p 216 67 59.677197 -2.5070171
p 215 66 59.038063 0.7661438
p 216 65 58.392357 4.2092323
p 217 64 57.791245 4.622101
p 218 63 57.279873 5.2331276
p 219 62 56.740036 -0.0039196014
p 218 61 56.245792 -0.46994781
p 219 60 55.739803 -0.2359848
p 219 59 55.241966 0.011339188
p 219 58 54.906834 -0.058496475
p 220 57 54.552624 0.08416748
p 220 56 54.19296 -0.021438599
p 219 55 53.930984 -0.046533585
p 220 54 53.62733 -0.036016464
p 219 53 53.26735 -0.15258026
p 220 52 53.20218 0.21743202
p 219 51 52.96309 0.008617401
p 218 50 52.767998 0.08143997
p 219 49 52.53907 -0.12703514
p 220 48 52.446323 -0.08716202
p 220 47 52.243393 -0.11107063
p 219 46 52.082283 0.030118942
p 218 45 51.948742 -0.0747776
p 217 44 51.85776 0.012794495
p 217 43 51.73804 -0.11767578
p 218 42 51.64375 0.0016899109
p 217 41 51.582436 -0.042339325

c 81 48.33264
p 211 113 98.76078 -1.3360062
p 212 112 97.88088 -2.469017
p 213 111 96.45047 -2.6599007
p 214 110 95.303055 -1.9738731
p 215 109 94.56965 -2.3800507
p 216 108 93.83846 0.11774826
p 217 107 93.13707 1.8233643
p 218 106 91.81643 0.7869797
p 219 105 90.99074 2.2961578
p 220 104 90.37578 3.066433
p 221 103 89.776535 3.2429466
p 222 102 89.12901 3.606598
p 223 101 88.16563 3.5432816
p 224 100 87.470566 3.4365044
p 225 99 86.77916 4.9700203
p 226 98 86.122215 2.4592476
p 227 97 85.32026 3.2413902
p 228 96 84.64617 3.3529892
p 229 95 83.98167 2.1330414
p 230 94 83.36689 2.6131287
p 231 93 82.744545 4.0931892
p 232 92 82.10235 6.278946
p 233 91 81.46797 5.1685486
p 234 90 80.80286 8.009495
p 235 89 80.09811 6.4688797
p 236 88 79.39716 7.3292923
p 237 87 78.90813 6.8543854
p 238 86 77.89876 3.613083
p 239 85 77.15894 4.8899536
p 240 84 76.73293 4.8915825
p 241 83 75.807014 3.1015396
p 242 82 75.212166 3.4015427
p 243 81 74.740295 1.6693764
p 244 80 73.742096 1.2746582
p 245 79 73.090546 1.2913818
p 246 78 72.231255 -0.7417793
p 247 79 71.36999 5.778923
p 248 78 70.4878 3.6066284
p 249 78 70.10672 6.200371
p 250 77 69.537224 5.0069275
p 251 76 68.995895 8.384163
p 252 75 68.4443 9.234547
p 253 74 67.87124 6.319214
p 252 73 67.25079 7.397728
p 252 72 66.62592 5.597866
p 252 71 66.06301 8.716015
p 253 70 65.50967 15.765244
p 254 69 64.95363 0.41913605
p 254 68 64.44376 4.188652
p 255 67 62.202034 -1.6822205
p 254 66 61.86937 5.3403244
p 253 65 61.307426 3.7487736
p 252 64 60.541058 0.08106232
p 252 63 59.9916 -0.023332596
p 253 62 59.42316 -0.13059235
p 252 61 58.849556 -0.04536438
p 252 60 58.175716 -0.12369156
p 251 59 57.785618 0.053899765
p 250 58 57.10606 0.056394577
p 250 57 56.580715 0.06620026
p 251 56 56.1023 0.026205063
p 250 55 55.600536 -0.07390404
p 251 54 55.12542 0.050813675
p 252 53 54.584908 -0.108572006
p 252 52 54.17355 0.026870728
p 253 51 53.790527 -0.061632156
p 253 50 53.395 0.023992538
p 252 49 53.032467 -0.069229126
p 253 48 52.749508 -0.02226448
p 254 47 52.462852 0.22819519
p 255 46 52.149685 -0.100688934
p 255 45 52.037537 0.102077484
p 255 44 51.819298 -0.07570267
p 255 43 51.652256 -0.02520752
p 255 42 51.545624 -0.1338005
p 255 41 51.34507 -0.12789536
p 254 40 51.330685 -0.15976334
p 255 39 51.19813 0.06401825
p 255 38 51.19813 0.12504196
p 254 37 51.125553 -0.0064468384
p 253 36 51.049984 -0.038251877
p 252 35 50.96497 -0.042497635
p 251 34 50.84319 0.011148453
p 251 33 50.792023 -0.07493591
p 252 32 50.751247 -0.0015735626
p 252 31 50.734436 0.048244476
p 253 30 50.66833 -0.04106903
p 254 29 50.57363 -0.0047187805
p 255 28 50.42814 -0.06116867
p 255 27 50.42814 0.04837036

c 82 1.4662933
p 212 228 50.3737 -0.06571579
p 213 227 50.431736 -0.055374146
p 214 227 50.44883 0.01944542
p 215 226 50.44883 -0.003791809
p 214 225 50.51979 -0.0013046265
p 213 224 50.57586 -0.099349976
p 214 223 50.699913 0.010587692
p 214 222 50.74866 -0.063596725
p 214 221 50.74866 0.0076084137
p 213 220 50.916428 -0.055900574
p 213 219 50.992867 0.020540237
p 214 218 51.005512 -0.19585037
p 215 217 51.136314 -0.012022018
p 216 216 51.246544 -0.013179779
p 215 215 51.314953 -0.11618996
p 216 215 51.347115 0.047540665
p 215 214 51.51035 -0.076654434
p 215 213 51.53947 -0.15289497
p 214 212 51.711987 0.026136398
p 215 211 51.839993 -0.024646759

c 83 12.881504
p 216 69 61.055058 1.7004318
p 217 70 61.695995 4.0390015
p 218 71 65.17321 3.6858788
p 218 72 66.16783 2.763317
p 217 73 66.885826 -0.93361664
p 218 74 67.36832 4.9876823
p 218 75 67.58523 3.5453606
p 217 76 68.518654 3.4756508
p 218 77 68.855415 -1.572628
p 219 78 69.23041 -5.859684
p 220 79 69.81604 -4.642082
p 221 80 70.519295 -2.2452545
p 220 81 70.91691 -3.2910767
p 219 82 71.527885 -4.951168
p 218 83 73.93656 -2.7170906

c 84 22.901634
p 216 96 87.90491 -3.023304
p 217 95 87.17799 -0.72117996
p 218 94 86.44402 0.6927948
p 219 93 85.80285 -0.69008636
p 220 92 85.197975 -1.0809898
p 221 91 84.41136 -1.170723
p 222 90 83.847694 0.49916077
p 223 89 83.0671 1.3490257
p 224 88 82.44953 2.2910233
p 225 87 81.84118 2.0052834
p 226 86 81.271416 2.7559052
p 227 85 80.73533 6.5070343
p 228 84 80.0696 5.2266464
p 229 83 79.48702 6.1586533
p 230 82 78.88939 3.8997688
p 231 82 78.35276 4.3862915
p 232 82 77.73757 5.0365715
p 233 81 77.12214 7.8792152
p 234 80 76.49623 6.3661194
p 235 79 75.879974 5.658146
p 236 78 75.260864 5.3238106
p 237 77 74.66424 6.012596
p 238 76 74.08171 6.478451
p 239 75 73.50203 8.177616
p 240 74 72.8933 6.4196243
p 241 73 72.22316 -0.7716789
p 242 74 71.63919 0.38152695
p 243 73 70.955986 6.621788
p 244 72 70.21923 12.719345
p 245 71 69.41872 6.9996986
p 246 70 68.80064 4.3092804
p 247 71 68.23305 3.1278343
p 248 70 67.677826 2.1657333
p 249 71 67.109406 1.4004631
p 250 70 66.58169 1.2273865
p 251 71 66.08126 3.3267555
p 252 70 65.57514 7.7279587
p 253 69 65.00327 16.631905

c 85 1.6273727
p 216 232 50.26738 -0.003894806
p 217 231 50.32838 -0.100824356
p 218 230 50.3633 -0.045282364
p 218 229 50.394276 -0.11246681
p 218 228 50.417633 -0.08783722
p 219 227 50.47833 0.08155823
p 218 226 50.47833 -0.023294449
p 219 225 50.589447 -0.12693787
p 219 224 50.682472 -0.08455849
p 220 223 50.699505 -0.099658966
p 221 222 50.788364 -0.03486061
p 222 221 50.834526 0.046564102
p 221 220 50.839195 -0.09962273
p 221 219 50.952473 -0.04228592
p 221 218 51.043423 -0.06451607
p 221 217 51.121887 0.08957863
p 222 216 51.235153 0.013557434
p 222 215 51.403564 -0.048179626
p 222 214 51.430336 -0.17383575
p 223 213 51.6789 0.11951256
p 222 212 51.894753 -0.104278564

c 86 27.584702
p 221 115 98.26657 0.10886383
p 222 114 97.541626 -0.42517853
p 223 113 96.689735 -0.56731796
p 222 112 95.665665 1.7368011
p 223 111 94.62864 0.81217194
p 224 110 93.798004 1.2628365
p 225 109 92.89719 0.08683014
p 226 108 91.88154 1.2144699
p 227 107 90.77359 1.3955498
p 228 106 89.784706 2.2518501
p 229 105 89.01182 2.9901848
p 230 105 88.45729 4.1663933
p 231 104 88.10344 4.19923
p 232 103 87.41982 1.9674263
p 233 102 86.176254 2.7529297
p 234 101 85.85261 1.5011253
p 235 100 84.859474 1.293457
p 236 99 84.21728 2.1141129
p 237 98 83.52394 -0.7963104
p 236 97 82.944016 0.7071724
p 237 96 82.47871 -1.1925812
p 238 95 81.893 -1.5432854
p 239 94 81.094246 -2.4219322
p 240 93 80.5021 1.6569557
p 241 93 79.99679 0.7965927
p 242 92 79.10012 1.9791107
p 243 92 78.781296 3.128769
p 244 91 78.20266 4.0987587
p 245 90 77.59791 8.011105
p 246 89 76.94651 9.949905
p 247 88 76.26828 6.124943
p 248 87 75.644066 3.5019188
p 249 86 75.00936 0.21812057
p 249 85 74.47281 2.7012825
p 250 84 73.798454 1.0395241
p 250 83 73.16882 -0.10285187
p 251 82 72.53868 3.3599014
p 250 81 71.97367 1.7232857
p 249 80 71.27225 0.37550354
p 250 79 70.68187 1.0052681

c 87 29.139969
p 224 141 94.406456 -2.0828018
p 225 142 93.30282 -2.277504
p 226 143 92.77552 -1.6459427
p 227 144 92.173454 -1.1941643
p 228 145 91.55914 -1.2429085
p 229 146 90.997665 -0.49035263
p 230 147 90.350624 0.20005035
p 231 148 89.471756 1.0893478
p 232 149 88.883934 0.98472214
p 231 150 88.17673 4.774048
p 232 151 87.55102 4.899536
p 233 152 86.940125 -0.9369545
p 232 153 86.33972 2.526783
p 233 154 85.642105 1.7300186
p 234 155 85.09228 2.1165352
p 235 156 84.35247 4.11792
p 236 157 83.87552 -1.0482788
p 235 158 83.15211 0.5999794
p 236 159 82.55316 2.7667809
p 237 160 81.90764 1.0243797
p 238 161 81.187126 0.11924362
p 237 162 80.57048 -1.8091774
p 238 163 79.92166 -1.7414398
p 239 164 79.30356 2.3153305
p 240 165 78.71769 5.7180634
p 241 166 78.105354 7.245762
p 242 167 77.55071 7.67733
p 243 168 77.13197 1.7445755
p 242 169 76.458466 2.4117966
p 243 170 75.90003 5.610546
p 244 171 75.3655 3.8426323
p 245 172 74.65108 0.0048065186
p 246 173 73.9734 -1.9515457
p 247 174 73.26881 -2.2445793
p 248 175 72.60742 3.7551193
p 249 175 72.36146 4.50782
p 250 176 71.618805 5.138363
p 251 177 70.92625 5.420532
p 252 178 70.568184 4.9267044
p 253 179 70.14193 9.153519
p 254 180 69.76943 0.053756714
p 253 181 69.52818 17.220078
p 252 182 66.70231 0.29836655
p 252 183 66.32601 5.2422523
p 251 184 65.69135 0.60459137
p 252 185 65.26649 8.241005

c 88 1.4011383
p 226 47 52.25485 -0.0018291473
p 227 46 52.15429 0.0035305023
p 227 45 52.018597 -0.092695236
p 227 44 51.939995 -0.13059807
p 227 43 51.802677 -0.19750404
p 228 42 51.61468 0.057052612
p 227 41 51.523144 0.1015625
p 227 40 51.42601 -0.079250336
p 228 39 51.38947 0.11984444
p 229 38 51.18617 -0.11484909
p 228 37 51.17876 0.09562683
p 227 36 51.065422 -0.030820847
p 227 35 50.99848 0.05768013
p 228 34 50.8911 -0.017490387
p 228 33 50.8911 -0.05870056
p 229 32 50.85371 -0.048646927
p 230 32 50.85371 -0.13805008

c 89 1.3930855
p 229 215 51.29629 -0.050899506
p 230 216 51.14869 -0.102558136
p 231 216 51.11286 -0.040102005
p 232 217 51.06511 -0.069475174
p 232 218 51.059048 -0.11725998
p 232 219 50.97532 -0.041362762
p 232 220 50.904068 -0.045108795
p 233 221 50.829082 -0.08572006
p 234 222 50.774452 -0.0052814484
p 233 223 50.741287 -0.015672684
p 232 223 50.70203 -0.03930092
p 231 224 50.660957 -0.03158188
p 230 225 50.615917 -0.017169952
p 230 226 50.555183 -0.13201523
p 229 227 50.45516 0.04935074
p 230 228 50.39578 -0.029750824
p 230 229 50.39252 0.004386902
p 230 230 50.36512 -0.0666275
p 230 231 50.360245 0.0040836334
p 229 232 50.313396 0.032974243
p 230 233 50.282467 -0.10710144
p 230 234 50.282467 -0.007890701
p 231 235 50.22315 -0.018989563
p 232 236 50.1908 -0.13875961
p 233 237 50.174614 -0.11924553
p 233 238 50.174614 -0.0785408
p 232 239 50.13718 0.020973206
p 233 240 50.11249 -0.05417633
p 234 240 50.111267 -0.054868698
p 235 241 50.111267 -0.11064911
p 235 242 50.105408 -0.109651566
p 236 243 50.091743 0.040124893
p 237 242 50.059246 0.018867493
p 238 243 50.046886 -0.04600334
p 239 244 50.01978 -0.015361786
p 240 245 50.01978 -0.09260559
p 241 246 49.990906 -0.06869125
p 241 247 49.970192 -0.037612915
p 241 248 49.953392 -0.033180237
p 240 249 49.903206 -0.041639328
p 241 249 49.903206 -0.06955147

c 90 0.6793785
p 234 37 51.091293 -0.09243584
p 235 36 51.05627 -0.108730316
p 236 35 50.99972 0.013069153
p 236 34 50.884182 0.014022827
p 237 33 50.861874 -0.018331528
p 238 32 50.689568 -0.13648605
p 237 31 50.658108 0.053497314
p 238 30 50.588436 -0.010890961
p 237 29 50.568516 0.009975433
p 238 28 50.568516 0.07874298
p 237 27 50.544884 -0.07216835
p 237 26 50.538857 -0.1051445
p 236 25 50.496574 0.0064086914
p 235 24 50.411915 -0.08897209
p 235 23 50.411915 -0.022888184

c 91 7.4735794
p 238 105 86.82953 -2.6216583
p 239 104 86.16951 -1.8602142
p 240 103 85.52942 -1.7797089
p 241 102 84.98679 -1.3976288
p 242 101 84.375374 0.02607727
p 243 100 83.761566 0.37758636
p 244 99 83.122696 1.1419754
p 245 98 82.477776 0.91130066
p 246 97 81.8577 1.5275803
p 245 96 81.20577 1.569149
p 244 95 80.57581 -0.6199455
p 245 94 79.95113 3.2423058
p 244 93 79.35595 1.4923592

c 92 21.73249
p 239 139 94.63527 -0.23913956
p 240 140 93.90455 -1.4196701
p 241 141 93.03717 -1.6196022
p 242 142 92.50393 -0.82759476
p 243 143 91.85727 -0.9351883
p 242 144 91.2412 1.6902084
p 243 145 90.690895 2.297905
p 244 146 90.059044 2.077629
p 245 147 89.52799 2.4007645
p 246 148 88.88066 2.7094994
p 247 149 88.11807 0.45480728
p 247 150 87.456856 2.8229637
p 247 151 86.98552 3.6916847
p 248 152 86.16886 3.4410896
p 249 153 85.5669 1.0925751
p 250 154 85.01484 -0.8606262
p 251 155 84.37628 -0.7581825
p 250 156 83.75405 1.5526314
p 251 157 83.12254 1.4020157
p 252 158 82.475784 1.6328583
p 253 159 81.83996 6.3834763
p 252 160 81.25563 2.201126
p 253 161 80.69595 6.780098
p 252 162 80.05171 0.3747406
p 253 163 79.46216 3.2913895
p 252 164 78.873 4.126339
p 251 165 78.28252 3.7835922
p 250 166 77.69702 2.3136902
p 249 167 77.120834 -0.50281143
p 250 168 76.52541 3.3424263
p 251 169 75.9165 -0.70347977
p 250 170 75.29338 2.8945503
p 251 171 74.71214 3.7219543
p 252 172 74.09609 5.739853
p 251 173 73.491394 4.8899155
p 250 174 72.90278 2.5077324

c 93 8.589172
p 242 103 85.664 -1.2423553
p 243 104 86.259544 -1.8393784
p 244 105 86.90327 -4.517681
p 245 106 87.611534 -4.588421
p 246 107 88.34049 -2.39711
p 245 108 89.03466 2.0303001
p 246 109 89.87711 1.4636917
p 245 110 90.724236 -1.425003
p 244 111 91.44115 -3.9792175
p 243 112 92.512764 -6.239994
p 242 113 94.253174 -3.7729912

c 94 1.665081
p 242 222 50.720848 -0.110967636
p 243 221 50.78629 -0.08123016
p 244 220 50.837727 -0.027067184
p 243 219 50.996246 -0.14783859
p 243 218 50.99973 -0.1721859
p 244 217 51.158142 0.019483566
p 244 216 51.382156 -0.09036636
p 244 215 51.428795 0.034347534
p 243 214 51.428795 -0.08317566
p 243 213 51.654682 0.059570312
p 244 212 51.930058 0.11504555
p 245 211 52.14965 -0.13075066
p 244 210 52.38593 0.038114548

c 95 0.9266014
p 245 38 51.213333 -0.019584656
p 246 37 51.099022 0.03306961
p 246 36 50.96293 -0.07220459
p 247 35 50.89895 -0.103487015
p 248 34 50.872585 -0.022483826
p 249 33 50.789703 -0.10035324
p 248 32 50.786484 0.025093079
p 249 31 50.68776 -0.16999626
p 250 31 50.67629 -0.10909271
p 251 30 50.67629 0.008867264
p 251 29 50.62065 -0.022083282
p 250 28 50.54501 -0.07118797
p 251 27 50.46919 -0.10023689
p 250 26 50.435894 0.017522812
p 251 25 50.407036 0.019611359
p 250 24 50.398804 0.025222778
p 250 23 50.310143 -0.010784149
p 251 22 50.28673 -0.017837524
p 252 21 50.28673 -0.124736786

avg 15.373936
end